10500 5.27968
12500 5.27983
12800 5.27929
13100 5.27908
13400 5.27939
13700 5.27957
14040 5.27938
14360 5.27917
14600 5.2792
14900 5.27938
15330 5.27927
15650 5.2793
15970 5.27943
16370 5.27942
16730 5.27936
17070 5.27939
17690 5.27927
18710 5.27938
19430 5.27947
19810 5.27932
20110 5.27933
20410 5.27939
20670 5.27939
20870 5.27943
21070 5.27949
21300 5.27937
21540 5.27925
21720 5.27926
21940 5.27958
22180 5.2797
22360 5.27954
22600 5.27937
22860 5.27948
23020 5.27959
23160 5.27922
23380 5.27915
23560 5.2792
23700 5.27919
23870 5.27932
24090 5.27953
24350 5.27927
24490 5.27933
24650 5.2793
24840 5.27923
25000 5.27923
25300 5.27955
25620 5.27948
25860 5.27934
26240 5.27931
26500 5.27943
26640 5.2794
26800 5.27939
26960 5.27931
27140 5.27917
27400 5.27935
27660 5.27928
27840 5.2792
28000 5.27931
28160 5.27925
28340 5.27927
28600 5.27938
28810 5.27938
28970 5.27933
29190 5.27944
29450 5.27944
29970 5.27944
31010 5.27951
33090 5.27925
33750 5.27946
34040 5.27946
34420 5.27938
34740 5.27941
35000 5.27939
35240 5.27932
35460 5.27953
35720 5.27955
36020 5.27931
36180 5.2792
36340 5.27925
36520 5.27927
36720 5.27933
36880 5.27931
37100 5.27934
37460 5.27925
37800 5.27927
38040 5.27951
38240 5.27952
38380 5.27951
38540 5.27941
38720 5.27939
38920 5.27945
39120 5.27941
39340 5.27941
39780 5.27931
40480 5.27943
40800 5.27945
41080 5.27925
41280 5.27934
41460 5.2793
41640 5.27928
41820 5.27942
42040 5.2794
42260 5.27933
42500 5.27927
42800 5.2793
42960 5.27935
43100 5.27945
43240 5.27955
43380 5.27941
43540 5.27933
43720 5.27948
43920 5.27955
44060 5.27939
44160 5.27935
44280 5.27935
44420 5.27935
44540 5.27936
44710 5.27936
44870 5.27935
45010 5.2793
45190 5.27931
45380 5.27931
45660 5.27929
45920 5.27939
46080 5.27944
46240 5.27945
46380 5.27936
46570 5.2793
46730 5.27935
46830 5.27927
46910 5.27924
46990 5.27928
47110 5.27936
47190 5.27947
47270 5.27943
47350 5.27928
47430 5.27933
47510 5.2795
47610 5.27928
47710 5.2792
47790 5.27936
47890 5.27959
48010 5.27946
48110 5.2796
48190 5.27949
48270 5.27933
48350 5.27941
48430 5.27927
48530 5.27928
48650 5.27938
48770 5.27927
48910 5.27915
49010 5.27923
49110 5.27935
49210 5.27952
49310 5.27949
49390 5.27959
49480 5.2796
49560 5.27957
49640 5.27956
49740 5.27946
49840 5.27937
49940 5.27944
50040 5.27941
50200 5.27932
50460 5.27924
50560 5.27934
50640 5.27934
50800 5.27934
51120 5.27934
51760 5.27934
53050 5.27892
54080 5.27889
54250 5.27881
54410 5.27896
54530 5.27899
54770 5.2795
54990 5.27954
55130 5.27954
55270 5.27944
55390 5.27943
55590 5.27942
55790 5.27939
55930 5.27936
56070 5.27934
56210 5.27926
56390 5.27916
56550 5.27888
56650 5.27891
56730 5.27879
56850 5.27882
56970 5.27893
57110 5.2789
57250 5.27886
57350 5.27903
57430 5.27897
57530 5.27892
57630 5.27895
57810 5.27913
58030 5.27897
58130 5.27906
58250 5.27929
58370 5.27935
58470 5.2794
58570 5.2792
58650 5.27908
58730 5.27913
58870 5.27913
59150 5.27925
59650 5.27931
59830 5.27918
59950 5.27909
60090 5.27914
60250 5.27909
60390 5.27918
60510 5.27922
60630 5.27889
60750 5.27879
60890 5.27893
61090 5.27888
61330 5.27897
61670 5.27889
62030 5.27906
62240 5.27908
62380 5.27886
62540 5.27872
62740 5.27865
62880 5.27851
63020 5.27835
63240 5.27828
63610 5.27829
63850 5.27845
63970 5.27832
64070 5.27827
64190 5.27832
64270 5.27832
64350 5.27826
64510 5.27846
64730 5.27853
64910 5.27838
65050 5.27838
65150 5.27843
65250 5.27833
65360 5.2782
65440 5.27817
65580 5.27806
65820 5.27806
65960 5.27808
66080 5.27837
66160 5.27831
66220 5.27807
66280 5.27789
66340 5.27802
66450 5.27824
66550 5.27811
66650 5.27804
66770 5.27814
66870 5.27816
66990 5.2782
67110 5.27812
67190 5.27817
67270 5.27817
67430 5.27816
67580 5.27838
67680 5.27824
67780 5.27824
67980 5.27824
68400 5.27824
69240 5.2782
70070 5.27817
70190 5.27811
70350 5.27797
70530 5.27796
70650 5.27794
70770 5.27797
70890 5.27804
71010 5.27808
71150 5.27795
71250 5.27788
71350 5.278
71430 5.27802
71540 5.2781
71700 5.27801
71920 5.2779
72100 5.27775
72210 5.27781
72310 5.27775
72430 5.2779
72590 5.27794
72810 5.27789
73030 5.27784
73150 5.27786
73250 5.27787
73340 5.27792
73420 5.27801
73500 5.27797
73580 5.27793
73720 5.27768
73940 5.27762
74160 5.27769
74300 5.27739
74400 5.27731
74480 5.27745
74560 5.27751
74680 5.2775
74800 5.27754
74900 5.27758
74980 5.27743
75080 5.27734
75160 5.27747
75220 5.27748
75320 5.27735
75420 5.27734
75510 5.27736
75660 5.27728
75860 5.27726
75960 5.27731
76100 5.27725
76200 5.27724
76340 5.27731
