0   1	|	0	18	3	0	5	0.00
0   2	|	7	155	16	0	16	0.18
0   3	|	1	17	6	0	6	0.08
0   4	|	4	44	7	2	6	0.21
0   5	|	0	33	3	1	5	0.00
0   6	|	0	0	0	1	0	0.00
0   7	|	0	21	5	0	15	0.00
0   8	|	0	6	1	1	7	0.00
0   9	|	1	5	6	16	11	0.03
0   10	|	1	60	8	4	9	0.05
0   12	|	0	8	5	6	9	0.00
0   13	|	1	40	13	8	31	0.02
0   14	|	0	2	0	0	2	0.00
0   15	|	0	12	4	2	7	0.00
0   17	|	0	0	1	0	1	0.00
0   18	|	0	0	0	0	1	0.00
0   22	|	0	3	3	3	11	0.00
0   23	|	0	7	0	5	10	0.00
0   24	|	0	0	0	2	3	0.00
0   28	|	0	1	0	1	3	0.00
0   29	|	0	0	1	0	1	0.00
0   30	|	0	2	0	0	4	0.00
0   32	|	0	2	2	0	2	0.00
0   33	|	0	3	2	0	2	0.00
0   34	|	0	4	1	0	6	0.00
0   35	|	0	12	1	0	3	0.00
0   36	|	0	3	5	9	3	0.00
0   37	|	1	49	5	0	9	0.07
0   38	|	0	1	0	0	0	 - 
0   39	|	0	0	1	0	1	0.00
0   40	|	0	4	10	8	21	0.00
0   41	|	0	10	6	18	37	0.00
0   42	|	0	0	0	0	1	0.00
0   43	|	0	0	0	0	1	0.00
0   44	|	0	0	1	0	0	0.00
0   52	|	0	5	0	0	4	0.00
0   53	|	0	4	0	2	3	0.00

1   1	|	4	24	5	0	6	0.27
1   2	|	3	203	30	0	21	0.06
1   3	|	1	30	4	2	12	0.05
1   4	|	2	67	14	0	8	0.08
1   5	|	1	57	6	3	9	0.05
1   6	|	0	1	0	0	1	0.00
1   7	|	2	33	9	1	26	0.05
1   8	|	0	13	1	0	8	0.00
1   9	|	0	13	7	35	25	0.00
1   10	|	6	95	11	2	16	0.17
1   12	|	0	18	5	4	22	0.00
1   13	|	1	76	18	17	38	0.01
1   14	|	0	2	0	1	4	0.00
1   15	|	1	37	7	1	17	0.04
1   16	|	0	1	0	0	1	0.00
1   17	|	0	0	1	0	0	0.00
1   18	|	0	0	0	0	2	0.00
1   22	|	0	0	4	15	23	0.00
1   23	|	1	17	5	3	23	0.03
1   24	|	0	0	0	0	3	0.00
1   28	|	0	4	2	1	3	0.00
1   29	|	0	0	1	1	0	0.00
1   30	|	0	2	0	1	2	0.00
1   32	|	0	3	1	1	2	0.00
1   33	|	0	7	1	0	4	0.00
1   34	|	1	2	5	1	13	0.05
1   35	|	0	19	4	0	8	0.00
1   36	|	0	5	2	7	11	0.00
1   37	|	3	53	9	3	16	0.10
1   38	|	0	0	0	0	1	0.00
1   39	|	0	2	0	1	2	0.00
1   40	|	1	13	17	16	30	0.02
1   41	|	0	28	13	14	61	0.00
1   43	|	0	1	1	0	1	0.00
1   44	|	0	0	0	0	1	0.00
1   52	|	0	7	2	1	4	0.00
1   53	|	0	2	0	3	7	0.00

10   1	|	25	657	87	1	81	0.13
10   2	|	2	70	4	0	8	0.14
10   3	|	46	1184	151	14	187	0.12
10   4	|	2	41	5	0	8	0.13
10   5	|	1	15	1	1	6	0.11
10   6	|	3	26	5	0	2	0.30
10   7	|	17	458	70	4	93	0.09
10   8	|	2	22	7	0	7	0.13
10   9	|	10	342	49	22	83	0.06
10   10	|	0	13	2	2	2	0.00
10   11	|	1	36	4	0	6	0.09
10   12	|	8	316	66	14	98	0.04
10   13	|	3	97	21	14	84	0.02
10   14	|	0	73	11	5	23	0.00
10   15	|	2	27	8	4	24	0.05
10   16	|	0	7	0	2	2	0.00
10   17	|	0	5	1	0	0	0.00
10   18	|	0	11	1	1	9	0.00
10   22	|	6	64	23	23	95	0.04
10   23	|	3	45	25	31	161	0.01
10   24	|	2	27	13	21	36	0.03
10   28	|	1	4	0	0	5	0.17
10   29	|	0	1	0	0	1	0.00
10   30	|	0	4	2	4	15	0.00
10   32	|	4	108	20	0	18	0.10
10   33	|	0	11	8	0	5	0.00
10   34	|	12	354	42	4	89	0.08
10   35	|	1	42	6	0	10	0.06
10   36	|	7	225	45	16	78	0.05
10   37	|	4	72	10	9	34	0.07
10   38	|	0	30	6	1	8	0.00
10   39	|	1	26	3	1	5	0.10
10   40	|	4	200	46	17	87	0.03
10   41	|	32	623	115	43	292	0.07
10   42	|	8	96	37	8	69	0.07
10   43	|	2	38	14	2	19	0.05
10   44	|	1	20	1	0	4	0.17
10   48	|	3	38	33	21	82	0.02
10   49	|	0	7	1	2	11	0.00
10   50	|	0	1	1	2	6	0.00
10   52	|	0	12	7	15	34	0.00
10   53	|	1	30	14	19	93	0.01

11   1	|	40	1197	156	0	128	0.12
11   2	|	3	97	16	1	14	0.09
11   3	|	60	2066	299	21	376	0.08
11   4	|	3	47	10	1	18	0.09
11   5	|	0	27	3	2	22	0.00
11   6	|	1	55	9	0	4	0.07
11   7	|	27	888	159	16	240	0.06
11   8	|	2	27	9	0	9	0.10
11   9	|	30	726	129	29	178	0.08
11   10	|	1	12	6	3	10	0.05
11   11	|	4	73	11	0	3	0.22
11   12	|	18	593	93	32	278	0.04
11   13	|	7	168	43	20	197	0.03
11   14	|	6	144	24	6	58	0.06
11   15	|	6	74	23	4	92	0.05
11   16	|	0	12	0	0	1	0.00
11   17	|	0	8	1	0	1	0.00
11   18	|	1	27	4	4	27	0.03
11   22	|	5	142	71	53	493	0.01
11   23	|	6	93	81	63	765	0.01
11   24	|	6	93	43	33	253	0.02
11   28	|	1	7	0	1	24	0.04
11   29	|	0	2	1	2	7	0.00
11   30	|	0	12	5	4	43	0.00
11   32	|	6	185	34	5	71	0.05
11   33	|	1	25	2	0	6	0.11
11   34	|	23	696	109	8	236	0.06
11   35	|	7	70	19	3	46	0.09
11   36	|	24	416	84	32	204	0.07
11   37	|	8	130	26	11	155	0.04
11   38	|	2	51	6	1	10	0.11
11   39	|	1	42	7	3	27	0.03
11   40	|	7	390	86	20	270	0.02
11   41	|	52	1280	288	83	781	0.04
11   42	|	13	199	69	15	400	0.03
11   43	|	5	81	18	4	70	0.05
11   44	|	1	54	13	0	24	0.03
11   48	|	7	127	70	53	742	0.01
11   49	|	0	3	7	9	103	0.00
11   50	|	0	3	7	6	41	0.00
11   52	|	0	27	20	15	221	0.00
11   53	|	2	66	58	30	507	0.00

12   1	|	29	891	114	3	120	0.11
12   2	|	1	64	5	0	7	0.08
12   3	|	69	1566	209	26	216	0.13
12   4	|	0	38	4	0	7	0.00
12   5	|	1	19	2	3	6	0.08
12   6	|	1	29	6	1	3	0.09
12   7	|	41	648	104	11	177	0.12
12   8	|	0	14	5	0	12	0.00
12   9	|	14	505	78	21	117	0.06
12   10	|	0	11	1	3	6	0.00
12   11	|	1	54	8	0	5	0.07
12   12	|	15	399	73	29	229	0.04
12   13	|	3	74	27	11	198	0.01
12   14	|	0	82	18	2	53	0.00
12   15	|	1	27	12	5	76	0.01
12   16	|	0	8	0	0	2	0.00
12   17	|	0	2	2	0	7	0.00
12   18	|	0	8	1	1	22	0.00
12   22	|	8	81	41	33	325	0.02
12   23	|	3	30	54	43	589	0.00
12   24	|	2	62	24	22	263	0.01
12   28	|	0	2	3	1	22	0.00
12   29	|	0	5	0	0	8	0.00
12   30	|	0	3	1	1	32	0.00
12   32	|	1	125	22	16	66	0.01
12   33	|	0	15	5	0	8	0.00
12   34	|	14	491	74	18	170	0.05
12   35	|	1	34	13	3	60	0.01
12   36	|	14	289	45	20	166	0.06
12   37	|	3	64	22	12	109	0.02
12   38	|	1	28	5	3	4	0.08
12   39	|	1	25	3	3	18	0.04
12   40	|	8	250	51	23	218	0.03
12   41	|	42	853	200	63	623	0.05
12   42	|	3	83	40	27	332	0.01
12   43	|	4	55	14	6	107	0.03
12   44	|	1	29	5	1	11	0.06
12   48	|	2	45	38	23	438	0.00
12   49	|	0	8	7	7	96	0.00
12   50	|	0	5	0	0	40	0.00
12   52	|	0	4	15	5	161	0.00
12   53	|	2	28	35	21	423	0.00

13   1	|	8	232	41	4	34	0.09
13   2	|	1	15	3	2	2	0.13
13   3	|	19	395	77	20	91	0.09
13   4	|	2	13	1	2	4	0.22
13   5	|	0	7	3	1	10	0.00
13   6	|	0	12	3	2	1	0.00
13   7	|	9	165	35	16	100	0.06
13   8	|	0	9	1	1	7	0.00
13   9	|	2	132	40	13	70	0.02
13   10	|	0	10	4	1	8	0.00
13   11	|	0	12	0	1	5	0.00
13   12	|	3	99	30	23	152	0.01
13   13	|	3	58	18	17	133	0.02
13   14	|	0	30	11	7	30	0.00
13   15	|	0	14	13	8	74	0.00
13   16	|	0	2	1	1	2	0.00
13   17	|	0	0	0	0	3	0.00
13   18	|	0	4	5	4	15	0.00
13   22	|	2	18	22	29	274	0.01
13   23	|	0	22	51	46	569	0.00
13   24	|	4	20	25	15	191	0.02
13   28	|	0	1	0	2	17	0.00
13   29	|	0	1	1	1	7	0.00
13   30	|	0	2	1	0	31	0.00
13   32	|	1	44	13	9	35	0.02
13   33	|	0	8	0	3	4	0.00
13   34	|	2	149	33	13	114	0.01
13   35	|	0	35	11	3	39	0.00
13   36	|	8	79	17	23	110	0.05
13   37	|	3	42	29	13	124	0.02
13   38	|	0	7	1	1	6	0.00
13   39	|	1	5	4	1	35	0.02
13   40	|	4	69	34	10	156	0.02
13   41	|	10	232	86	75	449	0.02
13   42	|	2	57	52	25	347	0.00
13   43	|	0	16	11	6	58	0.00
13   44	|	1	8	3	0	11	0.07
13   48	|	0	22	32	15	378	0.00
13   49	|	0	5	9	4	99	0.00
13   50	|	2	2	2	0	36	0.05
13   52	|	2	9	13	7	135	0.01
13   53	|	1	10	19	13	299	0.00

14   1	|	1	151	18	2	23	0.02
14   2	|	0	6	0	1	2	0.00
14   3	|	11	297	35	8	86	0.08
14   4	|	0	7	0	1	2	0.00
14   5	|	0	3	1	0	5	0.00
14   6	|	0	9	2	1	2	0.00
14   7	|	7	107	27	8	93	0.05
14   8	|	0	0	1	1	7	0.00
14   9	|	4	79	18	9	66	0.04
14   10	|	0	2	3	1	6	0.00
14   11	|	0	10	5	0	2	0.00
14   12	|	5	89	17	14	151	0.03
14   13	|	1	20	14	5	146	0.01
14   14	|	2	23	3	0	31	0.06
14   15	|	0	14	4	7	68	0.00
14   16	|	0	2	0	1	0	0.00
14   17	|	0	0	0	1	4	0.00
14   18	|	0	2	0	2	30	0.00
14   22	|	1	22	23	10	308	0.00
14   23	|	0	23	34	23	637	0.00
14   24	|	2	23	21	13	195	0.01
14   28	|	0	1	0	2	15	0.00
14   29	|	0	0	0	1	6	0.00
14   30	|	0	1	2	0	17	0.00
14   32	|	1	38	16	1	48	0.02
14   33	|	1	4	2	1	5	0.11
14   34	|	5	106	31	7	86	0.04
14   35	|	0	12	4	1	41	0.00
14   36	|	3	69	17	12	97	0.02
14   37	|	1	27	10	12	114	0.01
14   38	|	0	6	1	0	7	0.00
14   39	|	2	9	2	1	19	0.08
14   40	|	0	52	24	13	138	0.00
14   41	|	8	193	80	32	431	0.01
14   42	|	4	39	26	13	384	0.01
14   43	|	0	18	4	6	69	0.00
14   44	|	0	4	3	1	8	0.00
14   48	|	2	11	41	18	486	0.00
14   49	|	0	4	7	2	113	0.00
14   50	|	0	3	2	2	40	0.00
14   52	|	0	4	6	3	146	0.00
14   53	|	2	16	20	14	287	0.01

15   1	|	1	58	8	0	8	0.06
15   2	|	0	3	0	0	1	0.00
15   3	|	5	91	13	0	13	0.16
15   5	|	0	1	0	0	1	0.00
15   6	|	0	1	1	0	0	0.00
15   7	|	1	38	8	0	3	0.08
15   9	|	1	30	2	1	8	0.08
15   10	|	0	0	0	0	1	0.00
15   11	|	0	2	0	0	2	0.00
15   12	|	0	26	6	2	5	0.00
15   13	|	0	5	1	2	3	0.00
15   14	|	0	6	0	1	0	0.00
15   15	|	0	3	0	0	1	0.00
15   16	|	0	0	0	0	1	0.00
15   18	|	0	0	0	0	1	0.00
15   22	|	0	5	2	4	6	0.00
15   23	|	0	1	0	3	5	0.00
15   24	|	0	2	2	2	1	0.00
15   30	|	0	0	1	0	1	0.00
15   32	|	0	7	2	0	1	0.00
15   33	|	0	2	0	0	0	 - 
15   34	|	1	20	0	0	7	0.13
15   35	|	0	3	0	0	3	0.00
15   36	|	0	13	2	0	4	0.00
15   37	|	0	6	1	0	3	0.00
15   38	|	0	1	0	0	0	 - 
15   39	|	0	0	1	0	0	0.00
15   40	|	1	10	3	2	5	0.09
15   41	|	3	40	7	1	12	0.13
15   42	|	0	5	0	1	4	0.00
15   43	|	1	2	1	0	1	0.33
15   44	|	0	2	0	0	0	 - 
15   48	|	0	5	0	3	3	0.00
15   49	|	0	0	1	0	1	0.00
15   50	|	0	0	0	0	1	0.00
15   52	|	0	3	0	0	4	0.00
15   53	|	0	2	1	0	6	0.00

16   1	|	10	152	22	2	27	0.16
16   2	|	0	12	0	0	7	0.00
16   3	|	10	291	52	7	87	0.06
16   4	|	1	34	2	2	14	0.05
16   5	|	1	12	4	5	17	0.04
16   6	|	0	5	1	1	2	0.00
16   7	|	9	142	46	9	111	0.05
16   8	|	0	45	4	0	33	0.00
16   9	|	1	111	30	21	125	0.01
16   10	|	0	27	9	3	26	0.00
16   11	|	0	8	2	1	0	0.00
16   12	|	4	122	52	21	248	0.01
16   13	|	8	242	75	37	333	0.02
16   14	|	2	32	8	6	42	0.03
16   15	|	3	50	21	16	118	0.02
16   16	|	0	3	0	0	6	0.00
16   17	|	0	1	0	1	6	0.00
16   18	|	0	6	5	4	29	0.00
16   22	|	3	62	68	41	478	0.01
16   23	|	7	199	137	121	932	0.01
16   24	|	4	43	37	20	229	0.01
16   28	|	0	4	6	5	41	0.00
16   29	|	0	1	2	3	14	0.00
16   30	|	0	10	9	5	38	0.00
16   32	|	4	38	14	0	35	0.08
16   33	|	0	32	5	1	12	0.00
16   34	|	5	126	42	8	137	0.03
16   35	|	1	111	32	7	111	0.01
16   36	|	4	97	34	17	193	0.02
16   37	|	10	266	58	26	257	0.03
16   38	|	0	12	4	1	7	0.00
16   39	|	2	18	8	0	24	0.06
16   40	|	2	108	54	35	276	0.01
16   41	|	14	316	148	82	801	0.01
16   42	|	14	380	136	42	542	0.02
16   43	|	6	31	10	9	113	0.04
16   44	|	0	8	3	1	14	0.00
16   48	|	4	66	76	46	684	0.00
16   49	|	2	15	19	4	107	0.02
16   50	|	0	2	3	5	33	0.00
16   52	|	1	44	34	20	246	0.00
16   53	|	3	95	64	39	586	0.00

17   1	|	1	19	1	0	3	0.20
17   2	|	0	4	0	0	1	0.00
17   3	|	3	53	2	0	9	0.21
17   4	|	0	3	0	1	0	0.00
17   5	|	0	1	0	1	1	0.00
17   6	|	0	1	0	0	0	 - 
17   7	|	1	27	2	0	6	0.11
17   8	|	0	5	0	0	0	 - 
17   9	|	0	19	4	3	3	0.00
17   10	|	0	7	1	0	0	0.00
17   11	|	0	3	1	0	0	0.00
17   12	|	1	22	5	4	14	0.04
17   13	|	0	35	8	3	13	0.00
17   14	|	0	9	0	1	2	0.00
17   15	|	0	5	0	1	3	0.00
17   17	|	0	1	0	0	0	 - 
17   18	|	0	1	0	0	0	 - 
17   22	|	1	7	5	7	20	0.03
17   23	|	0	13	7	8	39	0.00
17   24	|	0	3	1	2	6	0.00
17   28	|	0	0	0	1	1	0.00
17   29	|	0	0	0	0	1	0.00
17   30	|	0	1	0	0	1	0.00
17   32	|	0	5	1	0	1	0.00
17   33	|	0	1	1	0	0	0.00
17   34	|	1	21	4	1	13	0.05
17   35	|	0	14	3	0	4	0.00
17   36	|	1	15	2	0	10	0.08
17   37	|	1	24	2	2	12	0.06
17   38	|	0	6	0	1	3	0.00
17   39	|	0	3	2	1	0	0.00
17   40	|	0	11	3	5	11	0.00
17   41	|	0	33	12	9	28	0.00
17   42	|	2	28	13	3	22	0.05
17   43	|	0	3	0	0	1	0.00
17   44	|	0	2	0	0	2	0.00
17   48	|	0	4	4	7	20	0.00
17   49	|	0	4	0	0	2	0.00
17   50	|	0	0	0	1	0	0.00
17   52	|	0	9	2	3	6	0.00
17   53	|	0	8	4	1	23	0.00

18   1	|	2	56	3	0	5	0.20
18   2	|	0	2	1	0	0	0.00
18   3	|	2	81	14	1	18	0.06
18   4	|	1	6	0	0	0	1.00
18   5	|	0	0	0	0	1	0.00
18   6	|	0	6	0	0	0	 - 
18   7	|	2	29	6	1	5	0.14
18   8	|	0	1	0	0	0	 - 
18   9	|	0	35	6	2	4	0.00
18   10	|	0	1	1	0	1	0.00
18   11	|	0	6	0	0	0	 - 
18   12	|	0	26	3	1	13	0.00
18   13	|	0	3	2	0	2	0.00
18   14	|	0	8	2	0	1	0.00
18   15	|	0	1	0	0	1	0.00
18   16	|	0	1	0	0	1	0.00
18   18	|	0	1	0	0	0	 - 
18   22	|	1	2	6	3	5	0.07
18   23	|	0	3	2	1	7	0.00
18   24	|	0	3	0	0	3	0.00
18   28	|	0	0	0	0	1	0.00
18   29	|	0	0	0	0	1	0.00
18   30	|	0	1	0	0	0	 - 
18   32	|	1	8	1	0	2	0.25
18   33	|	0	1	0	0	0	 - 
18   34	|	2	18	2	1	4	0.22
18   35	|	0	2	0	0	2	0.00
18   36	|	0	18	1	2	4	0.00
18   37	|	0	4	1	1	1	0.00
18   38	|	0	1	0	0	0	 - 
18   39	|	0	0	1	0	0	0.00
18   40	|	0	14	3	1	4	0.00
18   41	|	4	53	13	6	24	0.09
18   42	|	0	8	1	0	12	0.00
18   43	|	0	3	1	0	4	0.00
18   44	|	0	0	0	0	3	0.00
18   48	|	0	4	0	1	12	0.00
18   49	|	0	1	0	0	1	0.00
18   50	|	0	0	0	0	1	0.00
18   52	|	0	2	0	1	1	0.00
18   53	|	0	2	1	2	6	0.00

20   1	|	0	52	7	2	5	0.00
20   2	|	0	2	0	0	1	0.00
20   3	|	4	63	17	1	19	0.10
20   4	|	0	4	1	1	1	0.00
20   5	|	0	0	0	0	3	0.00
20   6	|	0	6	0	0	2	0.00
20   7	|	1	25	12	3	17	0.03
20   8	|	0	0	1	0	1	0.00
20   9	|	0	52	4	1	24	0.00
20   10	|	0	0	0	0	1	0.00
20   11	|	0	2	1	0	0	0.00
20   12	|	3	49	13	1	44	0.05
20   13	|	0	5	3	2	22	0.00
20   14	|	1	9	4	0	4	0.11
20   15	|	1	7	6	0	18	0.04
20   16	|	0	2	0	0	0	 - 
20   17	|	0	2	1	0	0	0.00
20   18	|	0	4	0	0	4	0.00
20   22	|	1	19	6	0	43	0.02
20   23	|	0	7	8	2	55	0.00
20   24	|	0	8	5	2	17	0.00
20   28	|	0	0	0	0	3	0.00
20   29	|	0	0	0	0	1	0.00
20   30	|	0	0	1	0	4	0.00
20   31	|	0	22	1	0	4	0.00
20   32	|	1	9	4	0	5	0.10
20   33	|	0	2	0	0	0	 - 
20   34	|	0	19	6	1	17	0.00
20   35	|	0	3	0	1	9	0.00
20   36	|	0	23	3	3	12	0.00
20   37	|	0	15	10	2	16	0.00
20   38	|	0	6	0	0	3	0.00
20   39	|	0	9	2	0	2	0.00
20   40	|	0	33	9	1	29	0.00
20   41	|	6	73	30	8	80	0.05
20   42	|	3	19	14	5	62	0.04
20   43	|	0	4	3	2	13	0.00
20   44	|	0	5	0	0	3	0.00
20   48	|	2	16	11	3	103	0.02
20   49	|	0	4	7	1	52	0.00
20   50	|	0	4	0	4	13	0.00
20   52	|	0	2	4	0	30	0.00
20   53	|	0	18	16	5	84	0.00

21   1	|	13	477	81	0	100	0.07
21   2	|	2	24	7	0	1	0.20
21   3	|	23	798	132	6	179	0.07
21   4	|	0	25	7	0	3	0.00
21   5	|	1	25	2	0	9	0.08
21   6	|	1	51	12	0	8	0.05
21   7	|	9	264	66	10	110	0.05
21   8	|	0	4	3	2	5	0.00
21   9	|	11	413	79	3	135	0.05
21   10	|	0	12	4	0	8	0.00
21   11	|	0	40	2	0	5	0.00
21   12	|	20	420	86	8	167	0.07
21   13	|	2	43	15	3	61	0.02
21   14	|	1	47	14	3	20	0.03
21   15	|	2	25	14	4	45	0.03
21   16	|	0	4	2	0	3	0.00
21   17	|	0	3	0	1	1	0.00
21   18	|	0	15	7	4	18	0.00
21   22	|	4	102	31	4	158	0.02
21   23	|	0	25	31	10	249	0.00
21   24	|	1	34	10	7	73	0.01
21   28	|	0	5	3	0	7	0.00
21   29	|	0	2	1	0	5	0.00
21   30	|	0	13	1	2	13	0.00
21   31	|	5	142	30	1	35	0.07
21   32	|	3	73	20	1	41	0.05
21   33	|	0	6	2	0	2	0.00
21   34	|	4	148	39	18	105	0.02
21   35	|	0	23	9	3	35	0.00
21   36	|	5	176	41	8	88	0.04
21   37	|	2	55	17	9	73	0.02
21   38	|	2	47	3	0	8	0.15
21   39	|	0	31	5	0	11	0.00
21   40	|	9	250	50	2	138	0.05
21   41	|	17	508	134	16	356	0.03
21   42	|	1	75	47	20	232	0.00
21   43	|	3	46	14	4	70	0.03
21   44	|	1	15	9	0	10	0.05
21   48	|	4	73	57	12	368	0.01
21   49	|	1	14	24	12	186	0.00
21   50	|	0	28	13	10	78	0.00
21   52	|	1	17	15	1	133	0.01
21   53	|	2	27	29	18	335	0.01

22   1	|	5	123	18	3	46	0.07
22   2	|	1	9	3	1	0	0.20
22   3	|	9	198	56	13	118	0.05
22   4	|	0	3	3	1	8	0.00
22   5	|	0	10	5	1	25	0.00
22   6	|	1	2	2	1	5	0.11
22   7	|	1	81	45	13	129	0.01
22   8	|	0	5	1	6	13	0.00
22   9	|	2	112	48	11	150	0.01
22   10	|	0	7	5	5	20	0.00
22   11	|	1	13	1	1	4	0.14
22   12	|	8	125	73	18	355	0.02
22   13	|	2	45	47	26	255	0.01
22   14	|	1	21	17	8	53	0.01
22   15	|	0	31	28	19	193	0.00
22   16	|	0	1	1	0	5	0.00
22   17	|	0	2	1	0	3	0.00
22   18	|	0	12	4	2	91	0.00
22   22	|	4	51	47	16	646	0.01
22   23	|	6	85	130	56	1334	0.00
22   24	|	1	40	39	29	369	0.00
22   28	|	0	3	1	1	49	0.00
22   29	|	0	2	2	0	19	0.00
22   30	|	0	3	2	3	57	0.00
22   31	|	1	34	24	3	90	0.01
22   32	|	1	36	23	11	68	0.01
22   33	|	0	5	6	2	18	0.00
22   34	|	2	50	39	18	197	0.01
22   35	|	1	16	22	16	103	0.01
22   36	|	1	64	40	19	242	0.00
22   37	|	3	78	58	22	370	0.01
22   38	|	0	13	4	1	20	0.00
22   39	|	0	15	17	5	49	0.00
22   40	|	3	77	46	16	381	0.01
22   41	|	9	204	149	60	898	0.01
22   42	|	8	168	140	83	1283	0.01
22   43	|	2	36	26	14	261	0.01
22   44	|	0	9	2	2	34	0.00
22   48	|	13	114	195	52	2193	0.01
22   49	|	4	81	110	34	1421	0.00
22   50	|	3	37	45	22	534	0.00
22   52	|	1	42	47	14	634	0.00
22   53	|	5	117	125	48	1553	0.00

23   1	|	6	195	32	11	69	0.05
23   2	|	0	14	1	0	6	0.00
23   3	|	9	300	82	31	260	0.02
23   4	|	0	14	3	2	14	0.00
23   5	|	0	9	4	2	23	0.00
23   6	|	0	22	3	2	5	0.00
23   7	|	9	134	70	37	260	0.02
23   8	|	0	2	4	2	23	0.00
23   9	|	5	199	58	11	221	0.02
23   10	|	1	4	2	1	22	0.04
23   11	|	2	18	6	1	5	0.14
23   12	|	6	194	77	23	400	0.01
23   13	|	1	50	54	17	347	0.00
23   14	|	2	20	12	4	53	0.03
23   15	|	1	26	15	11	126	0.01
23   16	|	0	4	5	0	8	0.00
23   17	|	0	2	1	1	5	0.00
23   18	|	0	4	4	5	29	0.00
23   22	|	4	70	62	19	856	0.00
23   23	|	0	50	61	32	721	0.00
23   24	|	0	21	23	12	220	0.00
23   28	|	0	3	4	3	50	0.00
23   29	|	1	1	1	1	24	0.04
23   30	|	0	4	4	2	94	0.00
23   31	|	0	60	19	13	98	0.00
23   32	|	0	46	31	18	109	0.00
23   33	|	0	3	4	3	5	0.00
23   34	|	8	120	72	44	351	0.02
23   35	|	1	17	9	10	83	0.01
23   36	|	4	106	52	24	342	0.01
23   37	|	2	24	30	14	165	0.01
23   38	|	1	11	7	1	12	0.05
23   39	|	0	10	7	1	40	0.00
23   40	|	2	135	58	33	497	0.00
23   41	|	12	317	204	97	1308	0.01
23   42	|	0	16	22	11	175	0.00
23   43	|	0	9	4	5	26	0.00
23   44	|	0	9	1	2	19	0.00
23   48	|	1	10	16	6	215	0.00
23   52	|	1	19	12	7	164	0.01
23   53	|	1	17	21	8	311	0.00

24   1	|	2	106	16	2	34	0.04
24   2	|	1	3	2	0	2	0.20
24   3	|	2	123	30	7	125	0.01
24   4	|	0	2	3	2	5	0.00
24   5	|	0	4	4	0	11	0.00
24   6	|	0	9	1	1	5	0.00
24   7	|	4	57	31	8	118	0.02
24   8	|	0	0	3	0	11	0.00
24   9	|	4	71	23	7	115	0.03
24   10	|	0	2	2	0	13	0.00
24   11	|	1	3	1	0	4	0.17
24   12	|	4	69	24	8	193	0.02
24   13	|	0	28	16	9	248	0.00
24   14	|	0	13	3	0	48	0.00
24   15	|	1	8	10	0	66	0.01
24   16	|	0	2	1	0	4	0.00
24   17	|	0	3	2	0	8	0.00
24   18	|	1	2	0	1	20	0.05
24   22	|	0	12	27	6	374	0.00
24   23	|	4	17	32	9	407	0.01
24   24	|	1	13	5	3	111	0.01
24   28	|	1	1	3	1	31	0.03
24   29	|	0	6	0	0	6	0.00
24   30	|	1	4	2	0	26	0.03
24   31	|	2	22	7	1	18	0.07
24   32	|	0	19	11	6	44	0.00
24   33	|	0	1	0	1	5	0.00
24   34	|	1	32	31	6	166	0.00
24   35	|	0	9	8	6	58	0.00
24   36	|	1	36	35	9	164	0.00
24   37	|	2	12	10	5	104	0.02
24   38	|	1	6	1	3	8	0.08
24   39	|	0	0	3	2	15	0.00
24   40	|	4	61	25	3	256	0.01
24   41	|	6	109	79	35	722	0.01
24   42	|	1	20	9	3	137	0.01
24   43	|	0	8	3	0	25	0.00
24   44	|	0	3	1	0	11	0.00
24   48	|	0	0	3	2	71	0.00
24   52	|	0	6	8	1	74	0.00
24   53	|	0	4	13	4	136	0.00

25   1	|	2	39	9	1	7	0.11
25   2	|	0	3	1	0	0	0.00
25   3	|	4	65	8	0	5	0.24
25   4	|	0	5	1	0	2	0.00
25   5	|	0	1	1	0	0	0.00
25   6	|	0	2	1	0	1	0.00
25   7	|	0	17	6	0	7	0.00
25   8	|	0	0	1	0	1	0.00
25   9	|	2	27	6	1	8	0.12
25   10	|	0	1	0	0	1	0.00
25   11	|	0	2	0	0	0	 - 
25   12	|	2	30	9	1	22	0.06
25   13	|	1	2	0	2	8	0.09
25   14	|	0	7	3	0	3	0.00
25   15	|	0	5	0	1	3	0.00
25   18	|	0	0	0	0	3	0.00
25   22	|	0	10	3	2	17	0.00
25   23	|	0	10	3	2	27	0.00
25   24	|	0	2	4	3	9	0.00
25   28	|	0	1	0	0	1	0.00
25   30	|	0	1	1	0	0	0.00
25   32	|	0	5	0	0	4	0.00
25   33	|	0	1	0	0	1	0.00
25   34	|	0	8	3	0	12	0.00
25   35	|	0	2	2	0	6	0.00
25   36	|	0	19	2	2	8	0.00
25   37	|	0	10	3	1	13	0.00
25   38	|	0	4	0	0	0	 - 
25   39	|	0	1	0	1	2	0.00
25   40	|	0	23	4	0	8	0.00
25   41	|	0	45	7	5	23	0.00
25   42	|	2	22	7	5	37	0.04
25   43	|	1	5	3	0	5	0.11
25   44	|	0	0	0	0	2	0.00
25   48	|	0	11	7	1	57	0.00
25   49	|	0	4	5	3	33	0.00
25   50	|	0	4	0	2	12	0.00
25   52	|	1	3	2	1	15	0.05
25   53	|	1	7	5	3	50	0.02

26   1	|	1	31	12	1	3	0.06
26   2	|	0	2	0	0	1	0.00
26   3	|	2	44	12	1	31	0.04
26   5	|	0	3	2	0	1	0.00
26   6	|	0	1	0	0	2	0.00
26   7	|	0	23	7	2	17	0.00
26   8	|	0	0	2	0	2	0.00
26   9	|	1	27	9	1	16	0.04
26   10	|	0	2	1	0	2	0.00
26   11	|	0	3	0	0	0	 - 
26   12	|	2	35	10	4	58	0.03
26   13	|	0	11	8	1	41	0.00
26   14	|	0	5	1	3	6	0.00
26   15	|	0	9	3	3	35	0.00
26   16	|	0	0	1	2	0	0.00
26   17	|	0	0	0	1	1	0.00
26   18	|	0	1	0	0	17	0.00
26   22	|	0	12	9	2	91	0.00
26   23	|	0	24	20	9	185	0.00
26   24	|	1	7	4	4	62	0.01
26   28	|	1	1	0	0	8	0.11
26   29	|	0	0	0	0	4	0.00
26   30	|	0	0	1	0	10	0.00
26   32	|	1	9	3	0	21	0.04
26   33	|	0	3	1	1	1	0.00
26   34	|	0	14	7	2	30	0.00
26   35	|	0	1	3	2	6	0.00
26   36	|	0	15	9	4	31	0.00
26   37	|	1	10	6	2	51	0.02
26   38	|	0	2	0	0	1	0.00
26   39	|	0	6	2	0	6	0.00
26   40	|	0	20	7	1	33	0.00
26   41	|	3	51	24	5	129	0.02
26   42	|	1	16	17	14	133	0.01
26   43	|	0	5	2	4	27	0.00
26   44	|	0	2	0	3	3	0.00
26   48	|	0	19	10	1	165	0.00
26   49	|	0	5	0	2	25	0.00
26   50	|	0	2	0	0	15	0.00
26   52	|	0	8	1	2	64	0.00
26   53	|	1	14	8	9	159	0.01

30   1	|	4	112	16	0	17	0.11
30   2	|	0	10	0	0	2	0.00
30   3	|	8	165	27	0	34	0.12
30   4	|	0	5	1	0	1	0.00
30   5	|	0	4	0	0	0	 - 
30   6	|	1	9	0	0	1	0.50
30   7	|	2	73	17	7	25	0.04
30   8	|	1	1	0	0	1	0.50
30   9	|	11	120	20	0	29	0.18
30   10	|	0	0	0	0	1	0.00
30   11	|	0	9	2	0	3	0.00
30   12	|	1	58	10	0	23	0.03
30   13	|	1	9	3	0	7	0.09
30   14	|	0	9	1	0	2	0.00
30   15	|	1	4	1	0	4	0.17
30   18	|	0	2	0	0	1	0.00
30   19	|	2	98	21	1	57	0.02
30   20	|	0	8	6	0	5	0.00
30   21	|	0	2	2	0	4	0.00
30   22	|	0	9	3	0	10	0.00
30   23	|	0	4	1	1	4	0.00
30   24	|	0	6	1	0	5	0.00
30   25	|	0	20	5	1	24	0.00
30   26	|	0	1	1	0	6	0.00
30   27	|	1	5	2	3	0	0.17
30   28	|	0	2	0	0	0	 - 
30   29	|	0	2	0	0	0	 - 
30   30	|	0	1	0	0	2	0.00
30   32	|	0	9	2	1	5	0.00
30   33	|	0	0	0	1	0	0.00
30   34	|	1	29	3	2	20	0.04
30   35	|	0	2	0	0	5	0.00
30   36	|	2	37	8	0	14	0.08
30   37	|	0	7	2	0	2	0.00
30   38	|	0	2	2	0	1	0.00
30   39	|	0	6	1	0	0	0.00
30   40	|	0	35	4	0	13	0.00
30   41	|	1	56	21	1	35	0.02
30   42	|	0	3	0	1	6	0.00
30   43	|	0	5	1	0	2	0.00
30   44	|	1	2	2	0	0	0.33
30   45	|	2	40	19	5	55	0.02
30   46	|	0	5	1	0	9	0.00
30   47	|	0	1	0	0	4	0.00
30   48	|	0	4	1	0	8	0.00
30   49	|	0	0	0	0	1	0.00
30   50	|	0	2	0	0	0	 - 
30   51	|	0	13	4	2	34	0.00
30   52	|	0	1	0	0	1	0.00
30   53	|	0	4	1	0	4	0.00

31   1	|	14	186	30	0	25	0.20
31   2	|	0	13	3	0	1	0.00
31   3	|	14	274	40	1	56	0.13
31   4	|	0	3	3	0	2	0.00
31   5	|	1	7	0	0	1	0.50
31   6	|	0	8	1	0	0	0.00
31   7	|	1	115	32	2	25	0.02
31   8	|	0	2	2	0	0	0.00
31   9	|	5	203	40	0	48	0.05
31   10	|	0	0	2	0	1	0.00
31   11	|	1	10	2	0	1	0.25
31   12	|	1	86	18	2	42	0.02
31   13	|	1	8	6	0	10	0.06
31   14	|	0	21	4	0	7	0.00
31   15	|	0	6	4	0	6	0.00
31   16	|	0	1	0	0	2	0.00
31   17	|	0	1	0	0	0	 - 
31   18	|	0	4	1	0	1	0.00
31   19	|	10	137	61	7	144	0.05
31   20	|	0	12	8	0	14	0.00
31   21	|	0	12	3	0	5	0.00
31   22	|	1	20	7	2	22	0.03
31   23	|	0	5	6	1	30	0.00
31   24	|	1	9	8	1	23	0.03
31   25	|	1	33	11	0	51	0.02
31   26	|	0	4	2	0	9	0.00
31   27	|	1	7	1	1	11	0.07
31   28	|	0	0	0	0	1	0.00
31   29	|	0	2	0	0	0	 - 
31   30	|	0	0	1	0	2	0.00
31   32	|	0	28	6	1	13	0.00
31   33	|	0	0	0	0	1	0.00
31   34	|	4	43	12	7	34	0.07
31   35	|	0	7	3	0	3	0.00
31   36	|	5	63	17	2	16	0.13
31   37	|	0	7	0	0	9	0.00
31   38	|	0	10	2	0	0	0.00
31   39	|	0	8	2	0	1	0.00
31   40	|	2	60	8	1	25	0.06
31   41	|	6	115	28	7	79	0.05
31   42	|	0	6	2	1	18	0.00
31   43	|	0	7	4	0	4	0.00
31   44	|	0	4	1	0	3	0.00
31   45	|	2	70	35	7	190	0.01
31   46	|	1	18	6	2	31	0.03
31   47	|	1	5	2	0	7	0.10
31   48	|	0	6	6	0	34	0.00
31   49	|	0	0	1	0	10	0.00
31   50	|	0	1	0	0	4	0.00
31   51	|	1	22	14	4	118	0.01
31   52	|	0	2	1	1	11	0.00
31   53	|	0	5	4	1	33	0.00

32   1	|	2	142	25	0	29	0.04
32   2	|	0	4	2	0	0	0.00
32   3	|	9	199	35	1	32	0.12
32   4	|	1	9	0	0	0	1.00
32   5	|	0	3	1	0	1	0.00
32   6	|	0	6	0	0	1	0.00
32   7	|	1	93	14	4	20	0.03
32   8	|	0	1	0	1	0	0.00
32   9	|	4	142	18	0	36	0.07
32   11	|	1	7	2	0	1	0.25
32   12	|	2	91	16	2	34	0.04
32   13	|	0	10	3	1	5	0.00
32   14	|	0	16	2	0	5	0.00
32   15	|	0	5	0	0	9	0.00
32   16	|	0	1	0	0	1	0.00
32   18	|	1	1	0	0	3	0.25
32   19	|	5	99	37	4	109	0.03
32   20	|	0	8	1	0	17	0.00
32   21	|	0	10	2	0	6	0.00
32   22	|	0	19	7	0	25	0.00
32   23	|	0	0	0	0	29	0.00
32   24	|	0	9	3	0	8	0.00
32   25	|	0	16	8	0	32	0.00
32   26	|	0	5	1	0	12	0.00
32   27	|	1	11	1	0	5	0.14
32   28	|	0	0	0	0	3	0.00
32   29	|	0	1	0	0	0	 - 
32   30	|	0	1	0	0	1	0.00
32   32	|	0	16	9	2	5	0.00
32   34	|	1	40	6	3	16	0.04
32   35	|	1	1	1	0	3	0.20
32   36	|	5	51	12	1	15	0.15
32   37	|	0	8	1	0	5	0.00
32   38	|	0	7	0	0	0	 - 
32   39	|	1	8	1	0	0	0.50
32   40	|	3	46	11	2	15	0.10
32   41	|	2	62	24	3	66	0.02
32   42	|	2	3	4	1	15	0.09
32   43	|	0	6	1	0	5	0.00
32   44	|	0	1	0	0	4	0.00
32   45	|	3	55	32	8	132	0.02
32   46	|	0	8	1	1	21	0.00
32   47	|	1	10	1	3	6	0.09
32   48	|	0	2	1	2	20	0.00
32   49	|	0	2	1	0	3	0.00
32   50	|	0	1	1	0	8	0.00
32   51	|	0	11	8	1	97	0.00
32   52	|	0	4	1	0	8	0.00
32   53	|	0	3	0	0	33	0.00

33   1	|	3	32	3	0	5	0.27
33   2	|	0	4	0	0	1	0.00
33   3	|	3	55	5	2	12	0.14
33   4	|	0	2	0	0	0	 - 
33   5	|	0	2	0	0	0	 - 
33   6	|	0	3	1	0	1	0.00
33   7	|	1	28	8	1	9	0.05
33   9	|	1	34	4	0	10	0.07
33   10	|	0	0	0	0	1	0.00
33   11	|	0	3	0	0	1	0.00
33   12	|	0	14	4	0	6	0.00
33   13	|	0	1	1	2	7	0.00
33   14	|	1	6	1	1	1	0.25
33   15	|	0	1	1	1	3	0.00
33   16	|	0	1	0	0	1	0.00
33   17	|	0	0	0	0	1	0.00
33   19	|	1	16	10	2	70	0.01
33   20	|	0	1	2	1	9	0.00
33   21	|	0	3	0	0	1	0.00
33   22	|	0	2	2	0	9	0.00
33   23	|	0	0	3	0	18	0.00
33   24	|	0	3	1	1	5	0.00
33   25	|	0	2	3	0	20	0.00
33   26	|	0	0	0	0	5	0.00
33   27	|	0	2	0	0	3	0.00
33   30	|	0	1	0	0	1	0.00
33   32	|	0	6	1	0	3	0.00
33   34	|	0	8	2	1	5	0.00
33   35	|	0	1	0	0	2	0.00
33   36	|	0	13	5	1	6	0.00
33   37	|	0	3	1	0	3	0.00
33   38	|	0	1	0	0	0	 - 
33   39	|	0	2	0	0	0	 - 
33   40	|	1	12	3	0	3	0.14
33   41	|	1	19	5	1	28	0.03
33   42	|	0	1	0	0	11	0.00
33   43	|	0	1	0	0	4	0.00
33   44	|	0	2	0	0	0	 - 
33   45	|	1	22	17	1	110	0.01
33   46	|	0	6	2	0	22	0.00
33   47	|	0	5	0	0	6	0.00
33   48	|	0	0	1	0	16	0.00
33   49	|	0	1	0	0	1	0.00
33   50	|	0	1	1	0	3	0.00
33   51	|	1	5	4	1	61	0.01
33   52	|	0	0	0	1	5	0.00
33   53	|	0	3	0	0	16	0.00

34   1	|	0	1	0	0	0	 - 
34   3	|	0	2	2	0	0	0.00
34   5	|	0	0	0	0	1	0.00
34   7	|	0	2	0	0	2	0.00
34   9	|	0	2	0	0	1	0.00
34   12	|	1	2	0	0	5	0.17
34   14	|	1	0	0	0	0	1.00
34   15	|	0	0	1	0	2	0.00
34   17	|	0	0	0	0	1	0.00
34   19	|	1	8	6	1	19	0.04
34   20	|	0	0	0	0	1	0.00
34   22	|	0	1	0	0	9	0.00
34   23	|	0	3	1	1	11	0.00
34   24	|	0	0	1	0	2	0.00
34   25	|	0	0	1	0	8	0.00
34   26	|	0	0	0	0	2	0.00
34   27	|	0	1	0	0	2	0.00
34   30	|	0	2	0	0	0	 - 
34   32	|	0	0	0	0	1	0.00
34   34	|	0	1	0	0	3	0.00
34   35	|	0	0	0	0	1	0.00
34   36	|	0	1	0	0	1	0.00
34   37	|	0	1	0	0	0	 - 
34   40	|	0	2	1	0	2	0.00
34   41	|	0	5	2	1	11	0.00
34   42	|	0	1	1	0	5	0.00
34   43	|	0	0	0	0	1	0.00
34   45	|	0	2	6	2	44	0.00
34   46	|	0	0	1	2	8	0.00
34   47	|	0	0	0	0	3	0.00
34   48	|	0	0	4	0	18	0.00
34   49	|	0	1	0	0	5	0.00
34   51	|	0	2	3	0	27	0.00
34   52	|	0	0	0	0	3	0.00
34   53	|	0	0	0	0	3	0.00

35   1	|	0	13	9	0	3	0.00
35   3	|	1	29	3	2	6	0.08
35   4	|	0	2	0	0	1	0.00
35   5	|	0	0	1	0	0	0.00
35   6	|	0	1	0	0	0	 - 
35   7	|	0	35	9	3	21	0.00
35   8	|	0	1	0	1	0	0.00
35   9	|	2	28	0	0	4	0.33
35   11	|	0	1	0	0	4	0.00
35   12	|	1	32	10	0	27	0.03
35   13	|	0	5	2	1	11	0.00
35   14	|	0	7	4	0	5	0.00
35   15	|	0	5	1	0	1	0.00
35   16	|	0	0	0	0	1	0.00
35   17	|	0	0	0	0	1	0.00
35   18	|	0	2	0	0	3	0.00
35   19	|	1	46	15	1	112	0.01
35   20	|	0	4	4	0	16	0.00
35   21	|	0	4	2	0	8	0.00
35   22	|	0	14	2	1	28	0.00
35   23	|	0	3	4	1	55	0.00
35   24	|	0	3	1	1	9	0.00
35   25	|	0	2	5	2	42	0.00
35   26	|	1	4	0	0	23	0.04
35   27	|	1	4	2	0	2	0.20
35   28	|	0	1	0	0	0	 - 
35   29	|	0	1	0	0	0	 - 
35   30	|	0	0	0	0	4	0.00
35   32	|	1	9	1	0	3	0.20
35   33	|	0	0	1	0	0	0.00
35   34	|	1	8	5	2	15	0.04
35   35	|	0	2	1	0	1	0.00
35   36	|	1	10	2	0	6	0.11
35   37	|	0	3	0	0	2	0.00
35   38	|	1	2	2	0	0	0.33
35   39	|	0	2	0	0	1	0.00
35   40	|	1	14	7	2	10	0.05
35   41	|	3	42	14	0	44	0.05
35   42	|	1	2	3	1	12	0.06
35   43	|	0	3	1	1	6	0.00
35   44	|	0	1	1	0	2	0.00
35   45	|	2	33	28	11	225	0.01
35   46	|	1	10	4	8	69	0.01
35   47	|	0	2	2	1	10	0.00
35   48	|	0	6	4	0	57	0.00
35   49	|	0	1	3	1	11	0.00
35   50	|	0	1	1	1	7	0.00
35   51	|	1	9	18	3	159	0.01
35   52	|	0	0	0	0	9	0.00
35   53	|	0	4	4	1	49	0.00

36   1	|	0	9	0	0	2	0.00
36   2	|	0	1	1	0	1	0.00
36   3	|	0	9	6	1	7	0.00
36   4	|	0	1	0	0	0	 - 
36   5	|	0	0	0	0	1	0.00
36   6	|	0	1	0	0	0	 - 
36   7	|	2	23	8	4	19	0.06
36   8	|	0	1	0	0	1	0.00
36   9	|	0	7	4	1	9	0.00
36   10	|	0	1	0	0	3	0.00
36   12	|	1	10	6	2	35	0.02
36   13	|	0	3	5	4	24	0.00
36   14	|	0	0	0	1	6	0.00
36   15	|	0	1	0	0	12	0.00
36   16	|	0	0	0	0	1	0.00
36   17	|	0	0	0	0	1	0.00
36   18	|	0	1	0	0	2	0.00
36   19	|	0	26	22	14	302	0.00
36   20	|	0	3	1	2	49	0.00
36   21	|	0	0	0	1	5	0.00
36   22	|	0	0	7	1	74	0.00
36   23	|	0	1	1	0	39	0.00
36   24	|	0	0	0	0	6	0.00
36   25	|	0	5	5	3	129	0.00
36   26	|	0	0	1	0	47	0.00
36   27	|	0	1	0	1	4	0.00
36   28	|	0	0	0	0	3	0.00
36   30	|	0	0	1	0	15	0.00
36   32	|	0	4	2	2	3	0.00
36   33	|	0	0	0	0	1	0.00
36   34	|	0	7	4	2	39	0.00
36   35	|	0	1	0	0	4	0.00
36   36	|	0	5	3	2	18	0.00
36   37	|	0	0	2	0	4	0.00
36   39	|	0	3	0	0	1	0.00
36   40	|	0	12	2	2	59	0.00
36   41	|	0	20	5	19	134	0.00
36   42	|	0	0	0	0	2	0.00
36   43	|	0	0	0	0	1	0.00
36   44	|	0	0	1	0	1	0.00
36   45	|	1	0	3	2	25	0.03
36   46	|	0	0	0	1	4	0.00
36   48	|	0	0	0	0	1	0.00
36   51	|	0	1	1	0	10	0.00
36   52	|	0	1	0	0	6	0.00
36   53	|	0	0	1	1	18	0.00

37   1	|	0	5	0	0	2	0.00
37   3	|	0	9	2	1	4	0.00
37   5	|	0	0	0	0	1	0.00
37   6	|	0	1	0	0	0	 - 
37   7	|	1	6	2	0	13	0.06
37   8	|	0	0	0	0	3	0.00
37   9	|	0	1	1	2	6	0.00
37   10	|	0	1	0	1	0	0.00
37   12	|	1	8	5	0	38	0.02
37   13	|	0	2	0	0	30	0.00
37   14	|	0	1	1	1	8	0.00
37   15	|	0	1	3	1	11	0.00
37   17	|	0	1	0	0	1	0.00
37   18	|	0	0	0	0	4	0.00
37   19	|	2	16	12	7	247	0.01
37   20	|	0	4	8	3	30	0.00
37   21	|	0	3	2	0	8	0.00
37   22	|	0	4	2	2	80	0.00
37   23	|	2	6	11	4	231	0.01
37   24	|	0	3	3	6	81	0.00
37   25	|	0	5	10	2	115	0.00
37   26	|	0	1	2	3	57	0.00
37   27	|	0	2	4	4	40	0.00
37   28	|	0	0	0	0	3	0.00
37   30	|	0	0	1	0	9	0.00
37   32	|	0	1	2	0	4	0.00
37   33	|	0	0	0	0	1	0.00
37   34	|	0	5	1	2	19	0.00
37   35	|	0	0	0	1	7	0.00
37   36	|	0	2	0	0	14	0.00
37   37	|	0	3	0	1	26	0.00
37   38	|	0	1	0	0	1	0.00
37   39	|	0	0	1	1	2	0.00
37   40	|	0	5	3	0	21	0.00
37   41	|	2	17	14	7	121	0.01
37   42	|	0	8	5	4	104	0.00
37   43	|	0	2	1	0	24	0.00
37   44	|	0	0	1	0	1	0.00
37   45	|	3	37	53	32	918	0.00
37   46	|	0	12	6	5	274	0.00
37   47	|	0	2	1	3	54	0.00
37   48	|	0	4	12	3	267	0.00
37   49	|	0	2	7	1	102	0.00
37   50	|	0	2	3	2	35	0.00
37   51	|	0	17	26	13	824	0.00
37   52	|	1	0	4	0	35	0.03
37   53	|	0	4	13	4	209	0.00

38   1	|	0	3	0	0	1	0.00
38   3	|	0	6	1	0	5	0.00
38   5	|	0	0	0	1	0	0.00
38   7	|	0	8	4	0	19	0.00
38   8	|	0	1	0	0	0	 - 
38   9	|	0	3	0	0	9	0.00
38   11	|	0	2	0	0	0	 - 
38   12	|	0	8	1	0	29	0.00
38   13	|	0	1	2	0	10	0.00
38   14	|	0	0	0	0	1	0.00
38   15	|	0	1	0	0	3	0.00
38   19	|	1	7	11	2	201	0.00
38   20	|	0	1	2	1	35	0.00
38   21	|	0	0	0	0	4	0.00
38   22	|	0	2	0	0	42	0.00
38   23	|	0	0	2	1	25	0.00
38   24	|	0	0	1	0	8	0.00
38   25	|	0	2	3	0	74	0.00
38   26	|	0	1	2	1	34	0.00
38   27	|	0	0	0	0	2	0.00
38   28	|	0	0	0	0	3	0.00
38   29	|	0	0	0	0	1	0.00
38   30	|	0	1	1	0	6	0.00
38   32	|	0	0	1	0	5	0.00
38   34	|	0	1	2	1	12	0.00
38   35	|	0	1	0	0	4	0.00
38   36	|	0	1	0	1	11	0.00
38   37	|	0	1	0	0	4	0.00
38   40	|	0	2	4	0	35	0.00
38   41	|	0	5	7	2	68	0.00
38   42	|	0	0	0	0	3	0.00
38   43	|	0	1	0	0	1	0.00
38   44	|	0	0	0	0	2	0.00
38   45	|	0	0	0	0	14	0.00
38   46	|	0	0	1	0	1	0.00
38   51	|	0	0	0	0	4	0.00
38   52	|	0	0	0	0	2	0.00
38   53	|	0	0	0	0	9	0.00

39   1	|	0	2	0	0	0	 - 
39   3	|	1	3	0	0	0	1.00
39   7	|	0	3	1	0	3	0.00
39   9	|	0	2	1	0	0	0.00
39   12	|	0	4	0	0	2	0.00
39   13	|	0	1	0	0	3	0.00
39   14	|	0	1	0	0	0	 - 
39   15	|	0	1	0	0	1	0.00
39   16	|	0	0	0	0	1	0.00
39   19	|	0	5	4	1	14	0.00
39   20	|	0	0	0	0	4	0.00
39   21	|	0	0	0	0	1	0.00
39   22	|	0	0	0	0	4	0.00
39   23	|	0	1	1	0	6	0.00
39   24	|	0	0	0	0	4	0.00
39   25	|	0	0	1	0	14	0.00
39   26	|	1	0	0	1	4	0.17
39   27	|	0	0	0	0	1	0.00
39   30	|	0	1	0	0	0	 - 
39   32	|	0	1	0	0	0	 - 
39   34	|	0	0	1	0	0	0.00
39   36	|	0	1	0	0	0	 - 
39   39	|	0	1	0	0	0	 - 
39   40	|	0	1	0	0	1	0.00
39   41	|	0	1	0	0	3	0.00
39   42	|	0	0	0	0	3	0.00
39   44	|	0	1	0	0	0	 - 
39   45	|	1	4	6	1	42	0.02
39   46	|	0	2	1	1	14	0.00
39   47	|	0	0	0	1	1	0.00
39   48	|	0	1	1	0	13	0.00
39   49	|	0	1	0	0	11	0.00
39   51	|	0	2	2	0	42	0.00
39   52	|	0	1	1	0	4	0.00
39   53	|	0	1	0	1	8	0.00

40   1	|	0	45	3	0	1	0.00
40   2	|	0	1	0	0	0	 - 
40   3	|	2	53	8	1	9	0.10
40   4	|	0	5	0	0	0	 - 
40   5	|	0	1	0	0	2	0.00
40   6	|	0	6	0	0	1	0.00
40   7	|	5	83	14	1	9	0.17
40   8	|	0	0	0	0	2	0.00
40   9	|	3	36	5	0	5	0.23
40   10	|	0	0	1	0	1	0.00
40   11	|	0	3	1	0	0	0.00
40   12	|	1	51	6	1	14	0.05
40   14	|	1	17	3	1	0	0.20
40   17	|	0	1	0	0	0	 - 
40   18	|	0	0	1	0	0	0.00
40   22	|	0	19	5	3	21	0.00
40   29	|	0	1	0	1	0	0.00
40   32	|	0	18	2	0	2	0.00
40   34	|	0	32	4	0	7	0.00
40   36	|	1	24	2	2	5	0.10
40   37	|	0	2	0	0	4	0.00
40   38	|	0	1	0	0	0	 - 
40   39	|	0	0	0	0	1	0.00
40   40	|	1	29	5	0	7	0.08
40   41	|	2	64	15	5	25	0.04

41   1	|	4	74	10	0	5	0.21
41   2	|	0	8	0	0	1	0.00
41   3	|	2	86	10	0	14	0.08
41   6	|	0	2	0	0	0	 - 
41   7	|	8	148	27	1	28	0.13
41   9	|	2	86	9	0	14	0.08
41   10	|	0	1	0	0	0	 - 
41   11	|	0	10	0	0	0	 - 
41   17	|	0	0	2	0	0	0.00
41   18	|	0	1	0	0	1	0.00
41   29	|	0	1	0	0	0	 - 
41   33	|	0	1	0	0	0	 - 
41   36	|	2	38	4	1	15	0.09
41   38	|	0	3	1	1	2	0.00
41   40	|	2	56	7	2	35	0.04
41   44	|	0	11	3	0	2	0.00

42   1	|	2	59	5	0	9	0.13
42   2	|	0	3	0	0	0	 - 
42   3	|	3	76	11	2	15	0.10
42   7	|	7	122	19	1	31	0.12
42   8	|	0	1	0	0	0	 - 
42   9	|	4	57	7	0	6	0.24
42   11	|	1	7	0	0	1	0.50
42   29	|	0	1	0	0	0	 - 
42   30	|	0	3	1	0	7	0.00
42   32	|	2	21	3	0	6	0.18
42   36	|	0	41	3	2	18	0.00
42   38	|	0	3	0	0	0	 - 
42   39	|	0	0	0	0	4	0.00
42   40	|	1	38	7	3	42	0.02

43   1	|	0	18	3	0	2	0.00
43   2	|	0	1	0	0	0	 - 
43   3	|	1	20	0	0	4	0.20
43   5	|	0	1	1	0	0	0.00
43   9	|	0	25	2	0	6	0.00
43   11	|	0	3	0	0	1	0.00
43   33	|	0	0	0	0	1	0.00
43   44	|	0	3	1	0	1	0.00

44   1	|	1	14	1	0	0	0.50
44   3	|	1	20	3	0	3	0.14
44   4	|	0	1	0	0	1	0.00
44   8	|	0	0	0	0	1	0.00
44   9	|	0	8	1	0	6	0.00
44   11	|	0	1	0	0	1	0.00
44   14	|	0	2	0	0	4	0.00
44   30	|	0	0	0	0	1	0.00
44   35	|	0	1	1	0	6	0.00
44   37	|	0	0	2	1	10	0.00
44   38	|	0	0	0	0	2	0.00
44   44	|	0	1	0	0	0	 - 
44   48	|	0	1	2	2	38	0.00

45   1	|	0	5	0	0	0	 - 
45   3	|	0	3	1	0	1	0.00
45   9	|	0	4	0	0	0	 - 
45   22	|	0	1	0	0	2	0.00
45   24	|	0	1	0	0	0	 - 
45   34	|	1	4	1	0	0	0.50
45   36	|	0	1	0	0	0	 - 
45   40	|	0	3	1	0	0	0.00
45   41	|	2	5	0	0	1	0.67
45   42	|	0	0	0	0	1	0.00

46   1	|	2	12	2	0	1	0.40
46   5	|	0	2	0	0	0	 - 
46   11	|	0	4	1	0	0	0.00
46   37	|	1	9	5	1	21	0.04

47   1	|	0	1	2	0	0	0.00
47   3	|	0	4	0	0	0	 - 
47   7	|	0	4	1	0	0	0.00
47   22	|	0	0	0	0	1	0.00
47   35	|	0	2	0	0	1	0.00
47   37	|	0	1	0	0	0	 - 
47   42	|	0	1	2	0	0	0.00
47   48	|	0	0	0	1	1	0.00

48   1	|	1	2	1	0	0	0.50
48   3	|	0	4	0	0	0	 - 
48   7	|	0	6	0	0	2	0.00
48   9	|	0	2	0	0	0	 - 
48   12	|	0	3	1	0	1	0.00
48   14	|	0	1	0	0	0	 - 
48   22	|	0	1	0	0	2	0.00
48   40	|	0	1	1	0	0	0.00
48   41	|	2	2	1	0	1	0.50

50   1	|	7	151	18	0	18	0.16
50   2	|	0	13	0	0	1	0.00
50   3	|	5	200	25	3	23	0.09
50   5	|	0	8	0	0	2	0.00
50   6	|	0	5	0	0	1	0.00
50   7	|	2	103	17	2	28	0.04
50   8	|	0	0	1	0	3	0.00
50   9	|	7	130	21	3	18	0.14
50   10	|	0	4	0	0	0	 - 
50   12	|	1	57	10	5	23	0.03
50   14	|	2	29	5	0	9	0.13
50   28	|	0	2	0	0	0	 - 
50   29	|	0	1	0	0	0	 - 
50   30	|	0	2	0	0	3	0.00
50   32	|	1	26	5	0	8	0.07
50   33	|	0	2	0	0	0	 - 
50   34	|	1	56	13	1	12	0.04
50   36	|	0	43	8	3	18	0.00
50   38	|	0	4	0	0	1	0.00
50   40	|	1	44	10	1	32	0.02
50   43	|	1	9	0	0	1	0.50
50   44	|	0	7	1	0	1	0.00

51   1	|	11	287	35	1	49	0.11
51   2	|	0	9	3	0	3	0.00
51   3	|	10	353	63	5	97	0.06
51   9	|	9	238	40	5	73	0.07
51   10	|	0	7	0	0	12	0.00
51   11	|	0	32	3	0	7	0.00
51   14	|	1	59	11	2	31	0.02
51   29	|	1	2	0	0	6	0.14
51   33	|	0	3	1	0	5	0.00

52   1	|	6	181	34	1	24	0.09
52   2	|	0	10	1	0	0	0.00
52   3	|	9	234	39	4	63	0.08
52   5	|	1	13	0	0	9	0.10
52   9	|	4	145	27	2	55	0.05
52   10	|	0	5	1	0	8	0.00
52   11	|	0	18	1	0	2	0.00
52   16	|	0	0	0	0	2	0.00
52   18	|	0	4	0	1	7	0.00
52   38	|	0	4	3	2	4	0.00
52   44	|	0	7	1	1	5	0.00

53   1	|	1	59	11	0	7	0.05
53   6	|	0	0	1	0	1	0.00
53   11	|	0	4	2	0	1	0.00
53   16	|	1	0	1	0	1	0.33
53   36	|	2	33	6	3	59	0.03
53   44	|	0	5	1	0	5	0.00

54   1	|	1	39	3	0	3	0.14
54   43	|	0	1	2	0	20	0.00

55   1	|	0	4	2	0	2	0.00
55   3	|	0	17	2	0	3	0.00
55   7	|	0	6	1	0	3	0.00
55   9	|	0	7	1	0	3	0.00
55   11	|	0	1	0	0	0	 - 
55   18	|	0	0	1	0	0	0.00
55   34	|	0	1	1	0	1	0.00
55   52	|	0	1	0	0	0	 - 
55   53	|	0	1	0	0	2	0.00


57   1	|	0	2	0	0	0	 - 
57   8	|	0	3	0	0	1	0.00
57   10	|	0	1	0	0	1	0.00
57   43	|	0	0	0	0	2	0.00

58   1	|	1	11	2	0	1	0.25
58   3	|	1	14	2	0	1	0.25
58   8	|	0	2	0	0	0	 - 
58   13	|	0	2	0	0	3	0.00
58   14	|	0	1	0	0	0	 - 
58   48	|	0	1	1	0	3	0.00

60   1	|	0	3	1	0	2	0.00
60   2	|	1	1	1	0	0	0.50
60   3	|	1	1	0	0	3	0.25
60   5	|	0	1	0	0	1	0.00
60   6	|	0	1	0	0	0	 - 
60   7	|	0	0	0	0	2	0.00
60   8	|	0	0	0	0	1	0.00
60   9	|	0	1	0	0	1	0.00
60   12	|	0	1	1	2	7	0.00
60   13	|	0	3	1	2	2	0.00
60   14	|	0	2	0	1	4	0.00
60   15	|	0	1	0	2	3	0.00
60   17	|	0	1	0	0	0	 - 
60   18	|	0	0	0	0	1	0.00
60   22	|	1	3	1	1	14	0.06
60   23	|	1	1	0	2	22	0.04
60   24	|	0	0	0	0	5	0.00
60   28	|	0	3	0	0	4	0.00
60   29	|	0	0	0	0	1	0.00
60   30	|	0	0	1	0	5	0.00
60   32	|	1	0	0	0	1	0.50
60   34	|	0	2	2	0	3	0.00
60   35	|	0	1	1	0	1	0.00
60   36	|	0	3	3	0	2	0.00
60   37	|	1	4	0	0	4	0.20
60   39	|	0	0	0	1	2	0.00
60   40	|	0	0	0	0	2	0.00
60   41	|	0	17	12	1	32	0.00
60   42	|	0	6	4	2	15	0.00
60   43	|	0	4	0	1	1	0.00
60   44	|	0	0	0	0	1	0.00
60   48	|	1	3	3	1	31	0.03
60   49	|	0	1	1	1	9	0.00
60   50	|	0	0	0	0	6	0.00
60   52	|	0	2	2	0	6	0.00
60   53	|	0	8	2	4	31	0.00

61   1	|	0	1	0	0	1	0.00
61   3	|	0	3	0	0	0	 - 
61   4	|	0	1	0	0	0	 - 
61   5	|	0	2	1	0	1	0.00
61   7	|	0	3	1	0	3	0.00
61   9	|	0	3	0	1	0	0.00
61   10	|	0	1	0	0	0	 - 
61   12	|	0	0	1	0	5	0.00
61   13	|	0	1	1	1	1	0.00
61   14	|	0	1	0	0	1	0.00
61   15	|	1	2	1	0	0	0.50
61   17	|	0	0	0	0	1	0.00
61   18	|	0	1	1	0	1	0.00
61   22	|	0	0	1	0	9	0.00
61   23	|	1	3	1	0	6	0.13
61   24	|	0	0	1	0	5	0.00
61   28	|	0	0	1	0	1	0.00
61   29	|	0	0	0	0	1	0.00
61   30	|	0	0	1	0	2	0.00
61   32	|	0	3	0	0	0	 - 
61   33	|	0	3	1	0	0	0.00
61   34	|	0	6	0	0	3	0.00
61   35	|	0	1	0	0	0	 - 
61   36	|	0	2	2	1	0	0.00
61   37	|	0	4	2	0	4	0.00
61   38	|	0	0	1	0	0	0.00
61   39	|	0	3	0	0	1	0.00
61   40	|	0	0	0	0	3	0.00
61   41	|	1	8	10	3	18	0.03
61   42	|	0	9	2	1	10	0.00
61   43	|	0	1	1	0	1	0.00
61   48	|	0	2	4	0	24	0.00
61   49	|	0	0	1	0	2	0.00
61   50	|	0	0	1	0	1	0.00
61   52	|	0	3	1	0	4	0.00
61   53	|	0	2	0	0	20	0.00

71   1	|	0	0	0	0	1	0.00
71   2	|	0	1	0	0	0	 - 
71   3	|	0	1	0	2	0	0.00
71   4	|	0	1	0	0	0	 - 
71   5	|	0	0	1	0	0	0.00
71   7	|	0	0	0	0	1	0.00
71   12	|	1	0	0	0	3	0.25
71   13	|	0	1	3	0	5	0.00
71   14	|	0	2	1	0	2	0.00
71   15	|	0	5	6	0	4	0.00
71   16	|	0	0	0	0	2	0.00
71   18	|	0	2	0	0	1	0.00
71   22	|	0	6	2	0	9	0.00
71   23	|	0	2	2	0	12	0.00
71   24	|	0	1	2	0	5	0.00
71   28	|	0	1	0	0	0	 - 
71   30	|	0	2	1	1	1	0.00
71   32	|	0	0	0	1	1	0.00
71   34	|	0	0	0	1	2	0.00
71   35	|	0	1	0	0	0	 - 
71   36	|	0	6	2	0	3	0.00
71   37	|	0	3	1	0	1	0.00
71   39	|	0	1	0	0	0	 - 
71   40	|	0	1	0	0	2	0.00
71   41	|	1	13	5	1	16	0.04
71   42	|	0	0	2	1	10	0.00
71   43	|	0	1	0	0	2	0.00
71   48	|	0	2	0	0	10	0.00
71   49	|	0	0	0	0	7	0.00
71   50	|	0	0	0	0	1	0.00
71   52	|	0	0	1	0	5	0.00
71   53	|	0	4	3	0	14	0.00

72   1	|	0	0	0	0	1	0.00
72   5	|	0	1	0	0	0	 - 
72   8	|	0	1	0	0	0	 - 
72   9	|	0	1	0	0	0	 - 
72   12	|	0	1	1	0	2	0.00
72   13	|	0	0	0	0	2	0.00
72   14	|	0	0	0	0	2	0.00
72   15	|	0	3	1	0	1	0.00
72   22	|	0	2	0	0	5	0.00
72   23	|	0	1	1	0	8	0.00
72   24	|	0	0	2	0	2	0.00
72   28	|	0	0	0	0	2	0.00
72   32	|	0	0	1	0	0	0.00
72   33	|	0	0	0	0	1	0.00
72   35	|	0	0	0	1	0	0.00
72   36	|	0	3	1	0	3	0.00
72   39	|	0	1	0	0	0	 - 
72   41	|	0	4	2	2	7	0.00
72   42	|	0	0	3	1	3	0.00
72   43	|	0	0	0	1	2	0.00
72   44	|	0	1	0	0	0	 - 
72   48	|	0	1	1	2	4	0.00
72   49	|	0	0	0	1	1	0.00
72   50	|	0	0	1	0	1	0.00
72   52	|	0	0	0	0	1	0.00
72   53	|	0	1	1	0	6	0.00

80   1	|	1	20	5	0	3	0.11
80   3	|	0	35	3	0	7	0.00
80   4	|	1	1	0	0	0	1.00
80   7	|	1	12	2	0	6	0.11
80   9	|	0	23	3	0	5	0.00
80   10	|	0	1	0	0	0	 - 
80   12	|	2	12	2	0	7	0.18
80   13	|	0	2	3	0	4	0.00
80   14	|	0	4	0	0	1	0.00
80   15	|	0	1	0	0	2	0.00
80   19	|	0	17	4	1	47	0.00
80   20	|	0	5	0	0	3	0.00
80   21	|	0	3	0	0	0	 - 
80   22	|	1	2	0	0	13	0.07
80   23	|	0	3	0	1	31	0.00
80   24	|	0	1	1	1	5	0.00
80   25	|	0	2	0	1	16	0.00
80   26	|	0	0	0	1	8	0.00
80   27	|	0	1	2	0	6	0.00
80   30	|	0	0	0	0	1	0.00
80   32	|	0	3	0	0	3	0.00
80   34	|	1	6	2	1	7	0.09
80   35	|	0	3	0	0	1	0.00
80   36	|	2	5	1	0	5	0.25
80   37	|	0	0	0	0	1	0.00
80   38	|	0	0	0	0	1	0.00
80   39	|	0	1	0	1	2	0.00
80   40	|	0	10	1	1	6	0.00
80   41	|	1	15	4	0	15	0.05
80   42	|	1	0	0	0	15	0.06
80   43	|	0	1	0	0	2	0.00
80   44	|	0	2	0	0	2	0.00
80   45	|	0	7	9	0	126	0.00
80   46	|	0	4	4	1	39	0.00
80   47	|	0	1	0	0	6	0.00
80   48	|	0	0	2	1	13	0.00
80   49	|	0	0	2	1	7	0.00
80   50	|	0	1	1	0	7	0.00
80   51	|	1	4	6	3	74	0.01
80   52	|	0	0	0	0	9	0.00
80   53	|	0	1	0	0	21	0.00

81   1	|	0	13	2	0	2	0.00
81   3	|	0	13	3	0	7	0.00
81   6	|	0	1	0	0	0	 - 
81   7	|	0	7	2	0	1	0.00
81   9	|	0	6	0	0	1	0.00
81   11	|	0	2	0	0	0	 - 
81   12	|	0	12	0	0	2	0.00
81   15	|	0	1	0	0	0	 - 
81   19	|	0	7	4	0	2	0.00
81   20	|	0	0	1	0	0	0.00
81   21	|	0	0	0	0	1	0.00
81   22	|	0	2	0	0	1	0.00
81   23	|	0	0	1	0	1	0.00
81   24	|	0	0	1	0	0	0.00
81   25	|	0	2	1	0	2	0.00
81   26	|	0	0	0	0	1	0.00
81   32	|	0	2	0	0	0	 - 
81   34	|	1	3	1	2	3	0.14
81   36	|	0	0	1	0	0	0.00
81   38	|	1	1	0	0	1	0.50
81   40	|	0	2	1	0	0	0.00
81   41	|	0	6	1	0	0	0.00
81   42	|	0	1	0	0	3	0.00
81   43	|	0	1	0	0	0	 - 
81   45	|	0	1	2	0	4	0.00
81   51	|	0	0	1	0	2	0.00
81   53	|	0	0	0	0	2	0.00

82   1	|	0	32	5	0	4	0.00
82   3	|	4	28	7	1	10	0.18
82   4	|	0	1	0	0	1	0.00
82   5	|	1	1	0	0	0	1.00
82   6	|	0	2	1	0	0	0.00
82   7	|	1	11	4	0	6	0.09
82   9	|	0	29	3	0	7	0.00
82   11	|	0	2	0	0	1	0.00
82   12	|	1	15	3	0	6	0.10
82   13	|	1	1	2	0	3	0.17
82   14	|	1	2	1	0	2	0.25
82   15	|	0	0	1	0	5	0.00
82   18	|	0	0	0	0	1	0.00
82   19	|	1	20	11	2	55	0.01
82   20	|	0	3	0	0	10	0.00
82   21	|	0	1	1	0	4	0.00
82   22	|	0	4	1	0	18	0.00
82   23	|	0	3	3	0	21	0.00
82   24	|	0	1	1	0	12	0.00
82   25	|	0	2	2	1	19	0.00
82   26	|	0	0	2	0	6	0.00
82   27	|	0	2	0	0	2	0.00
82   28	|	0	0	0	0	1	0.00
82   30	|	0	0	0	0	4	0.00
82   32	|	0	2	2	2	2	0.00
82   34	|	0	10	2	1	4	0.00
82   35	|	0	1	1	0	1	0.00
82   36	|	0	8	2	0	8	0.00
82   37	|	0	2	1	0	4	0.00
82   39	|	0	1	0	0	2	0.00
82   40	|	0	8	2	0	6	0.00
82   41	|	1	12	5	1	32	0.03
82   42	|	0	1	2	1	15	0.00
82   43	|	0	1	1	0	3	0.00
82   44	|	0	1	0	0	0	 - 
82   45	|	0	16	9	2	117	0.00
82   46	|	0	4	4	1	28	0.00
82   47	|	0	6	0	0	3	0.00
82   48	|	0	6	2	0	24	0.00
82   49	|	0	1	1	0	9	0.00
82   50	|	0	1	0	0	4	0.00
82   51	|	0	4	3	1	91	0.00
82   52	|	0	1	0	0	10	0.00
82   53	|	0	1	2	0	26	0.00

83   1	|	0	7	0	0	3	0.00
83   2	|	0	1	0	0	0	 - 
83   3	|	0	2	2	0	2	0.00
83   7	|	1	4	1	0	2	0.25
83   9	|	0	6	1	0	0	0.00
83   11	|	0	0	0	0	1	0.00
83   12	|	0	1	0	0	0	 - 
83   14	|	0	0	0	0	1	0.00
83   15	|	0	1	0	0	1	0.00
83   19	|	0	7	0	0	2	0.00
83   23	|	0	1	0	0	1	0.00
83   25	|	0	2	1	0	1	0.00
83   27	|	0	0	0	0	1	0.00
83   32	|	0	1	0	0	0	 - 
83   34	|	0	1	0	0	0	 - 
83   36	|	0	1	1	0	0	0.00
83   37	|	0	0	0	0	1	0.00
83   38	|	0	0	1	0	0	0.00
83   39	|	0	1	0	0	0	 - 
83   40	|	0	1	0	0	0	 - 
83   41	|	0	3	0	1	1	0.00
83   42	|	0	0	0	0	2	0.00
83   45	|	0	2	0	0	4	0.00
83   46	|	0	2	0	0	1	0.00
83   47	|	0	1	0	0	0	 - 
83   48	|	0	0	0	0	1	0.00
83   51	|	0	1	0	1	1	0.00

84   1	|	0	10	0	0	0	 - 
84   2	|	0	1	0	0	0	 - 
84   3	|	2	14	5	0	1	0.25
84   7	|	0	4	1	0	4	0.00
84   9	|	0	6	0	0	2	0.00
84   12	|	0	4	1	0	1	0.00
84   13	|	0	2	0	0	0	 - 
84   19	|	0	5	2	0	6	0.00
84   20	|	0	1	0	0	1	0.00
84   21	|	0	1	0	0	0	 - 
84   23	|	0	0	0	1	1	0.00
84   25	|	0	1	0	0	1	0.00
84   26	|	0	0	0	0	1	0.00
84   32	|	0	1	0	0	1	0.00
84   34	|	0	4	0	1	0	0.00
84   35	|	0	1	0	0	0	 - 
84   36	|	0	2	1	0	0	0.00
84   37	|	0	0	1	1	0	0.00
84   40	|	0	5	0	0	0	 - 
84   41	|	0	5	1	0	7	0.00
84   42	|	0	1	0	0	0	 - 
84   43	|	0	0	0	0	1	0.00
84   45	|	0	4	2	0	5	0.00
84   46	|	0	0	1	0	1	0.00
84   47	|	0	1	0	0	1	0.00
84   48	|	0	0	0	0	1	0.00
84   51	|	0	0	1	1	2	0.00

86   1	|	0	2	0	0	0	 - 
86   3	|	0	2	1	0	0	0.00
86   7	|	0	6	1	0	2	0.00
86   9	|	0	1	0	0	1	0.00
86   11	|	0	0	0	0	1	0.00
86   12	|	0	3	1	0	9	0.00
86   13	|	0	1	1	0	8	0.00
86   14	|	0	0	0	0	3	0.00
86   15	|	0	0	0	0	3	0.00
86   19	|	0	2	4	4	85	0.00
86   20	|	0	0	0	0	11	0.00
86   21	|	0	0	0	0	3	0.00
86   22	|	0	3	0	0	25	0.00
86   23	|	0	2	2	1	39	0.00
86   24	|	0	0	2	0	12	0.00
86   25	|	0	1	1	0	51	0.00
86   26	|	0	0	1	0	16	0.00
86   27	|	0	0	0	2	5	0.00
86   28	|	0	0	0	0	1	0.00
86   30	|	0	0	0	0	3	0.00
86   32	|	0	1	0	0	2	0.00
86   34	|	0	1	0	0	4	0.00
86   35	|	0	0	0	0	2	0.00
86   36	|	0	1	0	0	1	0.00
86   37	|	1	0	0	0	3	0.25
86   40	|	0	4	0	0	6	0.00
86   41	|	0	4	0	1	34	0.00
86   42	|	0	0	2	2	18	0.00
86   43	|	0	0	0	0	2	0.00
86   44	|	0	1	1	0	0	0.00
86   45	|	0	6	5	3	110	0.00
86   46	|	0	0	0	0	26	0.00
86   47	|	0	0	0	0	2	0.00
86   48	|	0	0	1	0	26	0.00
86   51	|	0	2	4	2	71	0.00
86   52	|	0	0	0	0	4	0.00
86   53	|	0	0	4	2	15	0.00

