0   1	|	0	10	2	0	2	0.00
0   2	|	7	81	3	0	2	0.58
0   3	|	1	7	1	0	0	0.50
0   4	|	2	29	3	1	2	0.25
0   5	|	0	17	0	0	0	 - 
0   6	|	0	0	0	1	0	0.00
0   7	|	0	9	1	0	3	0.00
0   8	|	0	4	0	0	1	0.00
0   9	|	1	2	2	8	1	0.08
0   10	|	0	26	3	0	0	0.00
0   12	|	0	3	0	2	0	0.00
0   13	|	1	17	3	0	7	0.09
0   14	|	0	0	0	0	1	0.00
0   15	|	0	9	0	2	0	0.00
0   22	|	0	2	0	2	0	0.00
0   23	|	0	3	0	1	0	0.00
0   24	|	0	0	0	1	0	0.00
0   28	|	0	1	0	0	0	 - 
0   30	|	0	1	0	0	0	 - 
0   32	|	0	0	1	0	0	0.00
0   33	|	0	2	0	0	1	0.00
0   34	|	0	2	0	0	1	0.00
0   35	|	0	5	0	0	0	 - 
0   36	|	0	1	0	2	0	0.00
0   37	|	1	23	0	0	1	0.50
0   40	|	0	4	1	4	1	0.00
0   41	|	0	4	1	9	1	0.00
0   52	|	0	2	0	0	0	 - 

1   1	|	3	7	1	0	1	0.60
1   2	|	4	111	7	0	2	0.31
1   3	|	2	18	1	2	0	0.40
1   4	|	3	37	1	0	0	0.75
1   5	|	0	27	0	2	0	0.00
1   7	|	1	15	0	1	2	0.25
1   8	|	0	8	1	0	2	0.00
1   9	|	0	10	2	23	1	0.00
1   10	|	5	54	2	2	4	0.38
1   12	|	0	10	2	1	4	0.00
1   13	|	1	28	3	7	2	0.08
1   14	|	0	0	1	0	0	0.00
1   15	|	1	17	0	0	2	0.33
1   16	|	0	1	0	0	0	 - 
1   17	|	0	0	1	0	0	0.00
1   22	|	0	0	1	7	0	0.00
1   23	|	0	6	1	1	0	0.00
1   28	|	0	2	0	0	1	0.00
1   30	|	0	1	0	0	0	 - 
1   32	|	0	2	0	0	1	0.00
1   33	|	0	3	0	0	0	 - 
1   34	|	1	1	1	0	0	0.50
1   35	|	0	4	0	0	0	 - 
1   36	|	0	2	1	5	3	0.00
1   37	|	4	33	1	1	2	0.50
1   40	|	1	6	5	7	4	0.06
1   41	|	0	9	1	4	6	0.00
1   43	|	0	1	0	0	1	0.00
1   52	|	1	2	1	0	0	0.50
1   53	|	0	1	0	2	1	0.00

10   1	|	20	281	9	0	10	0.51
10   2	|	3	30	0	0	0	1.00
10   3	|	37	499	30	6	19	0.40
10   4	|	1	20	0	0	1	0.50
10   5	|	2	5	1	0	0	0.67
10   6	|	2	12	1	0	0	0.67
10   7	|	14	200	10	1	8	0.42
10   8	|	0	9	0	0	0	 - 
10   9	|	5	153	9	8	6	0.18
10   10	|	0	7	0	1	0	0.00
10   11	|	1	14	0	0	1	0.50
10   12	|	4	127	9	6	6	0.16
10   13	|	3	29	0	4	7	0.21
10   14	|	0	20	0	0	3	0.00
10   15	|	0	6	0	0	0	 - 
10   16	|	0	4	0	1	0	0.00
10   17	|	0	3	1	0	0	0.00
10   18	|	0	7	0	0	0	 - 
10   22	|	3	21	2	8	3	0.19
10   23	|	1	6	2	12	5	0.05
10   24	|	2	8	2	1	0	0.40
10   28	|	1	2	0	1	0	0.50
10   30	|	0	3	0	0	2	0.00
10   32	|	3	45	0	0	2	0.60
10   33	|	0	7	2	0	1	0.00
10   34	|	9	158	6	1	11	0.33
10   35	|	1	17	0	0	1	0.50
10   36	|	4	84	3	6	5	0.22
10   37	|	2	22	0	2	3	0.29
10   38	|	0	15	0	0	0	 - 
10   39	|	0	13	1	0	1	0.00
10   40	|	3	74	3	3	5	0.21
10   41	|	19	234	9	13	17	0.33
10   42	|	4	26	3	1	4	0.33
10   43	|	1	9	3	1	0	0.20
10   44	|	1	6	0	0	1	0.50
10   48	|	0	18	6	7	1	0.00
10   49	|	1	1	0	1	0	0.50
10   52	|	0	4	0	6	3	0.00
10   53	|	0	4	2	3	6	0.00

11   1	|	30	525	27	0	10	0.45
11   2	|	2	50	6	1	2	0.18
11   3	|	50	823	38	6	23	0.43
11   4	|	3	19	2	0	1	0.50
11   5	|	0	10	0	0	0	 - 
11   6	|	0	26	2	0	0	0.00
11   7	|	21	380	19	4	19	0.33
11   8	|	1	11	0	0	1	0.50
11   9	|	25	302	12	9	15	0.41
11   10	|	1	4	0	2	0	0.33
11   11	|	3	25	0	0	0	1.00
11   12	|	8	224	10	9	10	0.22
11   13	|	2	44	4	5	4	0.13
11   14	|	4	43	1	2	4	0.36
11   15	|	1	31	3	4	4	0.08
11   16	|	0	5	0	0	1	0.00
11   17	|	1	3	0	0	0	1.00
11   18	|	0	11	0	0	2	0.00
11   22	|	4	65	10	19	12	0.09
11   23	|	1	24	6	13	10	0.03
11   24	|	3	19	1	6	5	0.20
11   28	|	0	3	0	1	0	0.00
11   29	|	0	0	0	1	0	0.00
11   30	|	0	5	1	0	1	0.00
11   32	|	5	71	2	3	7	0.29
11   33	|	1	7	0	0	0	1.00
11   34	|	17	283	16	3	15	0.33
11   35	|	2	19	0	1	3	0.33
11   36	|	12	156	8	10	9	0.31
11   37	|	3	37	4	4	6	0.18
11   38	|	0	30	0	1	0	0.00
11   39	|	1	6	1	0	0	0.50
11   40	|	7	139	11	7	9	0.21
11   41	|	33	498	39	24	33	0.26
11   42	|	4	59	6	6	17	0.12
11   43	|	2	39	2	3	4	0.18
11   44	|	0	25	0	0	3	0.00
11   48	|	5	37	7	18	10	0.13
11   49	|	0	2	1	3	2	0.00
11   50	|	0	1	0	1	0	0.00
11   52	|	0	9	2	5	6	0.00
11   53	|	1	24	11	6	15	0.03

12   1	|	21	338	11	2	7	0.51
12   2	|	0	28	0	0	0	 - 
12   3	|	45	625	25	10	23	0.44
12   4	|	0	19	1	0	0	0.00
12   5	|	0	6	0	1	0	0.00
12   6	|	0	9	1	0	0	0.00
12   7	|	33	257	17	6	9	0.51
12   8	|	0	3	0	0	1	0.00
12   9	|	7	191	11	5	4	0.26
12   10	|	0	3	1	0	1	0.00
12   11	|	2	22	3	0	0	0.40
12   12	|	7	147	8	11	10	0.19
12   13	|	3	24	3	1	11	0.17
12   14	|	0	18	3	2	3	0.00
12   15	|	0	7	2	1	2	0.00
12   16	|	0	2	0	0	0	 - 
12   17	|	0	1	0	0	0	 - 
12   18	|	0	3	0	1	0	0.00
12   22	|	4	32	10	9	10	0.12
12   23	|	1	8	5	9	5	0.05
12   24	|	0	7	1	3	1	0.00
12   32	|	1	42	1	6	5	0.08
12   33	|	0	4	1	0	1	0.00
12   34	|	14	201	6	7	13	0.35
12   35	|	1	12	2	2	4	0.11
12   36	|	10	112	5	8	6	0.34
12   37	|	4	25	1	3	0	0.50
12   38	|	1	12	1	1	0	0.33
12   39	|	0	9	0	1	0	0.00
12   40	|	3	98	9	8	8	0.11
12   41	|	25	318	19	22	26	0.27
12   42	|	3	21	11	6	14	0.09
12   43	|	2	18	1	1	5	0.22
12   44	|	1	8	2	1	0	0.25
12   48	|	1	10	8	4	6	0.05
12   49	|	0	1	1	1	2	0.00
12   50	|	0	1	0	0	1	0.00
12   52	|	0	0	2	2	5	0.00
12   53	|	1	6	7	8	16	0.03

13   1	|	7	89	5	2	1	0.47
13   2	|	1	7	1	1	1	0.25
13   3	|	17	154	10	9	8	0.39
13   4	|	1	6	0	0	0	1.00
13   5	|	0	3	0	0	0	 - 
13   6	|	0	8	0	0	0	 - 
13   7	|	5	71	10	6	8	0.17
13   8	|	0	7	0	1	0	0.00
13   9	|	1	51	2	2	7	0.08
13   10	|	0	4	0	0	1	0.00
13   11	|	0	6	0	1	0	0.00
13   12	|	2	38	1	11	8	0.09
13   13	|	1	23	2	2	3	0.13
13   14	|	0	13	0	1	0	0.00
13   15	|	0	6	2	1	1	0.00
13   16	|	0	1	1	0	0	0.00
13   18	|	0	1	0	2	0	0.00
13   22	|	2	12	3	8	8	0.10
13   23	|	0	4	4	15	9	0.00
13   24	|	0	1	2	3	1	0.00
13   28	|	0	0	0	3	0	0.00
13   29	|	0	0	0	0	1	0.00
13   30	|	0	2	0	1	2	0.00
13   32	|	0	18	3	4	2	0.00
13   33	|	0	6	0	3	1	0.00
13   34	|	2	58	3	4	7	0.13
13   35	|	0	15	2	2	2	0.00
13   36	|	3	31	3	12	5	0.13
13   37	|	2	9	3	6	2	0.15
13   38	|	0	3	0	0	0	 - 
13   39	|	1	3	0	0	2	0.33
13   40	|	2	24	3	2	5	0.17
13   41	|	4	101	5	27	21	0.07
13   42	|	1	18	10	9	20	0.03
13   43	|	0	6	1	1	2	0.00
13   44	|	0	4	0	0	1	0.00
13   48	|	0	6	5	5	9	0.00
13   49	|	0	2	0	0	0	 - 
13   50	|	0	1	0	0	0	 - 
13   52	|	1	1	1	4	3	0.11
13   53	|	0	0	2	5	10	0.00

14   1	|	2	61	3	1	3	0.22
14   2	|	0	4	0	1	1	0.00
14   3	|	10	111	4	3	7	0.42
14   4	|	0	3	0	0	0	 - 
14   5	|	0	2	0	0	0	 - 
14   6	|	0	6	0	0	0	 - 
14   7	|	2	40	4	1	4	0.18
14   9	|	3	36	2	5	5	0.20
14   10	|	0	0	1	0	0	0.00
14   11	|	0	1	1	0	0	0.00
14   12	|	4	40	1	2	4	0.36
14   13	|	1	5	1	1	3	0.17
14   14	|	2	9	0	0	2	0.50
14   15	|	0	4	0	3	4	0.00
14   18	|	0	1	0	0	1	0.00
14   22	|	0	5	3	5	3	0.00
14   23	|	0	2	6	3	11	0.00
14   24	|	0	4	2	2	1	0.00
14   29	|	0	0	0	1	1	0.00
14   30	|	0	0	0	0	1	0.00
14   32	|	1	17	3	0	0	0.25
14   33	|	1	3	0	0	0	1.00
14   34	|	2	52	6	0	5	0.15
14   35	|	0	3	0	0	2	0.00
14   36	|	0	27	2	1	2	0.00
14   37	|	0	10	0	2	2	0.00
14   38	|	0	2	0	0	0	 - 
14   39	|	1	4	0	0	0	1.00
14   40	|	0	19	2	4	3	0.00
14   41	|	4	67	9	13	14	0.10
14   42	|	1	11	4	4	11	0.05
14   43	|	0	6	0	1	0	0.00
14   44	|	0	2	0	0	0	 - 
14   48	|	1	5	2	3	9	0.07
14   49	|	0	2	0	0	1	0.00
14   52	|	0	2	0	2	3	0.00
14   53	|	1	5	0	7	9	0.06

15   1	|	1	24	1	0	0	0.50
15   2	|	0	1	0	0	0	 - 
15   3	|	3	38	5	0	0	0.38
15   5	|	0	1	0	0	0	 - 
15   7	|	1	18	2	0	0	0.33
15   9	|	1	10	1	0	0	0.50
15   12	|	0	6	0	1	1	0.00
15   13	|	0	2	0	1	0	0.00
15   14	|	0	2	0	0	0	 - 
15   15	|	0	2	0	0	0	 - 
15   22	|	0	1	1	2	0	0.00
15   23	|	0	0	0	1	0	0.00
15   24	|	0	0	0	2	0	0.00
15   32	|	0	4	0	0	0	 - 
15   33	|	0	1	0	0	0	 - 
15   34	|	1	10	0	0	0	1.00
15   35	|	0	3	0	0	0	 - 
15   36	|	0	8	0	0	0	 - 
15   37	|	0	3	0	0	0	 - 
15   38	|	0	1	0	0	0	 - 
15   40	|	0	7	0	1	1	0.00
15   41	|	2	13	0	0	0	1.00
15   42	|	0	1	0	0	0	 - 
15   43	|	0	1	0	0	0	 - 
15   48	|	0	1	0	1	0	0.00
15   52	|	0	1	0	0	0	 - 
15   53	|	0	1	1	0	0	0.00

16   1	|	6	78	2	1	2	0.55
16   2	|	0	6	0	0	1	0.00
16   3	|	8	121	10	2	3	0.35
16   4	|	0	16	1	1	1	0.00
16   5	|	1	5	1	1	1	0.25
16   6	|	0	1	0	0	0	 - 
16   7	|	6	53	4	6	7	0.26
16   8	|	0	18	0	0	0	 - 
16   9	|	1	42	4	8	5	0.06
16   10	|	0	10	0	0	2	0.00
16   11	|	0	4	0	0	0	 - 
16   12	|	2	45	7	3	8	0.10
16   13	|	5	97	9	11	10	0.14
16   14	|	1	12	1	3	1	0.17
16   15	|	1	21	6	3	6	0.06
16   18	|	0	2	0	2	3	0.00
16   22	|	1	15	3	12	13	0.03
16   23	|	2	35	10	21	27	0.03
16   24	|	0	3	0	1	2	0.00
16   28	|	0	3	1	2	3	0.00
16   29	|	0	1	0	0	0	 - 
16   30	|	0	1	1	2	0	0.00
16   32	|	3	14	1	1	2	0.43
16   33	|	0	17	1	0	1	0.00
16   34	|	4	56	7	3	8	0.18
16   35	|	1	48	3	3	3	0.10
16   36	|	3	32	5	5	10	0.13
16   37	|	8	88	2	11	14	0.23
16   38	|	0	2	0	0	0	 - 
16   39	|	1	7	0	0	0	1.00
16   40	|	3	31	8	6	11	0.11
16   41	|	10	87	21	20	32	0.12
16   42	|	7	116	18	14	21	0.12
16   43	|	3	10	2	2	4	0.27
16   44	|	0	5	1	1	1	0.00
16   48	|	1	20	7	16	9	0.03
16   49	|	0	4	1	0	3	0.00
16   52	|	2	18	3	10	13	0.07
16   53	|	0	27	8	10	19	0.00

17   1	|	1	10	0	0	0	1.00
17   2	|	0	1	0	0	0	 - 
17   3	|	2	19	2	0	0	0.50
17   4	|	0	2	0	0	0	 - 
17   6	|	0	1	0	0	0	 - 
17   7	|	0	12	1	0	1	0.00
17   8	|	0	3	0	0	0	 - 
17   9	|	0	10	1	0	0	0.00
17   10	|	0	5	0	0	0	 - 
17   11	|	0	1	0	0	0	 - 
17   12	|	0	4	1	0	0	0.00
17   13	|	0	6	0	2	3	0.00
17   14	|	0	6	0	0	0	 - 
17   15	|	0	1	0	1	0	0.00
17   22	|	1	1	0	4	0	0.20
17   23	|	0	4	0	3	2	0.00
17   28	|	0	0	0	1	0	0.00
17   30	|	0	1	0	0	0	 - 
17   32	|	0	1	0	0	0	 - 
17   33	|	0	1	0	0	0	 - 
17   34	|	1	9	2	0	0	0.33
17   35	|	0	7	0	0	1	0.00
17   36	|	1	11	0	1	0	0.50
17   37	|	1	5	0	1	1	0.33
17   38	|	0	2	0	0	1	0.00
17   39	|	0	2	0	0	0	 - 
17   40	|	0	3	0	1	0	0.00
17   41	|	0	18	1	5	1	0.00
17   42	|	2	18	2	0	3	0.29
17   44	|	0	2	0	0	0	 - 
17   48	|	0	2	0	5	0	0.00
17   49	|	0	2	0	0	0	 - 
17   50	|	0	0	0	1	0	0.00
17   52	|	0	4	0	0	0	 - 
17   53	|	0	7	0	2	0	0.00

18   1	|	2	20	0	0	0	1.00
18   2	|	0	1	0	0	0	 - 
18   3	|	0	48	4	0	2	0.00
18   4	|	1	3	0	0	0	1.00
18   6	|	0	3	0	0	0	 - 
18   7	|	1	13	2	1	1	0.20
18   8	|	0	1	0	0	0	 - 
18   9	|	0	16	2	1	0	0.00
18   11	|	0	1	0	0	0	 - 
18   12	|	0	15	1	0	0	0.00
18   13	|	0	3	0	0	0	 - 
18   14	|	0	4	0	0	0	 - 
18   22	|	1	1	0	1	0	0.50
18   24	|	0	2	0	1	0	0.00
18   32	|	0	6	0	0	0	 - 
18   33	|	0	1	0	0	0	 - 
18   34	|	1	6	2	1	0	0.25
18   35	|	0	1	0	0	0	 - 
18   36	|	1	8	0	1	1	0.33
18   37	|	0	2	0	0	0	 - 
18   38	|	0	1	0	0	0	 - 
18   39	|	0	0	1	0	0	0.00
18   40	|	0	4	0	0	1	0.00
18   41	|	3	24	1	2	0	0.50
18   42	|	0	4	0	0	0	 - 
18   43	|	0	2	0	0	0	 - 
18   48	|	0	1	0	1	1	0.00
18   49	|	0	1	0	0	0	 - 
18   53	|	0	0	0	2	0	0.00

20   1	|	0	25	1	0	1	0.00
20   2	|	0	1	0	0	0	 - 
20   3	|	4	21	4	0	1	0.44
20   4	|	0	1	0	0	0	 - 
20   6	|	0	1	0	0	0	 - 
20   7	|	0	10	2	0	1	0.00
20   9	|	0	21	0	0	0	 - 
20   12	|	3	23	4	0	2	0.33
20   13	|	0	0	1	1	0	0.00
20   14	|	0	0	0	0	1	0.00
20   15	|	1	0	0	0	1	0.50
20   16	|	0	2	0	0	0	 - 
20   17	|	0	2	0	0	0	 - 
20   18	|	0	2	0	0	0	 - 
20   22	|	0	5	0	0	0	 - 
20   23	|	0	3	0	0	1	0.00
20   24	|	0	1	0	0	0	 - 
20   31	|	0	6	0	0	1	0.00
20   32	|	1	1	1	0	0	0.50
20   33	|	0	1	0	0	0	 - 
20   34	|	0	8	3	0	0	0.00
20   35	|	0	1	0	0	0	 - 
20   36	|	1	6	0	0	1	0.50
20   37	|	0	5	2	0	1	0.00
20   38	|	0	4	0	0	0	 - 
20   39	|	0	5	1	0	0	0.00
20   40	|	0	12	1	0	3	0.00
20   41	|	2	30	3	0	3	0.25
20   42	|	1	3	2	3	1	0.14
20   43	|	0	1	2	0	0	0.00
20   44	|	0	1	0	0	0	 - 
20   48	|	2	5	1	2	5	0.20
20   49	|	0	1	0	1	1	0.00
20   50	|	0	2	0	2	0	0.00
20   52	|	0	0	1	0	0	0.00
20   53	|	1	3	4	0	1	0.17

21   1	|	13	170	6	0	8	0.48
21   2	|	2	8	0	0	0	1.00
21   3	|	13	305	14	0	8	0.37
21   4	|	0	6	2	0	0	0.00
21   5	|	0	13	0	0	0	 - 
21   6	|	1	19	0	0	0	1.00
21   7	|	4	84	6	5	5	0.20
21   8	|	0	0	2	0	0	0.00
21   9	|	10	157	8	0	10	0.36
21   10	|	0	3	1	0	0	0.00
21   11	|	0	18	0	0	0	 - 
21   12	|	10	140	11	1	8	0.33
21   13	|	2	14	1	1	1	0.40
21   14	|	0	10	2	0	2	0.00
21   15	|	2	11	0	1	1	0.50
21   16	|	0	0	0	0	1	0.00
21   17	|	0	1	0	0	0	 - 
21   18	|	0	6	1	0	1	0.00
21   22	|	5	39	2	0	3	0.50
21   23	|	1	9	2	3	4	0.10
21   24	|	0	11	0	0	2	0.00
21   28	|	0	1	1	0	0	0.00
21   30	|	0	7	0	1	0	0.00
21   31	|	2	52	3	0	3	0.25
21   32	|	3	21	1	0	4	0.38
21   33	|	0	3	0	0	0	 - 
21   34	|	3	49	2	5	6	0.19
21   35	|	2	6	1	0	0	0.67
21   36	|	5	65	7	2	1	0.33
21   37	|	2	13	0	1	2	0.40
21   38	|	2	10	0	0	0	1.00
21   39	|	0	13	0	0	2	0.00
21   40	|	6	84	3	0	1	0.60
21   41	|	10	184	11	4	13	0.26
21   42	|	1	19	4	5	6	0.06
21   43	|	2	14	1	0	2	0.40
21   44	|	0	5	0	0	2	0.00
21   48	|	1	26	3	2	6	0.08
21   49	|	0	1	4	3	2	0.00
21   50	|	1	7	0	0	0	1.00
21   52	|	0	5	1	0	4	0.00
21   53	|	1	12	2	2	9	0.07

22   1	|	5	54	4	0	0	0.56
22   2	|	0	6	0	0	0	 - 
22   3	|	7	67	10	1	6	0.29
22   4	|	0	0	1	1	1	0.00
22   5	|	0	3	0	0	3	0.00
22   6	|	0	2	1	0	0	0.00
22   7	|	1	32	6	2	8	0.06
22   8	|	0	2	0	1	1	0.00
22   9	|	2	33	5	0	4	0.18
22   10	|	0	2	0	0	1	0.00
22   11	|	0	3	0	0	0	 - 
22   12	|	4	37	3	2	9	0.22
22   13	|	2	16	6	3	4	0.13
22   14	|	0	5	2	1	3	0.00
22   15	|	0	9	1	3	6	0.00
22   16	|	0	1	0	0	0	 - 
22   17	|	0	2	0	0	0	 - 
22   18	|	0	4	0	0	1	0.00
22   22	|	0	17	6	3	7	0.00
22   23	|	1	9	4	6	17	0.04
22   24	|	1	9	3	2	4	0.10
22   28	|	0	1	0	0	0	 - 
22   29	|	0	1	0	0	0	 - 
22   30	|	0	1	0	0	2	0.00
22   31	|	0	13	2	1	2	0.00
22   32	|	1	10	0	2	2	0.20
22   33	|	0	4	1	1	2	0.00
22   34	|	0	16	6	2	6	0.00
22   35	|	1	4	1	4	3	0.11
22   36	|	1	29	2	2	7	0.08
22   37	|	0	27	3	2	7	0.00
22   38	|	0	4	0	0	0	 - 
22   39	|	0	6	0	0	2	0.00
22   40	|	3	32	4	3	5	0.20
22   41	|	6	53	14	7	23	0.12
22   42	|	5	49	17	10	23	0.09
22   43	|	0	9	2	1	8	0.00
22   44	|	0	4	1	0	1	0.00
22   48	|	6	33	13	11	23	0.11
22   49	|	1	13	9	2	20	0.03
22   50	|	1	2	1	2	7	0.09
22   52	|	1	14	4	2	8	0.07
22   53	|	0	24	8	8	40	0.00

23   1	|	5	91	3	4	3	0.33
23   2	|	0	5	0	0	0	 - 
23   3	|	7	104	14	8	12	0.17
23   4	|	0	4	0	1	0	0.00
23   5	|	0	3	0	0	0	 - 
23   6	|	0	11	1	2	0	0.00
23   7	|	6	48	12	6	5	0.21
23   8	|	1	1	0	1	2	0.25
23   9	|	2	72	4	1	5	0.17
23   10	|	0	1	0	0	1	0.00
23   11	|	1	9	1	1	0	0.33
23   12	|	5	59	3	2	16	0.19
23   13	|	1	10	5	3	10	0.05
23   14	|	1	5	1	0	5	0.14
23   15	|	0	3	2	0	3	0.00
23   16	|	0	3	0	0	0	 - 
23   17	|	0	2	1	0	0	0.00
23   18	|	0	1	2	2	0	0.00
23   22	|	1	19	3	0	15	0.05
23   23	|	0	0	6	2	6	0.00
23   24	|	0	2	2	0	2	0.00
23   28	|	0	0	1	0	0	0.00
23   29	|	0	0	0	0	1	0.00
23   30	|	0	2	1	0	1	0.00
23   31	|	0	21	2	1	4	0.00
23   32	|	0	21	2	4	5	0.00
23   33	|	0	0	0	1	1	0.00
23   34	|	3	45	8	7	12	0.10
23   35	|	1	4	1	0	1	0.33
23   36	|	4	26	1	0	15	0.20
23   37	|	0	5	3	0	6	0.00
23   38	|	1	5	0	0	0	1.00
23   39	|	0	2	0	0	1	0.00
23   40	|	2	43	5	4	7	0.11
23   41	|	6	92	15	10	36	0.09
23   42	|	0	4	2	2	4	0.00
23   43	|	0	0	0	2	1	0.00
23   44	|	0	3	0	0	1	0.00
23   48	|	1	1	1	1	3	0.17
23   52	|	0	6	1	0	2	0.00
23   53	|	0	6	1	1	4	0.00

24   1	|	3	40	3	0	0	0.50
24   2	|	1	1	0	0	0	1.00
24   3	|	1	43	5	3	5	0.07
24   4	|	0	1	0	0	0	 - 
24   5	|	0	2	0	0	0	 - 
24   6	|	0	1	0	0	0	 - 
24   7	|	2	15	3	1	3	0.22
24   9	|	2	29	0	2	2	0.33
24   10	|	0	2	0	0	0	 - 
24   11	|	0	1	0	0	0	 - 
24   12	|	3	27	4	0	3	0.30
24   13	|	0	9	2	3	8	0.00
24   14	|	0	6	0	0	0	 - 
24   15	|	0	3	1	0	0	0.00
24   16	|	0	1	0	0	0	 - 
24   17	|	0	2	0	0	0	 - 
24   22	|	0	1	2	2	6	0.00
24   23	|	1	1	3	1	4	0.11
24   24	|	0	2	0	0	1	0.00
24   28	|	0	0	0	0	1	0.00
24   29	|	0	1	0	0	0	 - 
24   30	|	1	0	0	0	1	0.50
24   31	|	1	7	2	0	0	0.33
24   32	|	0	10	2	3	1	0.00
24   33	|	0	1	0	0	0	 - 
24   34	|	1	15	4	1	5	0.09
24   35	|	0	2	0	0	2	0.00
24   36	|	1	8	7	1	3	0.08
24   37	|	1	2	1	0	4	0.17
24   38	|	0	2	1	0	1	0.00
24   39	|	0	0	0	0	1	0.00
24   40	|	1	14	1	1	7	0.10
24   41	|	1	33	9	4	25	0.03
24   42	|	1	4	1	0	3	0.20
24   43	|	0	4	0	0	1	0.00
24   44	|	0	1	1	0	0	0.00
24   48	|	0	0	0	0	2	0.00
24   52	|	0	0	0	0	1	0.00
24   53	|	0	1	1	1	8	0.00

25   1	|	1	18	1	1	0	0.33
25   2	|	0	2	0	0	1	0.00
25   3	|	3	30	1	0	1	0.60
25   4	|	0	1	0	0	0	 - 
25   5	|	0	0	1	0	0	0.00
25   6	|	0	2	0	0	0	 - 
25   7	|	0	7	0	0	0	 - 
25   9	|	1	12	0	0	2	0.33
25   10	|	0	1	0	0	0	 - 
25   11	|	0	1	0	0	0	 - 
25   12	|	2	8	0	0	0	1.00
25   13	|	1	1	0	0	1	0.50
25   14	|	0	3	0	0	0	 - 
25   15	|	0	1	0	0	0	 - 
25   22	|	0	4	1	1	2	0.00
25   23	|	0	4	0	0	1	0.00
25   24	|	0	1	0	0	0	 - 
25   28	|	0	1	0	0	0	 - 
25   34	|	0	3	0	0	0	 - 
25   35	|	0	1	0	0	0	 - 
25   36	|	0	5	0	0	0	 - 
25   37	|	1	3	0	0	1	0.50
25   38	|	0	2	0	0	0	 - 
25   40	|	0	8	0	0	0	 - 
25   41	|	0	11	0	1	2	0.00
25   42	|	1	12	1	2	2	0.17
25   43	|	1	0	1	0	0	0.50
25   48	|	0	4	0	1	3	0.00
25   49	|	0	1	0	0	2	0.00
25   50	|	0	1	0	0	0	 - 
25   52	|	1	1	0	0	0	1.00
25   53	|	0	2	0	1	2	0.00

26   1	|	1	9	1	1	1	0.25
26   2	|	0	1	0	0	0	 - 
26   3	|	2	17	1	1	0	0.50
26   5	|	0	1	0	0	0	 - 
26   7	|	0	8	0	1	0	0.00
26   9	|	1	7	0	0	0	1.00
26   12	|	4	9	0	0	1	0.80
26   13	|	0	3	1	0	2	0.00
26   14	|	0	0	0	1	0	0.00
26   15	|	0	2	0	0	2	0.00
26   18	|	0	1	0	0	1	0.00
26   22	|	0	2	2	0	2	0.00
26   23	|	0	2	3	1	4	0.00
26   24	|	0	1	0	0	1	0.00
26   32	|	0	2	0	0	1	0.00
26   33	|	0	2	0	0	0	 - 
26   34	|	1	3	2	1	2	0.17
26   35	|	0	0	1	0	0	0.00
26   36	|	0	6	0	0	0	 - 
26   37	|	0	3	1	1	0	0.00
26   39	|	0	1	0	0	0	 - 
26   40	|	0	4	1	0	1	0.00
26   41	|	1	12	1	2	3	0.14
26   42	|	1	4	2	2	2	0.14
26   43	|	0	0	1	1	0	0.00
26   44	|	0	1	0	0	0	 - 
26   48	|	0	2	0	0	7	0.00
26   49	|	0	1	0	0	0	 - 
26   52	|	0	1	0	0	0	 - 
26   53	|	1	3	2	1	2	0.17

30   1	|	3	46	5	0	1	0.33
30   2	|	0	4	0	0	0	 - 
30   3	|	7	59	5	0	1	0.54
30   4	|	0	1	0	0	0	 - 
30   5	|	0	1	0	0	0	 - 
30   6	|	0	3	0	0	0	 - 
30   7	|	1	28	2	3	1	0.14
30   8	|	1	1	0	0	1	0.50
30   9	|	7	42	2	0	2	0.64
30   11	|	0	3	0	0	0	 - 
30   12	|	0	21	2	0	2	0.00
30   13	|	0	1	2	1	0	0.00
30   14	|	0	2	0	0	0	 - 
30   15	|	1	1	1	0	1	0.33
30   19	|	1	36	2	0	0	0.33
30   20	|	0	2	2	0	0	0.00
30   21	|	1	0	0	0	1	0.50
30   22	|	0	3	0	0	0	 - 
30   24	|	0	2	0	0	0	 - 
30   25	|	0	3	0	0	0	 - 
30   26	|	0	0	0	0	1	0.00
30   27	|	0	0	0	1	0	0.00
30   32	|	0	7	1	0	3	0.00
30   34	|	0	14	1	1	0	0.00
30   35	|	0	2	0	0	0	 - 
30   36	|	0	17	1	0	0	0.00
30   37	|	0	5	0	0	0	 - 
30   38	|	0	1	1	0	0	0.00
30   39	|	0	1	0	0	0	 - 
30   40	|	0	13	1	0	1	0.00
30   41	|	0	16	2	1	1	0.00
30   42	|	0	1	0	0	0	 - 
30   43	|	0	2	0	0	0	 - 
30   44	|	1	1	0	0	1	0.50
30   45	|	1	19	0	1	1	0.33
30   46	|	0	2	1	0	0	0.00
30   48	|	0	2	0	0	0	 - 
30   51	|	0	2	0	1	0	0.00
30   52	|	0	1	0	0	0	 - 
30   53	|	0	2	0	0	0	 - 

31   1	|	7	81	3	0	2	0.58
31   2	|	0	4	1	0	0	0.00
31   3	|	11	109	2	0	1	0.79
31   5	|	0	1	0	0	0	 - 
31   6	|	0	3	0	0	0	 - 
31   7	|	1	40	7	0	2	0.10
31   9	|	4	75	7	0	1	0.33
31   11	|	0	1	0	0	0	 - 
31   12	|	0	28	0	1	7	0.00
31   13	|	0	2	2	0	0	0.00
31   14	|	1	9	1	0	0	0.50
31   15	|	0	1	2	0	0	0.00
31   16	|	0	1	0	0	0	 - 
31   18	|	0	2	1	0	0	0.00
31   19	|	6	50	6	3	8	0.26
31   20	|	0	2	1	0	0	0.00
31   21	|	0	4	2	0	0	0.00
31   22	|	0	10	2	2	2	0.00
31   23	|	0	1	1	0	0	0.00
31   24	|	0	2	0	1	0	0.00
31   25	|	0	12	0	0	0	 - 
31   26	|	0	0	0	0	2	0.00
31   27	|	0	2	0	0	0	 - 
31   29	|	0	2	0	0	0	 - 
31   32	|	0	7	0	0	0	 - 
31   34	|	2	17	3	1	0	0.33
31   35	|	1	0	0	0	0	1.00
31   36	|	3	22	0	0	0	1.00
31   37	|	0	1	0	0	0	 - 
31   38	|	0	2	0	0	0	 - 
31   39	|	0	5	0	0	1	0.00
31   40	|	5	24	1	1	1	0.63
31   41	|	2	30	6	1	2	0.18
31   42	|	0	1	0	0	1	0.00
31   43	|	0	1	1	0	0	0.00
31   44	|	0	1	0	0	0	 - 
31   45	|	2	23	3	1	3	0.22
31   46	|	0	3	1	0	2	0.00
31   47	|	1	1	0	0	0	1.00
31   48	|	0	2	0	0	0	 - 
31   50	|	0	1	0	0	0	 - 
31   51	|	2	2	0	1	1	0.50
31   53	|	0	1	0	1	0	0.00

32   1	|	2	49	1	0	2	0.40
32   2	|	0	1	0	0	0	 - 
32   3	|	8	66	1	0	1	0.80
32   4	|	0	4	0	0	0	 - 
32   5	|	0	1	0	0	0	 - 
32   6	|	1	1	0	0	0	1.00
32   7	|	0	34	3	0	1	0.00
32   8	|	0	1	0	0	0	 - 
32   9	|	4	52	4	0	3	0.36
32   11	|	0	2	0	0	0	 - 
32   12	|	1	28	2	0	3	0.17
32   13	|	0	2	0	0	1	0.00
32   14	|	0	7	0	0	0	 - 
32   15	|	0	1	0	0	0	 - 
32   18	|	0	1	0	0	0	 - 
32   19	|	3	36	2	1	2	0.38
32   20	|	0	3	0	0	1	0.00
32   21	|	0	3	0	0	1	0.00
32   22	|	0	4	0	0	3	0.00
32   23	|	0	0	1	0	1	0.00
32   24	|	0	3	0	0	1	0.00
32   25	|	0	2	1	0	1	0.00
32   26	|	0	1	0	0	0	 - 
32   29	|	0	1	0	0	0	 - 
32   32	|	1	11	1	0	1	0.33
32   34	|	0	5	3	0	1	0.00
32   35	|	0	0	0	0	1	0.00
32   36	|	3	17	0	0	1	0.75
32   37	|	1	4	0	0	0	1.00
32   38	|	0	3	0	0	0	 - 
32   39	|	1	6	0	0	0	1.00
32   40	|	2	19	2	0	1	0.40
32   41	|	0	22	4	1	0	0.00
32   42	|	1	1	0	0	0	1.00
32   43	|	0	4	0	0	0	 - 
32   45	|	0	16	3	1	5	0.00
32   46	|	0	1	0	0	0	 - 
32   47	|	0	2	0	0	0	 - 
32   48	|	1	0	0	0	1	0.50
32   49	|	0	1	0	0	0	 - 
32   51	|	0	2	2	0	2	0.00
32   52	|	0	2	0	0	0	 - 
32   53	|	0	1	0	0	4	0.00

33   1	|	3	11	1	0	0	0.75
33   2	|	0	3	0	0	0	 - 
33   3	|	2	15	0	0	2	0.50
33   4	|	0	1	0	0	0	 - 
33   5	|	0	1	0	0	0	 - 
33   6	|	0	0	1	0	0	0.00
33   7	|	1	5	1	0	0	0.50
33   9	|	1	8	1	0	0	0.50
33   11	|	0	1	0	0	0	 - 
33   12	|	0	3	0	0	1	0.00
33   14	|	1	0	0	0	0	1.00
33   19	|	2	4	0	0	2	0.50
33   20	|	0	1	1	0	0	0.00
33   21	|	0	1	0	0	0	 - 
33   25	|	0	1	0	0	0	 - 
33   27	|	0	1	0	0	0	 - 
33   30	|	0	0	0	0	1	0.00
33   32	|	0	3	0	0	0	 - 
33   34	|	0	2	0	0	0	 - 
33   36	|	0	5	1	0	1	0.00
33   37	|	0	1	0	0	0	 - 
33   40	|	1	4	0	0	0	1.00
33   41	|	1	8	0	0	1	0.50
33   42	|	0	1	0	0	1	0.00
33   43	|	0	0	0	0	1	0.00
33   45	|	1	3	3	0	0	0.25
33   46	|	0	0	0	0	1	0.00
33   51	|	0	1	1	0	0	0.00
33   53	|	0	1	0	0	1	0.00

34   3	|	0	1	0	0	0	 - 
34   7	|	0	1	0	0	0	 - 
34   12	|	1	0	0	0	0	1.00
34   15	|	0	0	1	0	0	0.00
34   19	|	0	3	2	0	1	0.00
34   22	|	0	1	0	0	0	 - 
34   23	|	0	2	0	0	0	 - 
34   25	|	0	1	0	0	0	 - 
34   37	|	0	1	0	0	0	 - 
34   40	|	0	1	0	0	0	 - 
34   41	|	0	1	0	0	1	0.00
34   43	|	0	0	0	0	1	0.00
34   45	|	0	1	1	0	2	0.00
34   46	|	0	0	0	1	1	0.00
34   49	|	0	0	0	0	1	0.00
34   51	|	0	0	0	0	2	0.00
34   53	|	0	0	0	0	1	0.00

35   1	|	0	6	0	0	0	 - 
35   3	|	1	12	1	0	0	0.50
35   6	|	0	1	0	0	0	 - 
35   7	|	1	10	0	0	0	1.00
35   9	|	2	12	0	0	0	1.00
35   12	|	0	13	1	0	2	0.00
35   13	|	0	1	1	0	0	0.00
35   14	|	0	1	0	0	1	0.00
35   15	|	0	1	0	0	0	 - 
35   19	|	0	23	1	0	3	0.00
35   20	|	0	1	0	0	1	0.00
35   21	|	0	1	0	0	0	 - 
35   22	|	0	3	0	0	0	 - 
35   25	|	0	0	2	0	0	0.00
35   27	|	0	1	0	0	0	 - 
35   29	|	0	1	0	0	0	 - 
35   32	|	1	6	1	0	0	0.50
35   34	|	0	1	1	1	2	0.00
35   36	|	1	5	0	0	0	1.00
35   37	|	0	2	0	0	0	 - 
35   38	|	0	1	0	0	1	0.00
35   39	|	0	1	0	0	0	 - 
35   40	|	1	6	0	0	0	1.00
35   41	|	1	16	2	0	0	0.33
35   42	|	1	0	0	0	1	0.50
35   43	|	0	1	0	0	1	0.00
35   45	|	2	5	1	3	3	0.22
35   46	|	1	1	0	2	4	0.14
35   48	|	0	2	1	0	0	0.00
35   49	|	0	1	0	0	0	 - 
35   51	|	0	2	1	1	3	0.00

36   1	|	0	1	1	0	0	0.00
36   3	|	0	5	1	1	0	0.00
36   6	|	0	1	0	0	0	 - 
36   7	|	1	4	0	0	0	1.00
36   8	|	0	1	0	0	0	 - 
36   9	|	0	3	0	0	0	 - 
36   12	|	0	4	1	0	1	0.00
36   13	|	0	1	0	1	0	0.00
36   18	|	0	1	0	0	0	 - 
36   19	|	0	9	3	0	6	0.00
36   20	|	0	1	2	0	2	0.00
36   23	|	0	0	0	1	0	0.00
36   25	|	0	1	0	0	3	0.00
36   26	|	0	0	0	0	1	0.00
36   32	|	0	3	0	0	0	 - 
36   34	|	0	3	0	1	1	0.00
36   36	|	0	1	0	0	0	 - 
36   39	|	0	1	0	0	0	 - 
36   40	|	0	5	0	1	0	0.00
36   41	|	0	6	0	1	2	0.00
36   45	|	0	0	0	1	0	0.00
36   53	|	0	0	0	1	0	0.00

37   1	|	0	2	0	0	0	 - 
37   3	|	0	3	0	0	0	 - 
37   6	|	0	1	0	0	0	 - 
37   7	|	0	1	0	0	0	 - 
37   12	|	1	1	0	0	1	0.50
37   15	|	0	1	0	0	0	 - 
37   19	|	1	6	2	0	3	0.17
37   20	|	0	0	0	0	1	0.00
37   22	|	0	0	0	1	0	0.00
37   23	|	0	0	1	1	4	0.00
37   24	|	0	0	0	1	1	0.00
37   25	|	0	0	1	0	3	0.00
37   26	|	0	0	0	0	1	0.00
37   27	|	0	0	0	1	2	0.00
37   34	|	0	2	0	0	0	 - 
37   36	|	0	1	0	0	0	 - 
37   39	|	0	0	0	1	0	0.00
37   40	|	0	2	1	0	0	0.00
37   41	|	0	3	1	0	2	0.00
37   42	|	0	1	1	1	4	0.00
37   43	|	0	2	0	0	1	0.00
37   45	|	0	5	8	3	15	0.00
37   46	|	0	4	2	1	4	0.00
37   47	|	0	1	0	1	1	0.00
37   48	|	0	0	0	0	3	0.00
37   51	|	0	6	1	2	13	0.00
37   52	|	0	0	0	0	1	0.00
37   53	|	0	2	2	2	4	0.00

38   1	|	0	1	0	0	0	 - 
38   3	|	0	5	0	0	0	 - 
38   7	|	0	4	0	0	1	0.00
38   9	|	0	2	0	0	1	0.00
38   11	|	0	2	0	0	0	 - 
38   12	|	0	1	0	0	0	 - 
38   19	|	1	1	0	0	7	0.13
38   20	|	0	0	0	0	2	0.00
38   22	|	0	1	0	0	0	 - 
38   25	|	0	1	0	0	0	 - 
38   30	|	0	1	0	0	0	 - 
38   34	|	0	0	1	0	1	0.00
38   35	|	0	1	0	0	0	 - 
38   37	|	0	1	0	0	0	 - 
38   40	|	0	1	1	0	1	0.00
38   41	|	0	1	0	0	1	0.00

39   1	|	0	1	0	0	0	 - 
39   3	|	1	0	0	0	0	1.00
39   7	|	0	2	0	0	0	 - 
39   9	|	0	1	0	0	0	 - 
39   14	|	0	1	0	0	0	 - 
39   19	|	0	0	0	0	1	0.00
39   20	|	0	0	1	0	0	0.00
39   23	|	0	0	1	0	0	0.00
39   25	|	0	0	1	0	0	0.00
39   45	|	0	1	0	0	0	 - 
39   46	|	0	1	0	0	0	 - 
39   48	|	0	1	0	0	0	 - 
39   52	|	0	1	0	0	0	 - 
39   53	|	0	0	0	0	1	0.00

40   1	|	0	21	0	0	0	 - 
40   2	|	0	1	0	0	0	 - 
40   3	|	0	22	2	0	2	0.00
40   4	|	0	3	0	0	0	 - 
40   5	|	0	1	0	0	0	 - 
40   6	|	0	3	0	0	0	 - 
40   7	|	3	33	1	0	0	0.75
40   9	|	2	15	0	0	0	1.00
40   11	|	0	1	0	0	0	 - 
40   12	|	0	20	2	0	0	0.00
40   14	|	1	5	0	0	0	1.00
40   17	|	0	1	0	0	0	 - 
40   22	|	0	3	1	0	0	0.00
40   29	|	0	1	0	0	0	 - 
40   32	|	0	3	1	0	1	0.00
40   34	|	1	11	0	0	2	0.33
40   36	|	1	10	0	0	0	1.00
40   37	|	0	2	0	0	0	 - 
40   40	|	1	15	1	0	0	0.50
40   41	|	2	24	2	2	0	0.33

41   1	|	3	32	0	0	0	1.00
41   2	|	0	5	0	0	1	0.00
41   3	|	2	39	1	0	1	0.50
41   6	|	0	1	0	0	0	 - 
41   7	|	4	70	8	0	4	0.25
41   9	|	2	29	3	0	1	0.33
41   11	|	0	2	0	0	0	 - 
41   29	|	1	1	0	0	0	1.00
41   33	|	0	1	0	0	0	 - 
41   36	|	1	17	0	0	0	1.00
41   38	|	0	1	0	0	0	 - 
41   40	|	2	22	1	1	3	0.29
41   44	|	0	3	0	0	0	 - 

42   1	|	1	28	0	0	2	0.33
42   2	|	0	2	0	0	0	 - 
42   3	|	4	35	1	1	3	0.44
42   7	|	3	43	2	1	0	0.50
42   8	|	0	1	0	0	0	 - 
42   9	|	3	21	1	0	1	0.60
42   11	|	0	3	0	0	0	 - 
42   30	|	0	1	0	0	0	 - 
42   32	|	2	6	2	0	1	0.40
42   36	|	0	15	1	1	0	0.00
42   38	|	0	1	0	0	0	 - 
42   40	|	1	19	1	1	2	0.20

43   1	|	0	6	2	0	0	0.00
43   2	|	0	1	0	0	0	 - 
43   3	|	0	5	0	0	0	 - 
43   5	|	0	1	0	0	0	 - 
43   9	|	0	14	0	0	2	0.00
43   11	|	0	2	0	0	0	 - 
43   44	|	0	1	1	0	0	0.00

44   1	|	0	5	0	0	0	 - 
44   3	|	2	11	0	0	0	1.00
44   4	|	0	1	0	0	0	 - 
44   8	|	0	0	0	0	1	0.00
44   9	|	0	2	1	0	0	0.00
44   11	|	0	1	0	0	0	 - 
44   14	|	0	1	0	0	0	 - 
44   35	|	0	1	0	0	0	 - 
44   37	|	0	0	1	0	0	0.00
44   44	|	0	1	0	0	0	 - 
44   48	|	0	0	0	0	1	0.00

45   1	|	0	2	0	0	0	 - 
45   3	|	0	1	0	0	0	 - 
45   9	|	0	1	0	0	0	 - 
45   34	|	0	2	0	0	0	 - 
45   40	|	0	1	0	0	0	 - 
45   41	|	1	0	0	0	0	1.00

46   1	|	1	6	1	0	1	0.33
46   11	|	0	1	1	0	0	0.00
46   37	|	0	5	1	0	0	0.00

47   1	|	0	1	0	0	0	 - 
47   7	|	0	1	0	0	0	 - 
47   35	|	0	1	0	0	0	 - 
47   37	|	0	1	0	0	0	 - 
47   48	|	0	0	0	1	0	0.00

48   1	|	1	0	0	0	0	1.00
48   3	|	0	4	0	0	0	 - 
48   7	|	0	2	0	0	0	 - 
48   9	|	0	1	0	0	0	 - 
48   12	|	0	1	0	0	0	 - 
48   22	|	0	1	0	0	0	 - 
48   41	|	1	1	0	0	0	1.00

50   1	|	8	46	4	0	2	0.57
50   2	|	0	8	0	0	0	 - 
50   3	|	3	83	7	1	4	0.20
50   5	|	0	2	0	0	0	 - 
50   6	|	0	2	0	0	0	 - 
50   7	|	2	42	0	1	3	0.33
50   9	|	6	45	2	0	0	0.75
50   10	|	0	1	0	0	0	 - 
50   12	|	2	18	0	0	3	0.40
50   14	|	0	8	2	0	0	0.00
50   29	|	0	1	0	0	0	 - 
50   32	|	1	7	0	0	1	0.50
50   33	|	0	1	0	0	0	 - 
50   34	|	0	18	1	0	0	0.00
50   36	|	1	19	0	1	0	0.50
50   38	|	0	2	0	0	0	 - 
50   40	|	0	14	2	0	1	0.00
50   43	|	1	2	0	0	0	1.00
50   44	|	0	2	0	0	0	 - 

51   1	|	8	124	2	0	3	0.62
51   2	|	0	4	1	0	0	0.00
51   3	|	7	169	11	2	8	0.25
51   9	|	7	101	4	3	3	0.41
51   10	|	0	1	0	0	0	 - 
51   11	|	1	9	0	0	0	1.00
51   14	|	1	16	0	0	0	1.00
51   29	|	0	1	0	0	0	 - 

52   1	|	6	66	5	0	4	0.40
52   2	|	0	6	1	0	0	0.00
52   3	|	8	104	0	3	0	0.73
52   5	|	2	4	0	0	0	1.00
52   9	|	2	67	2	0	6	0.20
52   10	|	0	3	1	0	0	0.00
52   11	|	0	5	0	0	0	 - 
52   18	|	0	1	0	0	0	 - 
52   38	|	0	4	0	2	0	0.00
52   44	|	0	3	1	1	1	0.00

53   1	|	1	31	3	0	1	0.20
53   11	|	0	1	0	0	0	 - 
53   16	|	1	0	0	0	0	1.00
53   36	|	0	12	1	1	1	0.00
53   44	|	0	3	1	0	0	0.00

54   1	|	1	24	1	0	1	0.33
54   43	|	0	1	0	0	0	 - 

55   3	|	0	6	0	0	0	 - 
55   7	|	0	5	0	0	0	 - 
55   9	|	0	3	0	0	0	 - 
55   11	|	0	1	0	0	0	 - 


57   1	|	0	1	0	0	0	 - 
57   8	|	0	2	1	0	0	0.00
57   10	|	0	1	0	0	0	 - 
57   30	|	0	0	0	0	1	0.00

58   1	|	1	6	0	0	0	1.00
58   3	|	1	8	0	0	0	1.00
58   48	|	0	1	0	0	0	 - 

60   1	|	0	1	0	0	0	 - 
60   2	|	1	0	0	0	0	1.00
60   3	|	1	0	0	0	0	1.00
60   6	|	0	1	0	0	0	 - 
60   12	|	0	0	0	1	0	0.00
60   13	|	0	1	0	0	0	 - 
60   22	|	1	1	0	0	1	0.50
60   28	|	0	3	0	0	0	 - 
60   32	|	1	0	1	0	0	0.50
60   34	|	0	1	0	0	0	 - 
60   36	|	0	1	0	0	0	 - 
60   37	|	1	0	0	0	0	1.00
60   41	|	0	2	0	0	0	 - 
60   42	|	0	4	0	0	0	 - 
60   43	|	0	1	0	0	0	 - 
60   48	|	1	0	0	0	0	1.00
60   49	|	0	0	0	1	0	0.00
60   52	|	0	1	0	0	0	 - 
60   53	|	0	2	0	0	0	 - 

61   1	|	0	1	0	0	0	 - 
61   3	|	0	2	0	0	0	 - 
61   4	|	0	1	0	0	0	 - 
61   5	|	0	1	0	0	0	 - 
61   7	|	0	2	0	0	0	 - 
61   9	|	0	1	0	0	0	 - 
61   10	|	0	1	0	0	0	 - 
61   13	|	0	0	1	0	0	0.00
61   15	|	1	0	0	0	0	1.00
61   23	|	0	1	0	0	0	 - 
61   32	|	0	1	0	0	0	 - 
61   33	|	0	1	0	0	0	 - 
61   37	|	0	2	1	0	0	0.00
61   39	|	0	2	0	0	0	 - 
61   41	|	1	2	0	2	1	0.25
61   42	|	1	3	0	0	0	1.00
61   43	|	0	0	1	0	0	0.00
61   52	|	0	3	0	0	0	 - 
61   53	|	0	1	0	0	0	 - 

71   12	|	1	0	0	0	0	1.00
71   14	|	0	2	0	0	0	 - 
71   15	|	0	1	1	0	0	0.00
71   22	|	0	2	1	0	0	0.00
71   24	|	0	1	0	0	0	 - 
71   34	|	0	1	0	0	0	 - 
71   36	|	0	1	0	0	0	 - 
71   40	|	0	1	0	0	0	 - 
71   41	|	1	6	1	0	1	0.33
71   48	|	0	1	0	0	0	 - 
71   52	|	0	1	0	0	0	 - 
71   53	|	0	2	0	0	1	0.00

72   1	|	0	0	0	0	1	0.00
72   12	|	0	0	0	0	1	0.00
72   23	|	0	1	0	0	0	 - 
72   36	|	0	2	0	0	0	 - 
72   39	|	0	1	0	0	0	 - 
72   41	|	0	1	0	0	0	 - 
72   42	|	0	0	1	0	0	0.00

80   1	|	0	13	0	0	1	0.00
80   3	|	0	14	0	0	2	0.00
80   4	|	1	0	0	0	0	1.00
80   7	|	1	4	0	0	0	1.00
80   9	|	0	10	0	0	0	 - 
80   12	|	1	1	0	0	0	1.00
80   13	|	0	1	1	0	0	0.00
80   14	|	0	1	0	0	0	 - 
80   19	|	1	5	0	0	0	1.00
80   22	|	1	1	0	0	0	1.00
80   23	|	0	2	0	0	1	0.00
80   25	|	0	0	1	0	0	0.00
80   27	|	0	1	0	0	0	 - 
80   32	|	0	1	0	0	1	0.00
80   34	|	0	2	0	1	0	0.00
80   36	|	0	4	0	0	1	0.00
80   40	|	0	6	0	0	0	 - 
80   41	|	2	5	0	0	0	1.00
80   42	|	1	0	0	0	0	1.00
80   44	|	0	1	0	0	0	 - 
80   45	|	0	0	1	0	2	0.00
80   46	|	0	0	0	1	1	0.00
80   51	|	0	0	1	1	0	0.00
80   53	|	0	0	0	0	2	0.00

81   1	|	1	6	0	0	0	1.00
81   3	|	0	7	0	0	2	0.00
81   6	|	0	1	0	0	0	 - 
81   7	|	0	2	0	1	0	0.00
81   9	|	0	3	0	0	0	 - 
81   11	|	0	1	0	0	0	 - 
81   12	|	0	3	0	0	0	 - 
81   19	|	0	6	0	0	0	 - 
81   25	|	0	2	0	0	0	 - 
81   32	|	0	1	0	0	1	0.00
81   34	|	1	0	0	0	0	1.00
81   38	|	0	1	0	0	0	 - 
81   40	|	0	1	0	0	0	 - 
81   41	|	0	1	0	0	0	 - 
81   45	|	0	0	1	0	3	0.00
81   46	|	0	1	0	0	0	 - 

82   1	|	0	12	1	0	0	0.00
82   3	|	2	11	1	0	0	0.67
82   5	|	1	0	0	0	0	1.00
82   6	|	0	2	0	0	0	 - 
82   7	|	1	5	0	0	0	1.00
82   9	|	0	10	1	0	1	0.00
82   11	|	0	2	0	0	0	 - 
82   12	|	0	7	0	0	0	 - 
82   13	|	1	0	1	0	0	0.50
82   14	|	1	1	0	0	0	1.00
82   19	|	1	3	0	1	3	0.20
82   20	|	0	1	0	0	0	 - 
82   22	|	0	2	0	0	1	0.00
82   23	|	0	1	0	0	0	 - 
82   25	|	0	0	0	0	1	0.00
82   26	|	0	0	1	0	0	0.00
82   34	|	0	6	0	1	0	0.00
82   35	|	0	1	0	0	1	0.00
82   36	|	0	5	0	0	0	 - 
82   39	|	0	1	0	0	0	 - 
82   40	|	0	3	0	0	0	 - 
82   41	|	0	7	1	0	0	0.00
82   43	|	0	1	0	0	0	 - 
82   45	|	0	5	1	0	3	0.00
82   46	|	0	1	1	1	1	0.00
82   47	|	0	3	0	0	0	 - 
82   48	|	0	1	0	0	0	 - 
82   51	|	0	2	0	0	0	 - 

83   1	|	0	1	0	0	0	 - 
83   3	|	0	1	0	0	0	 - 
83   7	|	1	2	0	0	0	1.00
83   9	|	0	1	0	0	0	 - 
83   12	|	0	1	0	0	0	 - 
83   14	|	0	1	0	0	1	0.00
83   19	|	0	3	0	0	0	 - 
83   23	|	0	1	0	0	0	 - 
83   25	|	0	1	0	0	0	 - 
83   34	|	0	1	0	0	0	 - 
83   36	|	0	1	0	0	0	 - 
83   40	|	0	2	0	0	0	 - 
83   45	|	0	0	0	0	1	0.00
83   46	|	0	1	0	0	0	 - 

84   1	|	0	2	1	0	0	0.00
84   2	|	0	1	0	0	0	 - 
84   3	|	1	4	0	0	0	1.00
84   7	|	0	1	0	0	0	 - 
84   12	|	0	3	0	0	0	 - 
84   13	|	0	1	0	0	0	 - 
84   19	|	0	2	0	0	0	 - 
84   20	|	0	1	0	0	0	 - 
84   34	|	0	1	0	0	0	 - 
84   35	|	0	1	0	0	0	 - 
84   36	|	0	1	0	0	0	 - 
84   37	|	0	0	1	0	0	0.00
84   40	|	0	3	0	0	0	 - 
84   41	|	0	2	0	0	0	 - 
84   45	|	0	2	0	0	0	 - 
84   47	|	0	1	0	0	0	 - 

86   1	|	0	2	0	0	0	 - 
86   3	|	0	1	0	0	0	 - 
86   7	|	0	4	0	0	0	 - 
86   9	|	0	1	0	0	0	 - 
86   12	|	0	1	2	0	0	0.00
86   13	|	0	1	0	0	0	 - 
86   19	|	0	0	1	0	0	0.00
86   22	|	0	0	0	0	1	0.00
86   23	|	0	1	0	0	0	 - 
86   37	|	0	0	0	0	1	0.00
86   40	|	0	1	0	0	0	 - 
86   41	|	0	1	0	0	0	 - 
86   42	|	0	0	0	0	2	0.00
86   45	|	0	2	0	0	3	0.00
86   46	|	0	0	0	0	3	0.00
86   48	|	0	1	0	0	0	 - 
86   51	|	0	0	0	0	3	0.00
86   52	|	0	0	0	0	1	0.00

