0   1	|	1	32	5	0	14	0.05
0   2	|	10	251	32	0	33	0.13
0   3	|	3	27	4	3	13	0.13
0   4	|	2	69	6	2	14	0.08
0   5	|	5	83	11	1	8	0.20
0   7	|	1	27	6	0	31	0.03
0   8	|	0	23	3	3	14	0.00
0   9	|	0	12	13	39	45	0.00
0   10	|	5	109	16	6	27	0.09
0   12	|	0	14	6	8	37	0.00
0   13	|	6	74	15	10	78	0.06
0   14	|	0	3	2	1	3	0.00
0   15	|	3	45	7	1	20	0.10
0   16	|	0	1	0	0	1	0.00
0   18	|	0	2	0	1	1	0.00
0   22	|	0	2	5	8	59	0.00
0   23	|	0	21	6	7	28	0.00
0   24	|	0	0	0	0	3	0.00
0   28	|	0	3	1	1	9	0.00
0   29	|	0	0	0	0	6	0.00
0   30	|	0	4	2	7	8	0.00
0   32	|	0	8	0	1	2	0.00
0   33	|	0	18	1	1	2	0.00
0   34	|	0	9	4	3	12	0.00
0   35	|	0	18	1	1	12	0.00
0   36	|	0	2	2	7	26	0.00
0   37	|	2	70	5	4	25	0.06
0   39	|	0	0	0	0	2	0.00
0   40	|	1	13	7	24	49	0.01
0   41	|	1	14	22	26	118	0.01
0   43	|	0	0	0	0	7	0.00
0   44	|	0	0	0	0	2	0.00
0   52	|	0	12	2	3	9	0.00
0   53	|	0	5	2	1	11	0.00

1   1	|	1	57	9	0	9	0.05
1   2	|	14	302	34	0	45	0.15
1   3	|	2	38	6	0	21	0.07
1   4	|	3	101	13	0	10	0.12
1   5	|	4	93	13	3	18	0.11
1   6	|	0	0	0	0	2	0.00
1   7	|	0	42	7	5	40	0.00
1   8	|	3	29	3	1	10	0.18
1   9	|	0	21	13	57	44	0.00
1   10	|	7	152	21	15	37	0.09
1   11	|	0	0	0	0	1	0.00
1   12	|	0	31	8	16	42	0.00
1   13	|	6	118	18	23	110	0.04
1   14	|	0	3	1	1	7	0.00
1   15	|	1	48	11	4	32	0.02
1   16	|	0	1	0	0	4	0.00
1   17	|	0	0	0	0	4	0.00
1   18	|	1	1	0	1	1	0.33
1   22	|	0	4	14	23	75	0.00
1   23	|	2	24	9	8	53	0.03
1   24	|	0	0	1	1	10	0.00
1   28	|	1	3	0	1	11	0.08
1   29	|	0	1	0	0	4	0.00
1   30	|	0	1	4	5	18	0.00
1   32	|	0	4	3	0	9	0.00
1   33	|	1	9	2	0	3	0.17
1   34	|	0	11	4	3	31	0.00
1   35	|	3	24	4	2	16	0.12
1   36	|	0	14	8	7	46	0.00
1   37	|	2	98	19	6	33	0.03
1   38	|	0	0	0	0	1	0.00
1   39	|	0	0	1	0	3	0.00
1   40	|	1	36	19	36	89	0.01
1   41	|	1	44	17	24	134	0.01
1   43	|	0	1	1	0	4	0.00
1   44	|	0	0	0	0	1	0.00
1   52	|	1	14	3	3	20	0.04
1   53	|	0	5	3	3	18	0.00

10   1	|	49	1098	139	1	164	0.14
10   2	|	7	80	10	0	8	0.28
10   3	|	75	1843	250	15	356	0.11
10   4	|	2	68	10	1	13	0.08
10   5	|	0	29	4	3	14	0.00
10   6	|	2	44	5	1	9	0.12
10   7	|	28	763	100	8	215	0.08
10   8	|	0	24	7	3	4	0.00
10   9	|	27	636	100	24	167	0.08
10   10	|	1	11	5	4	11	0.05
10   11	|	4	64	8	0	9	0.19
10   12	|	20	504	85	25	217	0.06
10   13	|	4	148	39	27	154	0.02
10   14	|	7	131	20	8	46	0.09
10   15	|	4	58	13	14	63	0.04
10   16	|	0	9	0	0	4	0.00
10   17	|	0	5	2	1	2	0.00
10   18	|	1	21	6	4	16	0.04
10   22	|	3	137	58	52	292	0.01
10   23	|	2	88	60	66	370	0.00
10   24	|	1	91	32	39	123	0.01
10   28	|	0	8	1	0	14	0.00
10   29	|	0	5	0	2	5	0.00
10   30	|	0	11	4	3	22	0.00
10   32	|	12	154	30	1	34	0.16
10   33	|	2	31	4	1	9	0.13
10   34	|	16	516	74	15	166	0.06
10   35	|	7	73	15	1	43	0.11
10   36	|	11	399	64	37	168	0.04
10   37	|	2	115	27	12	85	0.02
10   38	|	2	73	4	0	10	0.13
10   39	|	0	27	4	1	5	0.00
10   40	|	12	301	78	24	242	0.03
10   41	|	49	1052	215	97	629	0.05
10   42	|	2	173	48	13	167	0.01
10   43	|	2	85	13	3	49	0.03
10   44	|	1	31	4	0	11	0.06
10   48	|	5	94	54	48	291	0.01
10   49	|	1	3	7	6	45	0.02
10   50	|	0	2	4	1	14	0.00
10   52	|	1	32	18	17	96	0.01
10   53	|	3	53	43	34	260	0.01

11   1	|	80	1869	262	2	291	0.13
11   2	|	4	140	13	1	33	0.08
11   3	|	115	3339	524	38	756	0.08
11   4	|	2	95	15	1	26	0.05
11   5	|	1	72	16	4	37	0.02
11   6	|	3	95	17	0	17	0.08
11   7	|	43	1282	227	20	549	0.05
11   8	|	1	37	5	0	19	0.04
11   9	|	46	1142	188	53	451	0.06
11   10	|	0	36	7	2	40	0.00
11   11	|	5	112	12	1	13	0.16
11   12	|	36	864	195	48	679	0.04
11   13	|	10	215	68	28	430	0.02
11   14	|	9	242	42	13	142	0.04
11   15	|	4	109	37	16	239	0.01
11   16	|	0	21	5	0	5	0.00
11   17	|	0	13	1	0	15	0.00
11   18	|	2	36	9	5	77	0.02
11   22	|	10	265	140	90	1216	0.01
11   23	|	5	144	152	111	1820	0.00
11   24	|	10	161	64	44	630	0.01
11   28	|	1	9	3	4	70	0.01
11   29	|	0	17	2	2	24	0.00
11   30	|	2	18	8	4	117	0.02
11   32	|	14	338	68	7	165	0.06
11   33	|	1	34	12	1	23	0.03
11   34	|	52	1026	181	19	489	0.07
11   35	|	5	92	17	7	129	0.03
11   36	|	26	702	140	54	533	0.03
11   37	|	10	179	53	17	307	0.03
11   38	|	4	96	16	2	13	0.11
11   39	|	3	63	12	3	53	0.04
11   40	|	19	589	162	43	670	0.02
11   41	|	85	1971	469	167	1913	0.03
11   42	|	9	282	128	38	896	0.01
11   43	|	6	151	26	8	162	0.03
11   44	|	4	83	14	3	50	0.06
11   48	|	9	208	167	97	1925	0.00
11   49	|	1	11	9	11	286	0.00
11   50	|	1	8	10	4	120	0.01
11   52	|	1	56	44	31	484	0.00
11   53	|	7	110	99	52	1338	0.00

12   1	|	64	1540	199	7	263	0.12
12   2	|	2	100	15	1	26	0.05
12   3	|	106	2628	376	36	538	0.10
12   4	|	3	77	7	1	9	0.15
12   5	|	0	33	6	2	33	0.00
12   6	|	2	69	7	2	16	0.07
12   7	|	36	1036	189	31	432	0.05
12   8	|	2	20	8	0	16	0.08
12   9	|	23	843	146	44	323	0.04
12   10	|	1	11	6	2	17	0.04
12   11	|	3	94	4	1	14	0.14
12   12	|	24	709	136	50	521	0.03
12   13	|	7	120	42	25	376	0.02
12   14	|	5	150	30	11	121	0.03
12   15	|	3	58	30	10	210	0.01
12   16	|	1	14	1	0	7	0.11
12   17	|	1	7	0	0	14	0.07
12   18	|	1	34	6	1	80	0.01
12   22	|	6	152	70	64	1005	0.01
12   23	|	3	64	81	66	1758	0.00
12   24	|	9	98	38	40	661	0.01
12   28	|	1	5	3	2	62	0.01
12   29	|	0	3	3	3	24	0.00
12   30	|	0	8	6	3	84	0.00
12   32	|	6	198	40	7	112	0.04
12   33	|	0	16	2	1	12	0.00
12   34	|	36	790	122	23	392	0.06
12   35	|	3	73	14	4	123	0.02
12   36	|	21	538	98	40	355	0.04
12   37	|	10	68	25	30	298	0.03
12   38	|	2	54	9	0	14	0.08
12   39	|	3	38	8	3	65	0.04
12   40	|	19	459	106	36	533	0.03
12   41	|	54	1400	286	145	1475	0.03
12   42	|	8	121	73	37	907	0.01
12   43	|	4	91	18	11	211	0.02
12   44	|	5	70	9	2	48	0.08
12   48	|	6	99	70	60	1319	0.00
12   49	|	1	5	10	9	219	0.00
12   50	|	0	5	12	5	130	0.00
12   52	|	1	11	30	17	494	0.00
12   53	|	3	59	58	38	1308	0.00

13   1	|	16	405	61	13	84	0.09
13   2	|	2	16	5	3	7	0.12
13   3	|	22	733	101	30	204	0.06
13   4	|	0	35	4	2	13	0.00
13   5	|	0	11	10	4	35	0.00
13   6	|	0	25	4	3	6	0.00
13   7	|	10	258	58	30	227	0.03
13   8	|	0	14	2	2	8	0.00
13   9	|	12	245	55	34	209	0.04
13   10	|	0	10	4	2	36	0.00
13   11	|	2	18	4	4	7	0.12
13   12	|	7	198	57	41	372	0.01
13   13	|	2	86	40	35	373	0.00
13   14	|	2	50	15	2	92	0.02
13   15	|	5	33	26	8	188	0.02
13   16	|	0	3	0	1	7	0.00
13   17	|	0	1	0	0	14	0.00
13   18	|	0	5	1	6	84	0.00
13   22	|	2	54	45	46	889	0.00
13   23	|	4	49	105	86	1590	0.00
13   24	|	4	36	29	29	443	0.01
13   28	|	0	5	3	0	53	0.00
13   29	|	0	2	1	3	19	0.00
13   30	|	1	3	7	6	68	0.01
13   32	|	1	74	22	8	68	0.01
13   33	|	1	19	7	3	18	0.03
13   34	|	11	195	49	14	239	0.04
13   35	|	1	42	10	4	123	0.01
13   36	|	2	165	41	40	311	0.01
13   37	|	4	69	40	39	315	0.01
13   38	|	1	19	4	3	15	0.04
13   39	|	0	17	2	3	73	0.00
13   40	|	6	130	46	37	400	0.01
13   41	|	20	445	172	106	1190	0.01
13   42	|	7	108	72	42	821	0.01
13   43	|	0	34	15	10	176	0.00
13   44	|	0	17	4	2	46	0.00
13   48	|	1	38	69	43	1169	0.00
13   49	|	0	7	10	7	218	0.00
13   50	|	0	2	8	1	80	0.00
13   52	|	2	19	23	22	442	0.00
13   53	|	2	34	65	42	997	0.00

14   1	|	17	264	37	5	57	0.15
14   2	|	0	22	1	0	3	0.00
14   3	|	8	469	78	8	189	0.03
14   4	|	1	14	2	1	10	0.07
14   5	|	0	14	5	2	26	0.00
14   6	|	1	13	0	0	8	0.11
14   7	|	9	189	50	11	172	0.04
14   8	|	0	4	3	0	10	0.00
14   9	|	4	172	37	24	195	0.02
14   10	|	0	6	2	0	16	0.00
14   11	|	1	16	1	0	5	0.14
14   12	|	9	136	54	22	360	0.02
14   13	|	2	30	19	16	353	0.01
14   14	|	0	34	6	3	93	0.00
14   15	|	0	22	8	5	188	0.00
14   16	|	0	4	1	0	3	0.00
14   17	|	0	3	0	0	4	0.00
14   18	|	0	7	2	2	72	0.00
14   22	|	3	31	38	25	902	0.00
14   23	|	3	51	69	39	1727	0.00
14   24	|	4	39	17	25	525	0.01
14   28	|	0	2	2	2	31	0.00
14   29	|	0	2	1	1	21	0.00
14   30	|	0	1	2	3	57	0.00
14   32	|	4	59	22	10	77	0.04
14   33	|	0	10	1	0	13	0.00
14   34	|	4	160	45	22	199	0.01
14   35	|	2	22	9	3	97	0.02
14   36	|	4	101	38	23	290	0.01
14   37	|	2	33	24	13	311	0.01
14   38	|	0	16	3	1	17	0.00
14   39	|	1	13	3	3	57	0.02
14   40	|	3	88	27	12	405	0.01
14   41	|	21	298	129	67	1179	0.02
14   42	|	2	57	58	24	908	0.00
14   43	|	2	23	12	8	204	0.01
14   44	|	1	16	3	0	33	0.03
14   48	|	0	56	67	36	1544	0.00
14   49	|	1	5	9	10	303	0.00
14   50	|	0	0	7	4	89	0.00
14   52	|	0	15	15	16	451	0.00
14   53	|	1	22	36	21	798	0.00

15   1	|	1	69	13	0	10	0.04
15   2	|	0	10	0	0	1	0.00
15   3	|	6	126	23	2	30	0.10
15   4	|	0	1	1	0	2	0.00
15   5	|	0	3	0	0	1	0.00
15   6	|	0	5	0	0	0	 - 
15   7	|	2	60	9	1	16	0.07
15   8	|	0	2	0	0	0	 - 
15   9	|	2	53	4	1	13	0.10
15   10	|	0	1	1	0	0	0.00
15   11	|	0	5	0	0	0	 - 
15   12	|	3	50	11	0	19	0.09
15   13	|	0	6	0	0	12	0.00
15   14	|	0	10	2	0	0	0.00
15   15	|	0	4	2	1	3	0.00
15   18	|	0	2	0	0	3	0.00
15   22	|	0	7	6	3	17	0.00
15   23	|	0	4	0	3	12	0.00
15   24	|	1	4	1	0	7	0.11
15   28	|	0	0	0	0	3	0.00
15   30	|	0	1	0	1	0	0.00
15   32	|	0	9	2	0	4	0.00
15   33	|	0	2	1	0	1	0.00
15   34	|	3	38	2	0	16	0.14
15   35	|	0	1	2	1	2	0.00
15   36	|	0	36	1	2	10	0.00
15   37	|	1	8	5	1	7	0.07
15   38	|	0	3	0	0	1	0.00
15   39	|	0	2	0	0	0	 - 
15   40	|	0	28	9	2	10	0.00
15   41	|	2	70	13	2	38	0.04
15   42	|	0	9	0	0	14	0.00
15   43	|	0	3	2	0	2	0.00
15   44	|	0	5	0	0	0	 - 
15   48	|	0	7	1	1	13	0.00
15   49	|	0	0	1	1	3	0.00
15   50	|	0	0	0	0	1	0.00
15   52	|	0	4	0	0	4	0.00
15   53	|	0	3	1	0	10	0.00

16   1	|	6	266	30	1	48	0.07
16   2	|	1	41	5	2	10	0.06
16   3	|	16	427	78	9	245	0.05
16   4	|	2	49	13	2	31	0.04
16   5	|	2	25	13	7	56	0.03
16   6	|	1	14	1	0	3	0.20
16   7	|	10	225	64	13	281	0.03
16   8	|	3	63	14	3	49	0.04
16   9	|	4	207	61	42	349	0.01
16   10	|	6	54	12	11	68	0.06
16   11	|	1	13	2	0	5	0.13
16   12	|	11	208	93	46	667	0.01
16   13	|	20	433	134	90	895	0.02
16   14	|	2	66	25	12	122	0.01
16   15	|	4	92	33	26	400	0.01
16   16	|	0	4	0	1	14	0.00
16   17	|	0	5	1	2	18	0.00
16   18	|	1	15	5	5	79	0.01
16   22	|	5	115	102	98	1483	0.00
16   23	|	18	387	263	209	2685	0.01
16   24	|	1	71	64	52	677	0.00
16   28	|	1	14	9	6	96	0.01
16   29	|	0	7	4	6	36	0.00
16   30	|	0	15	13	16	112	0.00
16   32	|	8	68	27	7	108	0.05
16   33	|	2	50	10	5	43	0.03
16   34	|	9	161	56	9	294	0.02
16   35	|	8	150	54	6	253	0.02
16   36	|	6	148	64	46	472	0.01
16   37	|	20	411	127	34	597	0.03
16   38	|	1	13	3	1	21	0.04
16   39	|	0	29	7	8	91	0.00
16   40	|	5	167	66	57	784	0.01
16   41	|	21	557	278	160	2027	0.01
16   42	|	28	586	214	85	1442	0.02
16   43	|	4	48	25	18	218	0.02
16   44	|	2	10	9	3	59	0.03
16   48	|	17	155	128	119	1978	0.01
16   49	|	3	39	32	9	338	0.01
16   50	|	0	9	10	4	114	0.00
16   52	|	5	82	76	50	698	0.01
16   53	|	6	193	154	89	1583	0.00

17   1	|	1	43	3	0	8	0.08
17   2	|	0	4	0	0	0	 - 
17   3	|	2	69	11	0	19	0.06
17   4	|	0	3	1	0	3	0.00
17   5	|	0	2	1	0	2	0.00
17   6	|	0	2	0	0	0	 - 
17   7	|	3	34	6	0	21	0.10
17   8	|	0	8	0	0	3	0.00
17   9	|	0	28	12	2	19	0.00
17   10	|	0	9	1	3	3	0.00
17   11	|	0	1	0	0	0	 - 
17   12	|	1	22	5	4	28	0.03
17   13	|	3	41	12	5	39	0.05
17   14	|	0	11	2	0	3	0.00
17   15	|	0	7	4	4	13	0.00
17   16	|	0	0	0	1	1	0.00
17   18	|	0	0	0	1	0	0.00
17   22	|	1	10	3	6	44	0.02
17   23	|	2	36	18	17	91	0.02
17   24	|	1	10	2	8	23	0.03
17   28	|	0	0	0	0	4	0.00
17   29	|	0	0	0	1	2	0.00
17   30	|	0	1	2	5	3	0.00
17   32	|	0	8	2	0	5	0.00
17   33	|	0	7	1	0	2	0.00
17   34	|	0	33	4	0	23	0.00
17   35	|	2	15	6	0	10	0.11
17   36	|	1	19	4	2	25	0.03
17   37	|	0	43	8	3	17	0.00
17   38	|	0	0	1	0	1	0.00
17   39	|	0	6	2	0	1	0.00
17   40	|	1	16	10	2	31	0.02
17   41	|	3	55	17	9	96	0.02
17   42	|	4	53	13	2	48	0.06
17   43	|	0	4	3	1	11	0.00
17   44	|	0	1	0	0	3	0.00
17   48	|	2	6	5	9	61	0.03
17   49	|	0	1	3	1	8	0.00
17   50	|	0	1	0	0	4	0.00
17   52	|	0	10	5	3	14	0.00
17   53	|	0	15	6	9	33	0.00

18   1	|	1	68	10	0	10	0.05
18   2	|	1	10	3	0	0	0.25
18   3	|	8	125	22	1	36	0.12
18   4	|	0	2	0	0	0	 - 
18   5	|	0	2	0	0	0	 - 
18   6	|	0	1	1	0	1	0.00
18   7	|	1	45	3	0	21	0.04
18   8	|	0	0	0	0	1	0.00
18   9	|	1	41	11	0	7	0.05
18   10	|	0	0	1	0	0	0.00
18   11	|	0	7	0	0	2	0.00
18   12	|	1	36	2	1	24	0.04
18   13	|	1	7	2	0	7	0.10
18   14	|	1	6	0	0	6	0.14
18   15	|	0	5	0	0	3	0.00
18   16	|	0	1	0	0	0	 - 
18   18	|	0	0	2	0	1	0.00
18   22	|	0	7	3	3	30	0.00
18   23	|	0	4	4	3	26	0.00
18   24	|	1	5	4	1	6	0.08
18   28	|	0	0	0	0	3	0.00
18   29	|	0	1	1	0	0	0.00
18   30	|	0	0	0	1	5	0.00
18   32	|	0	14	2	0	4	0.00
18   33	|	0	2	0	0	0	 - 
18   34	|	4	34	9	0	21	0.12
18   35	|	0	5	1	0	4	0.00
18   36	|	1	34	7	3	11	0.05
18   37	|	0	7	1	2	6	0.00
18   38	|	0	6	1	0	0	0.00
18   39	|	0	4	1	0	1	0.00
18   40	|	1	28	0	1	20	0.05
18   41	|	4	74	12	5	52	0.05
18   42	|	0	7	1	1	16	0.00
18   43	|	0	5	1	1	4	0.00
18   44	|	0	3	0	0	0	 - 
18   48	|	0	2	2	2	25	0.00
18   49	|	0	0	0	0	4	0.00
18   50	|	0	1	0	0	0	 - 
18   52	|	0	2	2	1	6	0.00
18   53	|	0	3	1	1	25	0.00

20   1	|	9	86	11	0	28	0.19
20   2	|	0	6	0	0	2	0.00
20   3	|	8	146	32	2	60	0.08
20   4	|	0	3	1	0	1	0.00
20   5	|	0	7	1	0	6	0.00
20   6	|	0	11	1	0	1	0.00
20   7	|	4	59	11	2	44	0.07
20   8	|	0	1	0	0	3	0.00
20   9	|	4	75	25	3	36	0.06
20   10	|	0	3	2	0	4	0.00
20   11	|	0	5	1	0	1	0.00
20   12	|	5	90	22	2	88	0.04
20   13	|	1	15	5	4	43	0.02
20   14	|	1	12	5	1	11	0.06
20   15	|	0	14	1	2	29	0.00
20   16	|	0	0	0	0	2	0.00
20   17	|	0	1	2	0	1	0.00
20   18	|	0	4	3	0	9	0.00
20   22	|	1	19	17	6	122	0.01
20   23	|	0	13	15	7	176	0.00
20   24	|	1	19	2	9	57	0.01
20   28	|	0	4	1	2	5	0.00
20   29	|	0	1	1	0	3	0.00
20   30	|	0	4	1	2	10	0.00
20   31	|	0	27	5	0	19	0.00
20   32	|	0	20	2	3	20	0.00
20   33	|	1	3	0	0	2	0.33
20   34	|	1	26	11	2	30	0.02
20   35	|	0	3	6	0	15	0.00
20   36	|	1	41	8	1	46	0.02
20   37	|	0	23	6	3	45	0.00
20   38	|	0	14	2	0	5	0.00
20   39	|	0	8	3	1	9	0.00
20   40	|	4	47	16	1	78	0.04
20   41	|	2	102	41	9	211	0.01
20   42	|	3	43	22	15	129	0.02
20   43	|	0	10	6	4	19	0.00
20   44	|	0	4	0	0	4	0.00
20   48	|	1	21	28	6	305	0.00
20   49	|	0	4	12	0	141	0.00
20   50	|	1	4	10	1	59	0.01
20   52	|	0	11	11	6	88	0.00
20   53	|	3	19	26	22	227	0.01

21   1	|	40	869	129	1	226	0.10
21   2	|	1	54	8	0	15	0.04
21   3	|	50	1271	248	10	425	0.07
21   4	|	0	17	4	1	13	0.00
21   5	|	4	42	14	0	18	0.11
21   6	|	1	87	10	1	19	0.03
21   7	|	10	457	125	21	279	0.02
21   8	|	1	7	3	0	10	0.07
21   9	|	34	744	156	8	282	0.07
21   10	|	0	11	2	2	9	0.00
21   11	|	4	71	10	0	12	0.15
21   12	|	40	760	177	13	450	0.06
21   13	|	6	71	41	13	199	0.02
21   14	|	3	113	29	5	52	0.03
21   15	|	3	56	20	6	125	0.02
21   16	|	2	15	4	0	3	0.22
21   17	|	0	8	2	1	5	0.00
21   18	|	3	31	12	1	54	0.04
21   22	|	9	202	68	14	531	0.01
21   23	|	1	46	52	19	590	0.00
21   24	|	2	94	40	18	228	0.01
21   28	|	0	4	2	0	39	0.00
21   29	|	0	6	3	1	11	0.00
21   30	|	1	7	6	1	58	0.02
21   31	|	5	226	31	9	73	0.04
21   32	|	6	126	35	6	102	0.04
21   33	|	0	7	0	0	8	0.00
21   34	|	7	238	65	31	232	0.02
21   35	|	0	28	13	4	74	0.00
21   36	|	15	307	82	14	224	0.04
21   37	|	7	73	35	12	171	0.03
21   38	|	3	83	15	0	26	0.07
21   39	|	2	59	12	2	36	0.04
21   40	|	17	424	105	9	415	0.03
21   41	|	41	848	274	49	915	0.03
21   42	|	10	130	71	39	568	0.01
21   43	|	5	102	29	9	128	0.03
21   44	|	0	31	10	1	18	0.00
21   48	|	10	174	87	33	1103	0.01
21   49	|	3	43	38	13	512	0.01
21   50	|	2	40	19	17	214	0.01
21   52	|	1	31	32	7	378	0.00
21   53	|	3	77	89	17	956	0.00

22   1	|	9	182	46	4	90	0.06
22   2	|	0	15	2	1	11	0.00
22   3	|	12	286	85	19	327	0.03
22   4	|	1	4	1	2	20	0.04
22   5	|	1	22	9	3	63	0.01
22   6	|	1	18	1	1	12	0.07
22   7	|	2	136	56	22	389	0.00
22   8	|	1	7	4	4	23	0.03
22   9	|	9	182	70	18	413	0.02
22   10	|	0	9	10	4	56	0.00
22   11	|	1	5	3	1	10	0.07
22   12	|	11	234	103	43	943	0.01
22   13	|	2	66	66	45	716	0.00
22   14	|	0	46	26	12	186	0.00
22   15	|	6	66	42	28	613	0.01
22   16	|	0	2	2	0	8	0.00
22   17	|	0	3	1	0	10	0.00
22   18	|	1	13	17	5	267	0.00
22   22	|	4	115	102	43	2159	0.00
22   23	|	15	147	189	106	3851	0.00
22   24	|	9	89	83	52	1115	0.01
22   28	|	0	6	9	4	134	0.00
22   29	|	0	3	2	1	50	0.00
22   30	|	0	12	18	5	162	0.00
22   31	|	2	81	36	14	225	0.01
22   32	|	3	60	46	19	205	0.01
22   33	|	0	11	1	5	43	0.00
22   34	|	0	87	69	34	511	0.00
22   35	|	2	37	32	24	296	0.01
22   36	|	5	107	81	36	648	0.01
22   37	|	3	133	88	41	1015	0.00
22   38	|	2	26	7	2	51	0.03
22   39	|	0	34	8	6	177	0.00
22   40	|	4	148	83	41	999	0.00
22   41	|	21	355	252	126	2563	0.01
22   42	|	13	291	260	108	3223	0.00
22   43	|	3	60	54	28	695	0.00
22   44	|	2	18	7	0	93	0.02
22   48	|	10	196	342	103	6468	0.00
22   49	|	8	107	197	81	3934	0.00
22   50	|	10	78	87	63	1482	0.01
22   52	|	8	85	105	35	1880	0.00
22   53	|	9	207	241	110	4498	0.00

23   1	|	21	347	79	9	182	0.07
23   2	|	0	18	7	1	13	0.00
23   3	|	23	541	156	65	639	0.03
23   4	|	1	16	13	2	33	0.02
23   5	|	1	23	10	3	64	0.01
23   6	|	1	20	7	3	10	0.05
23   7	|	15	210	89	52	645	0.02
23   8	|	0	5	5	4	36	0.00
23   9	|	21	331	112	47	584	0.03
23   10	|	1	13	3	2	61	0.01
23   11	|	0	17	3	0	19	0.00
23   12	|	16	346	135	65	1010	0.01
23   13	|	6	95	82	50	976	0.01
23   14	|	2	51	17	8	185	0.01
23   15	|	3	47	37	23	456	0.01
23   16	|	0	3	2	1	16	0.00
23   17	|	0	4	4	1	28	0.00
23   18	|	0	10	8	5	103	0.00
23   22	|	11	150	160	39	2673	0.00
23   23	|	10	84	100	70	2105	0.00
23   24	|	6	74	46	47	549	0.01
23   28	|	1	4	2	1	173	0.01
23   29	|	0	3	5	2	64	0.00
23   30	|	0	15	11	6	247	0.00
23   31	|	5	135	27	15	207	0.02
23   32	|	3	92	55	37	284	0.01
23   33	|	0	6	3	2	23	0.00
23   34	|	10	176	98	78	928	0.01
23   35	|	0	13	24	15	198	0.00
23   36	|	11	170	118	49	978	0.01
23   37	|	4	58	58	27	484	0.01
23   38	|	3	24	4	2	36	0.07
23   39	|	0	25	10	5	92	0.00
23   40	|	11	218	133	42	1404	0.01
23   41	|	28	557	388	179	3450	0.01
23   42	|	3	34	48	20	505	0.01
23   43	|	0	17	10	11	94	0.00
23   44	|	1	10	9	3	49	0.02
23   48	|	4	20	21	13	574	0.01
23   52	|	3	27	29	10	575	0.00
23   53	|	3	38	43	24	870	0.00

24   1	|	6	143	27	2	62	0.06
24   2	|	0	7	3	0	9	0.00
24   3	|	7	246	48	14	257	0.02
24   4	|	0	4	2	0	10	0.00
24   5	|	1	16	4	2	34	0.02
24   6	|	0	12	4	0	14	0.00
24   7	|	2	105	40	12	321	0.01
24   8	|	0	5	1	0	20	0.00
24   9	|	7	144	48	14	308	0.02
24   10	|	0	7	6	1	38	0.00
24   11	|	0	11	2	1	9	0.00
24   12	|	14	125	53	12	527	0.02
24   13	|	3	54	53	16	705	0.00
24   14	|	0	16	9	5	129	0.00
24   15	|	1	10	16	6	286	0.00
24   16	|	0	3	2	0	8	0.00
24   17	|	0	2	1	0	21	0.00
24   18	|	0	7	2	1	60	0.00
24   22	|	6	54	52	16	1164	0.00
24   23	|	5	47	58	19	1383	0.00
24   24	|	0	22	14	10	337	0.00
24   28	|	0	1	1	0	103	0.00
24   29	|	0	4	4	2	35	0.00
24   30	|	0	11	8	1	141	0.00
24   31	|	0	32	19	1	41	0.00
24   32	|	1	17	12	7	110	0.01
24   33	|	0	4	4	0	21	0.00
24   34	|	2	64	40	19	499	0.00
24   35	|	0	16	9	3	140	0.00
24   36	|	3	77	53	16	470	0.01
24   37	|	1	26	28	13	310	0.00
24   38	|	0	17	2	0	17	0.00
24   39	|	1	6	4	0	42	0.02
24   40	|	6	97	61	19	758	0.01
24   41	|	14	240	163	42	2091	0.01
24   42	|	4	23	22	11	391	0.01
24   43	|	0	7	4	2	78	0.00
24   44	|	0	10	3	0	38	0.00
24   48	|	0	7	8	4	234	0.00
24   52	|	1	7	12	4	310	0.00
24   53	|	3	18	11	7	487	0.01

25   1	|	2	68	4	0	22	0.07
25   2	|	0	2	0	0	1	0.00
25   3	|	6	118	20	2	40	0.09
25   4	|	1	3	2	0	0	0.33
25   5	|	0	9	0	1	1	0.00
25   6	|	0	4	1	0	1	0.00
25   7	|	4	39	12	2	16	0.12
25   8	|	0	2	1	0	0	0.00
25   9	|	0	52	8	0	30	0.00
25   10	|	0	0	0	0	1	0.00
25   11	|	0	6	0	0	0	 - 
25   12	|	1	74	8	5	48	0.02
25   13	|	0	11	3	2	17	0.00
25   14	|	0	7	3	0	5	0.00
25   15	|	1	7	1	0	18	0.05
25   16	|	0	2	0	0	1	0.00
25   17	|	0	1	0	0	0	 - 
25   18	|	0	4	0	0	3	0.00
25   22	|	0	12	1	2	54	0.00
25   23	|	1	17	10	6	67	0.01
25   24	|	0	14	1	1	22	0.00
25   28	|	0	2	0	0	2	0.00
25   30	|	0	1	0	0	2	0.00
25   32	|	2	11	0	2	13	0.12
25   33	|	0	0	1	0	1	0.00
25   34	|	0	19	8	0	18	0.00
25   35	|	0	0	6	1	11	0.00
25   36	|	0	39	2	0	28	0.00
25   37	|	0	16	8	2	33	0.00
25   38	|	1	3	2	0	1	0.25
25   39	|	0	3	1	0	3	0.00
25   40	|	0	43	5	0	31	0.00
25   41	|	3	81	32	3	88	0.02
25   42	|	1	33	14	15	93	0.01
25   43	|	2	12	1	2	25	0.07
25   44	|	0	4	1	0	4	0.00
25   48	|	1	13	11	3	152	0.01
25   49	|	2	12	4	3	86	0.02
25   50	|	0	4	2	2	29	0.00
25   52	|	1	8	4	0	44	0.02
25   53	|	2	22	10	1	125	0.01

26   1	|	3	58	5	1	17	0.12
26   2	|	0	4	0	0	3	0.00
26   3	|	3	94	22	8	67	0.03
26   4	|	0	3	0	0	6	0.00
26   5	|	1	5	0	0	11	0.08
26   6	|	0	5	2	0	0	0.00
26   7	|	0	37	7	4	49	0.00
26   8	|	0	1	1	0	6	0.00
26   9	|	1	44	11	1	53	0.02
26   10	|	0	2	2	0	4	0.00
26   11	|	0	4	0	0	2	0.00
26   12	|	1	59	30	6	106	0.01
26   13	|	1	21	10	10	102	0.01
26   14	|	0	8	1	2	24	0.00
26   15	|	1	12	6	7	73	0.01
26   16	|	0	0	1	0	0	0.00
26   17	|	0	0	0	0	3	0.00
26   18	|	0	2	3	1	27	0.00
26   22	|	0	23	18	7	259	0.00
26   23	|	0	48	30	20	568	0.00
26   24	|	1	12	12	17	181	0.00
26   28	|	0	1	1	0	17	0.00
26   29	|	0	1	0	1	11	0.00
26   30	|	0	3	1	1	21	0.00
26   32	|	2	11	3	4	46	0.04
26   33	|	0	0	0	1	2	0.00
26   34	|	4	27	15	4	69	0.04
26   35	|	0	5	2	1	44	0.00
26   36	|	3	29	12	6	101	0.02
26   37	|	2	28	20	4	122	0.01
26   38	|	2	7	0	1	5	0.25
26   39	|	1	5	0	1	26	0.04
26   40	|	2	45	9	4	137	0.01
26   41	|	4	97	37	16	401	0.01
26   42	|	1	30	23	15	353	0.00
26   43	|	0	9	8	3	72	0.00
26   44	|	0	5	2	1	14	0.00
26   48	|	2	31	30	13	499	0.00
26   49	|	0	3	1	3	104	0.00
26   50	|	0	1	0	2	34	0.00
26   52	|	2	10	14	11	229	0.01
26   53	|	3	28	29	17	480	0.01

30   1	|	5	180	28	0	45	0.06
30   2	|	0	16	0	0	3	0.00
30   3	|	11	283	48	2	56	0.09
30   4	|	2	5	2	1	2	0.29
30   5	|	0	11	2	0	0	0.00
30   6	|	0	12	4	0	1	0.00
30   7	|	9	112	30	6	52	0.09
30   8	|	0	2	0	0	1	0.00
30   9	|	12	234	50	0	58	0.10
30   10	|	1	1	0	0	1	0.50
30   11	|	1	16	0	0	3	0.25
30   12	|	4	92	17	1	45	0.06
30   13	|	0	14	1	0	10	0.00
30   14	|	0	27	5	1	7	0.00
30   15	|	0	10	2	0	8	0.00
30   16	|	1	3	0	0	0	1.00
30   17	|	0	0	0	0	2	0.00
30   18	|	0	2	0	0	3	0.00
30   19	|	5	136	40	4	173	0.02
30   20	|	0	16	6	0	20	0.00
30   21	|	1	10	4	0	4	0.11
30   22	|	2	28	8	4	36	0.04
30   23	|	0	3	3	0	26	0.00
30   24	|	0	22	8	2	16	0.00
30   25	|	1	37	6	3	66	0.01
30   26	|	0	7	1	0	16	0.00
30   27	|	0	7	3	1	5	0.00
30   29	|	0	2	0	0	3	0.00
30   30	|	0	3	1	0	10	0.00
30   32	|	2	30	7	1	12	0.09
30   33	|	0	1	0	0	2	0.00
30   34	|	1	54	11	5	38	0.02
30   35	|	0	11	1	2	6	0.00
30   36	|	0	65	13	0	34	0.00
30   37	|	1	9	3	0	6	0.10
30   38	|	1	7	0	0	1	0.50
30   39	|	0	3	1	0	2	0.00
30   40	|	1	57	17	2	49	0.01
30   41	|	5	135	30	1	114	0.03
30   42	|	1	10	1	1	15	0.06
30   43	|	0	3	2	1	7	0.00
30   44	|	1	8	2	0	1	0.25
30   45	|	4	71	25	4	126	0.03
30   46	|	1	6	8	2	16	0.04
30   47	|	0	8	2	0	7	0.00
30   48	|	0	14	2	0	24	0.00
30   49	|	0	1	1	0	2	0.00
30   50	|	0	1	0	0	2	0.00
30   51	|	2	24	7	1	95	0.02
30   52	|	1	2	0	0	9	0.10
30   53	|	0	4	2	0	27	0.00

31   1	|	12	359	54	0	85	0.08
31   2	|	2	20	3	0	3	0.25
31   3	|	18	423	70	3	135	0.08
31   4	|	0	9	2	0	2	0.00
31   5	|	0	9	1	0	5	0.00
31   6	|	1	22	2	0	4	0.14
31   7	|	9	196	46	6	80	0.06
31   8	|	1	2	2	0	1	0.25
31   9	|	11	353	60	0	103	0.06
31   10	|	0	1	0	0	3	0.00
31   11	|	1	26	5	0	6	0.08
31   12	|	8	190	40	1	80	0.06
31   13	|	1	35	6	0	34	0.02
31   14	|	1	43	4	0	12	0.06
31   15	|	0	13	5	0	19	0.00
31   16	|	0	2	2	0	3	0.00
31   17	|	0	0	0	0	1	0.00
31   18	|	1	6	2	0	8	0.09
31   19	|	13	260	89	11	450	0.02
31   20	|	1	23	15	0	30	0.02
31   21	|	0	24	9	1	24	0.00
31   22	|	3	43	21	0	98	0.02
31   23	|	1	11	5	1	97	0.01
31   24	|	2	25	9	2	47	0.03
31   25	|	2	68	27	0	167	0.01
31   26	|	0	11	6	0	43	0.00
31   27	|	1	12	3	2	25	0.03
31   28	|	0	1	1	0	7	0.00
31   29	|	1	1	0	0	2	0.33
31   30	|	0	2	1	0	12	0.00
31   32	|	1	39	14	1	19	0.03
31   33	|	0	1	0	0	1	0.00
31   34	|	5	66	18	15	49	0.06
31   35	|	0	8	3	1	8	0.00
31   36	|	4	109	24	7	41	0.05
31   37	|	0	12	4	0	17	0.00
31   38	|	2	11	4	0	3	0.22
31   39	|	1	13	2	0	4	0.14
31   40	|	4	106	27	2	73	0.04
31   41	|	8	206	66	5	197	0.03
31   42	|	1	19	5	4	49	0.02
31   43	|	0	19	5	0	19	0.00
31   44	|	3	5	2	0	5	0.30
31   45	|	8	107	55	9	446	0.02
31   46	|	0	16	13	1	92	0.00
31   47	|	1	10	1	3	31	0.03
31   48	|	0	19	5	5	131	0.00
31   49	|	1	0	2	1	28	0.03
31   50	|	0	3	0	0	6	0.00
31   51	|	2	47	17	8	364	0.01
31   52	|	0	4	3	0	35	0.00
31   53	|	1	16	7	1	109	0.01

32   1	|	15	280	37	0	94	0.10
32   2	|	0	13	1	0	3	0.00
32   3	|	15	391	51	5	105	0.09
32   4	|	0	7	2	0	1	0.00
32   5	|	0	8	4	0	3	0.00
32   6	|	1	16	2	0	1	0.25
32   7	|	7	166	37	6	74	0.06
32   8	|	0	3	0	0	1	0.00
32   9	|	13	269	51	1	75	0.09
32   10	|	0	3	0	0	0	 - 
32   11	|	2	25	8	0	4	0.14
32   12	|	3	144	32	1	48	0.04
32   13	|	2	19	6	0	21	0.07
32   14	|	0	35	7	1	12	0.00
32   15	|	0	7	2	0	18	0.00
32   16	|	0	3	1	0	0	0.00
32   17	|	0	0	0	0	1	0.00
32   18	|	0	5	4	0	5	0.00
32   19	|	10	217	68	10	316	0.02
32   20	|	1	17	10	0	46	0.02
32   21	|	0	17	6	0	18	0.00
32   22	|	0	24	9	1	74	0.00
32   23	|	1	2	5	0	88	0.01
32   24	|	1	14	9	0	41	0.02
32   25	|	1	43	16	3	111	0.01
32   26	|	0	3	6	1	32	0.00
32   27	|	1	15	2	0	21	0.04
32   28	|	0	0	1	1	1	0.00
32   29	|	0	5	1	0	3	0.00
32   30	|	0	2	2	0	5	0.00
32   32	|	0	38	6	2	11	0.00
32   33	|	0	2	0	0	0	 - 
32   34	|	7	56	12	5	50	0.09
32   35	|	0	4	5	2	1	0.00
32   36	|	2	92	15	2	40	0.03
32   37	|	1	6	8	0	15	0.04
32   38	|	1	17	1	0	6	0.13
32   39	|	0	9	3	0	4	0.00
32   40	|	3	92	15	2	50	0.04
32   41	|	1	162	36	6	161	0.00
32   42	|	2	3	2	2	60	0.03
32   43	|	0	9	2	0	16	0.00
32   44	|	1	5	0	0	5	0.17
32   45	|	5	80	45	8	465	0.01
32   46	|	1	15	10	0	106	0.01
32   47	|	0	7	2	2	23	0.00
32   48	|	0	15	8	1	97	0.00
32   49	|	0	3	0	0	29	0.00
32   50	|	0	4	0	0	19	0.00
32   51	|	6	35	21	5	311	0.02
32   52	|	0	2	1	0	28	0.00
32   53	|	0	6	5	3	97	0.00

33   1	|	3	64	9	0	16	0.11
33   2	|	1	6	0	0	0	1.00
33   3	|	4	100	13	0	17	0.12
33   4	|	0	1	0	0	1	0.00
33   5	|	0	2	0	0	1	0.00
33   6	|	0	4	3	0	0	0.00
33   7	|	0	42	7	0	24	0.00
33   8	|	0	0	1	0	1	0.00
33   9	|	4	73	11	0	31	0.09
33   10	|	1	2	1	0	0	0.50
33   11	|	0	10	1	0	2	0.00
33   12	|	1	30	16	0	30	0.02
33   13	|	0	6	1	0	16	0.00
33   14	|	1	7	2	0	2	0.20
33   15	|	1	2	0	0	9	0.10
33   16	|	0	1	0	0	0	 - 
33   17	|	0	2	0	0	1	0.00
33   18	|	0	0	1	0	3	0.00
33   19	|	3	59	9	2	161	0.02
33   20	|	0	6	1	1	20	0.00
33   21	|	1	0	0	0	6	0.14
33   22	|	0	11	8	0	39	0.00
33   23	|	0	3	0	1	58	0.00
33   24	|	0	6	1	0	17	0.00
33   25	|	0	11	6	0	58	0.00
33   26	|	0	2	3	0	22	0.00
33   27	|	0	4	1	1	16	0.00
33   28	|	0	1	0	0	0	 - 
33   29	|	0	1	0	0	1	0.00
33   30	|	0	0	0	0	6	0.00
33   32	|	2	8	0	0	4	0.33
33   33	|	0	1	0	0	0	 - 
33   34	|	0	21	5	1	19	0.00
33   35	|	0	0	0	0	7	0.00
33   36	|	3	23	3	0	16	0.14
33   37	|	0	3	0	0	17	0.00
33   38	|	0	4	1	0	1	0.00
33   39	|	0	6	0	0	1	0.00
33   40	|	2	23	3	0	19	0.08
33   41	|	0	34	12	1	60	0.00
33   42	|	0	4	1	2	30	0.00
33   43	|	0	7	1	0	11	0.00
33   44	|	0	3	0	0	3	0.00
33   45	|	1	23	25	5	336	0.00
33   46	|	1	4	9	0	78	0.01
33   47	|	0	3	1	1	13	0.00
33   48	|	0	2	5	1	65	0.00
33   49	|	1	2	0	0	12	0.08
33   50	|	0	0	1	0	9	0.00
33   51	|	1	7	13	2	221	0.00
33   52	|	0	1	2	0	19	0.00
33   53	|	0	2	2	2	57	0.00

34   1	|	0	1	0	0	0	 - 
34   3	|	0	4	2	0	2	0.00
34   5	|	0	1	0	0	0	 - 
34   7	|	0	11	3	1	2	0.00
34   9	|	0	5	0	0	2	0.00
34   11	|	0	3	0	0	0	 - 
34   12	|	0	5	1	0	5	0.00
34   13	|	0	2	1	0	4	0.00
34   14	|	0	1	0	1	1	0.00
34   15	|	0	0	0	0	2	0.00
34   17	|	0	1	0	0	0	 - 
34   18	|	0	0	0	0	1	0.00
34   19	|	1	12	5	0	46	0.02
34   20	|	0	0	1	0	8	0.00
34   21	|	0	0	0	0	3	0.00
34   22	|	0	3	0	0	10	0.00
34   23	|	0	2	2	0	30	0.00
34   24	|	0	1	2	1	12	0.00
34   25	|	0	1	1	1	21	0.00
34   26	|	0	2	0	0	12	0.00
34   27	|	0	0	0	0	6	0.00
34   28	|	0	0	0	0	1	0.00
34   30	|	0	0	0	0	2	0.00
34   32	|	0	1	0	0	2	0.00
34   34	|	0	2	1	0	5	0.00
34   36	|	0	2	2	0	2	0.00
34   37	|	0	1	1	0	3	0.00
34   38	|	0	1	0	0	0	 - 
34   39	|	0	0	0	0	1	0.00
34   40	|	0	2	0	0	5	0.00
34   41	|	0	12	6	1	25	0.00
34   42	|	0	1	1	1	17	0.00
34   43	|	0	0	0	0	6	0.00
34   44	|	0	1	0	0	1	0.00
34   45	|	0	12	17	0	126	0.00
34   46	|	0	4	3	2	41	0.00
34   47	|	1	0	1	0	5	0.14
34   48	|	0	4	2	0	35	0.00
34   49	|	0	0	0	0	9	0.00
34   50	|	0	1	1	0	4	0.00
34   51	|	0	2	8	2	94	0.00
34   52	|	0	1	0	0	4	0.00
34   53	|	0	1	2	1	27	0.00

35   1	|	0	30	8	0	9	0.00
35   2	|	0	1	0	0	0	 - 
35   3	|	4	36	9	0	20	0.12
35   4	|	0	3	0	0	0	 - 
35   5	|	0	1	0	1	0	0.00
35   6	|	0	2	0	0	0	 - 
35   7	|	2	52	18	1	37	0.03
35   8	|	0	0	1	0	2	0.00
35   9	|	3	35	5	0	18	0.12
35   10	|	0	0	0	0	1	0.00
35   11	|	0	5	2	0	2	0.00
35   12	|	2	74	18	4	43	0.03
35   13	|	0	14	4	2	36	0.00
35   14	|	1	19	1	0	12	0.07
35   15	|	0	3	1	0	15	0.00
35   16	|	0	1	0	0	0	 - 
35   17	|	0	1	0	0	2	0.00
35   18	|	0	2	2	2	8	0.00
35   19	|	8	94	57	10	290	0.02
35   20	|	0	11	2	1	29	0.00
35   21	|	0	10	3	2	23	0.00
35   22	|	1	14	8	2	69	0.01
35   23	|	0	5	6	1	120	0.00
35   24	|	1	16	1	3	46	0.02
35   25	|	0	26	11	3	160	0.00
35   26	|	0	5	5	0	51	0.00
35   27	|	0	3	5	0	20	0.00
35   28	|	1	0	0	0	3	0.25
35   29	|	0	0	0	0	1	0.00
35   30	|	1	1	0	0	5	0.17
35   32	|	0	17	4	0	8	0.00
35   34	|	2	32	7	7	26	0.05
35   35	|	0	1	2	3	11	0.00
35   36	|	0	13	3	0	14	0.00
35   37	|	0	3	1	2	8	0.00
35   38	|	0	1	1	0	0	0.00
35   39	|	0	3	0	0	2	0.00
35   40	|	1	33	6	0	42	0.02
35   41	|	2	79	30	8	130	0.01
35   42	|	1	4	7	0	70	0.01
35   43	|	0	10	2	1	16	0.00
35   44	|	1	5	3	0	3	0.14
35   45	|	5	58	48	24	584	0.01
35   46	|	0	10	10	5	157	0.00
35   47	|	0	8	4	0	29	0.00
35   48	|	0	12	11	2	159	0.00
35   49	|	0	1	1	0	41	0.00
35   50	|	0	6	1	0	22	0.00
35   51	|	2	35	30	10	470	0.00
35   52	|	0	2	0	0	21	0.00
35   53	|	1	12	8	2	140	0.01

36   1	|	0	10	1	0	7	0.00
36   2	|	0	2	1	0	0	0.00
36   3	|	1	20	6	2	27	0.03
36   4	|	0	1	0	0	0	 - 
36   6	|	0	1	1	0	0	0.00
36   7	|	0	32	7	8	61	0.00
36   8	|	0	0	2	0	3	0.00
36   9	|	1	21	4	1	45	0.02
36   10	|	0	0	0	0	3	0.00
36   11	|	0	0	0	0	1	0.00
36   12	|	1	25	12	3	99	0.01
36   13	|	0	6	5	3	83	0.00
36   14	|	0	5	1	1	14	0.00
36   15	|	0	1	6	0	28	0.00
36   16	|	0	0	0	0	1	0.00
36   17	|	0	0	0	0	3	0.00
36   18	|	0	0	0	0	8	0.00
36   19	|	2	31	38	20	790	0.00
36   20	|	0	5	1	4	107	0.00
36   21	|	0	0	0	0	13	0.00
36   22	|	0	7	8	1	229	0.00
36   23	|	1	7	4	0	122	0.01
36   24	|	0	1	0	4	23	0.00
36   25	|	1	13	11	4	421	0.00
36   26	|	1	3	4	2	120	0.01
36   27	|	0	1	1	0	18	0.00
36   28	|	0	2	0	0	10	0.00
36   29	|	1	0	0	0	4	0.20
36   30	|	2	1	0	1	42	0.04
36   32	|	0	1	2	0	9	0.00
36   34	|	0	13	13	9	89	0.00
36   35	|	0	1	2	1	11	0.00
36   36	|	1	12	6	4	58	0.01
36   37	|	0	3	1	2	21	0.00
36   38	|	0	2	0	0	0	 - 
36   39	|	0	0	0	0	2	0.00
36   40	|	0	19	14	4	152	0.00
36   41	|	2	29	21	10	427	0.00
36   42	|	0	0	0	0	5	0.00
36   43	|	0	0	0	0	4	0.00
36   44	|	0	0	0	0	6	0.00
36   45	|	0	3	3	2	58	0.00
36   46	|	0	0	1	1	8	0.00
36   47	|	0	0	0	0	1	0.00
36   48	|	0	0	0	0	3	0.00
36   51	|	0	2	0	0	28	0.00
36   52	|	0	1	0	0	29	0.00
36   53	|	0	3	0	0	60	0.00

37   1	|	0	11	2	0	1	0.00
37   2	|	0	1	0	0	0	 - 
37   3	|	1	3	0	1	14	0.06
37   4	|	0	0	0	0	2	0.00
37   5	|	0	0	1	0	1	0.00
37   6	|	1	1	0	0	0	1.00
37   7	|	0	16	4	3	32	0.00
37   8	|	0	0	0	0	5	0.00
37   9	|	0	9	3	0	16	0.00
37   10	|	0	0	0	0	1	0.00
37   11	|	0	1	1	0	1	0.00
37   12	|	0	15	7	1	111	0.00
37   13	|	0	4	4	5	82	0.00
37   14	|	0	5	2	1	31	0.00
37   15	|	0	2	2	1	49	0.00
37   16	|	0	0	0	0	1	0.00
37   17	|	0	0	0	0	6	0.00
37   18	|	0	1	0	0	18	0.00
37   19	|	1	37	42	20	675	0.00
37   20	|	0	0	7	5	119	0.00
37   21	|	0	3	3	1	37	0.00
37   22	|	0	9	4	5	228	0.00
37   23	|	0	15	23	12	634	0.00
37   24	|	0	9	13	4	248	0.00
37   25	|	1	8	11	6	402	0.00
37   26	|	0	2	2	0	153	0.00
37   27	|	1	5	6	4	59	0.01
37   28	|	0	1	0	0	5	0.00
37   29	|	0	0	0	0	8	0.00
37   30	|	0	0	0	1	28	0.00
37   32	|	0	4	1	3	14	0.00
37   34	|	0	11	3	2	42	0.00
37   35	|	0	2	2	2	30	0.00
37   36	|	1	4	5	3	33	0.02
37   37	|	0	5	7	4	61	0.00
37   38	|	0	0	0	0	1	0.00
37   39	|	0	1	0	0	12	0.00
37   40	|	0	11	3	0	49	0.00
37   41	|	1	20	19	10	349	0.00
37   42	|	0	10	21	3	328	0.00
37   43	|	0	4	1	3	85	0.00
37   44	|	0	0	0	0	8	0.00
37   45	|	3	57	126	51	2546	0.00
37   46	|	0	9	33	25	787	0.00
37   47	|	1	5	6	2	138	0.01
37   48	|	0	9	14	12	744	0.00
37   49	|	0	8	11	1	274	0.00
37   50	|	1	4	6	4	140	0.01
37   51	|	4	39	65	23	2386	0.00
37   52	|	0	1	1	0	120	0.00
37   53	|	3	4	18	4	641	0.00

38   1	|	2	13	0	0	6	0.25
38   3	|	0	10	2	0	5	0.00
38   4	|	0	0	0	0	1	0.00
38   5	|	0	0	0	0	2	0.00
38   6	|	0	0	0	0	1	0.00
38   7	|	0	13	4	1	28	0.00
38   8	|	0	0	0	0	7	0.00
38   9	|	0	3	3	0	22	0.00
38   10	|	0	0	0	1	1	0.00
38   11	|	0	1	0	0	0	 - 
38   12	|	0	9	6	1	66	0.00
38   13	|	0	2	4	0	73	0.00
38   14	|	0	1	0	0	5	0.00
38   15	|	0	2	0	0	26	0.00
38   19	|	2	18	18	3	615	0.00
38   20	|	0	4	3	0	97	0.00
38   21	|	0	1	0	0	12	0.00
38   22	|	0	4	3	0	116	0.00
38   23	|	0	1	4	1	101	0.00
38   24	|	0	0	1	0	23	0.00
38   25	|	0	3	8	2	259	0.00
38   26	|	0	1	2	1	108	0.00
38   27	|	0	0	2	1	9	0.00
38   28	|	0	0	0	0	2	0.00
38   29	|	0	0	0	0	5	0.00
38   30	|	0	0	2	1	21	0.00
38   32	|	0	0	1	0	6	0.00
38   34	|	1	9	1	2	39	0.02
38   35	|	0	1	0	0	6	0.00
38   36	|	0	4	6	1	30	0.00
38   37	|	0	0	0	0	16	0.00
38   39	|	0	1	1	0	3	0.00
38   40	|	1	5	5	1	103	0.01
38   41	|	0	12	10	3	257	0.00
38   42	|	0	0	1	0	4	0.00
38   43	|	0	0	0	0	6	0.00
38   44	|	0	0	0	0	1	0.00
38   45	|	1	0	1	0	33	0.03
38   46	|	0	1	0	0	14	0.00
38   47	|	0	0	1	0	0	0.00
38   48	|	0	1	0	0	0	 - 
38   51	|	0	1	0	0	29	0.00
38   52	|	1	0	1	0	16	0.06
38   53	|	0	0	0	1	35	0.00

39   1	|	0	3	1	0	1	0.00
39   3	|	0	6	0	0	1	0.00
39   6	|	0	1	0	0	0	 - 
39   7	|	0	8	1	0	3	0.00
39   9	|	0	5	0	0	1	0.00
39   11	|	0	1	0	0	0	 - 
39   12	|	1	4	1	0	7	0.11
39   13	|	0	1	0	0	0	 - 
39   14	|	0	4	0	0	1	0.00
39   15	|	0	1	0	0	0	 - 
39   18	|	0	0	1	0	1	0.00
39   19	|	0	9	3	1	39	0.00
39   20	|	0	1	0	0	8	0.00
39   21	|	0	1	0	0	2	0.00
39   22	|	0	1	1	0	18	0.00
39   23	|	0	1	1	0	38	0.00
39   24	|	0	2	1	0	14	0.00
39   25	|	0	3	2	1	30	0.00
39   26	|	0	0	1	0	8	0.00
39   27	|	0	1	0	1	6	0.00
39   30	|	0	0	0	0	1	0.00
39   32	|	0	1	1	0	0	0.00
39   34	|	0	1	0	0	3	0.00
39   35	|	0	0	0	0	1	0.00
39   36	|	0	1	0	1	4	0.00
39   37	|	0	0	0	0	3	0.00
39   38	|	0	0	0	0	1	0.00
39   39	|	0	0	0	0	1	0.00
39   40	|	0	2	1	0	4	0.00
39   41	|	0	2	0	0	18	0.00
39   42	|	0	3	2	0	11	0.00
39   43	|	0	1	0	0	1	0.00
39   45	|	0	5	9	4	137	0.00
39   46	|	0	2	2	5	47	0.00
39   47	|	0	0	0	0	8	0.00
39   48	|	0	0	2	0	38	0.00
39   49	|	0	1	1	0	27	0.00
39   50	|	0	0	0	0	4	0.00
39   51	|	0	5	8	1	116	0.00
39   52	|	0	1	0	0	6	0.00
39   53	|	0	0	1	0	31	0.00

40   1	|	3	69	11	0	7	0.14
40   2	|	0	4	0	0	1	0.00
40   3	|	3	105	11	0	16	0.10
40   5	|	1	4	0	0	0	1.00
40   6	|	0	2	0	0	0	 - 
40   7	|	1	129	16	2	28	0.02
40   9	|	4	64	11	0	13	0.14
40   11	|	1	6	0	0	1	0.50
40   12	|	5	67	15	0	28	0.10
40   13	|	1	22	2	0	24	0.04
40   14	|	0	38	4	0	8	0.00
40   16	|	0	0	0	0	3	0.00
40   17	|	0	2	1	0	0	0.00
40   18	|	1	1	1	0	1	0.33
40   22	|	2	24	3	3	28	0.06
40   28	|	0	1	0	0	0	 - 
40   29	|	0	2	0	0	2	0.00
40   32	|	2	24	3	0	7	0.17
40   34	|	1	46	4	0	19	0.04
40   35	|	1	5	3	0	2	0.17
40   36	|	1	46	4	1	13	0.05
40   38	|	0	4	0	0	1	0.00
40   39	|	0	1	0	0	1	0.00
40   40	|	2	49	7	1	27	0.05
40   41	|	3	101	22	8	81	0.03

41   1	|	4	148	10	0	22	0.11
41   2	|	0	8	1	0	1	0.00
41   3	|	6	156	19	2	33	0.10
41   4	|	0	2	0	0	0	 - 
41   5	|	0	5	0	0	2	0.00
41   6	|	0	6	0	0	2	0.00
41   7	|	9	206	27	2	71	0.08
41   9	|	7	125	16	0	30	0.13
41   11	|	1	12	3	0	2	0.17
41   12	|	7	128	23	2	80	0.06
41   13	|	2	42	9	2	56	0.03
41   14	|	0	39	10	1	26	0.00
41   15	|	0	15	4	2	24	0.00
41   16	|	0	3	0	0	0	 - 
41   17	|	0	2	0	0	2	0.00
41   22	|	0	32	21	4	166	0.00
41   23	|	1	16	21	6	180	0.00
41   24	|	3	15	5	4	64	0.04
41   32	|	2	26	7	2	19	0.07
41   34	|	2	92	12	2	40	0.04
41   35	|	0	4	4	0	12	0.00
41   36	|	5	71	12	3	31	0.10
41   37	|	0	12	4	0	15	0.00
41   38	|	0	8	0	0	0	 - 
41   39	|	0	4	2	0	3	0.00
41   40	|	3	85	13	2	66	0.04
41   41	|	7	205	37	10	270	0.02
41   44	|	2	14	1	1	8	0.17
41   48	|	0	8	4	1	100	0.00
41   50	|	0	0	0	0	1	0.00
41   53	|	0	15	6	3	100	0.00

42   1	|	4	114	21	0	10	0.11
42   2	|	0	7	1	0	0	0.00
42   3	|	4	131	19	2	21	0.09
42   4	|	2	4	2	0	0	0.50
42   5	|	0	4	0	0	2	0.00
42   6	|	1	7	1	0	0	0.50
42   7	|	4	179	32	1	55	0.04
42   9	|	2	89	13	1	24	0.05
42   11	|	0	10	2	0	1	0.00
42   12	|	2	93	17	5	92	0.02
42   13	|	1	29	7	1	67	0.01
42   14	|	3	48	6	1	16	0.12
42   16	|	0	1	0	0	2	0.00
42   22	|	0	30	15	8	166	0.00
42   28	|	0	0	0	0	2	0.00
42   29	|	0	5	0	0	2	0.00
42   32	|	1	35	5	4	15	0.04
42   34	|	1	76	19	5	54	0.01
42   35	|	1	7	3	1	11	0.06
42   36	|	2	46	8	4	31	0.04
42   37	|	0	6	2	2	20	0.00
42   38	|	0	5	1	0	0	0.00
42   39	|	0	2	0	0	3	0.00
42   40	|	4	65	16	3	85	0.04
42   41	|	3	138	32	9	237	0.01
42   42	|	0	12	4	0	71	0.00
42   43	|	1	8	3	0	9	0.08
42   44	|	0	13	2	0	5	0.00
42   49	|	0	1	0	0	1	0.00

43   1	|	0	33	4	0	7	0.00
43   3	|	2	36	5	0	14	0.10
43   6	|	0	1	0	0	0	 - 
43   7	|	1	50	6	3	30	0.03
43   9	|	0	31	4	1	11	0.00
43   12	|	1	21	10	3	36	0.02
43   13	|	2	9	3	1	67	0.03
43   17	|	0	0	0	0	1	0.00
43   23	|	1	6	6	5	202	0.00
43   24	|	0	5	1	2	59	0.00
43   28	|	0	0	0	0	5	0.00
43   29	|	0	0	0	0	5	0.00
43   30	|	0	2	3	0	13	0.00
43   33	|	0	1	0	0	1	0.00
43   34	|	0	15	5	2	28	0.00
43   36	|	1	14	5	0	18	0.04
43   38	|	1	1	0	0	2	0.33
43   40	|	1	17	7	3	58	0.01
43   41	|	2	48	14	7	171	0.01
43   52	|	0	1	2	1	33	0.00

44   1	|	1	20	0	0	7	0.13
44   3	|	1	28	7	0	7	0.07
44   5	|	0	0	0	0	3	0.00
44   6	|	0	1	0	0	1	0.00
44   7	|	0	35	7	3	22	0.00
44   9	|	2	20	2	0	12	0.13
44   10	|	0	0	0	0	1	0.00
44   12	|	1	15	4	3	42	0.02
44   18	|	0	0	0	0	6	0.00
44   23	|	1	3	8	1	177	0.01
44   28	|	0	0	0	0	5	0.00
44   29	|	0	1	0	0	4	0.00
44   34	|	0	8	4	1	25	0.00
44   36	|	1	13	2	0	21	0.04
44   38	|	0	1	0	0	2	0.00
44   39	|	0	0	0	0	3	0.00
44   41	|	1	42	9	8	161	0.01
44   49	|	0	0	0	0	2	0.00

45   1	|	1	5	3	0	0	0.25
45   3	|	0	9	1	0	0	0.00
45   7	|	0	20	2	0	1	0.00
45   9	|	0	4	3	0	2	0.00
45   12	|	0	1	4	0	1	0.00
45   13	|	0	2	1	0	1	0.00
45   14	|	0	1	0	0	0	 - 
45   24	|	0	1	0	0	1	0.00
45   35	|	0	1	0	0	0	 - 
45   36	|	0	0	0	0	1	0.00
45   42	|	0	1	1	0	0	0.00

46   1	|	1	20	0	0	3	0.25
46   2	|	0	2	0	0	0	 - 
46   3	|	1	20	4	0	10	0.07
46   4	|	1	3	0	0	1	0.50
46   5	|	0	2	0	0	0	 - 
46   6	|	0	0	0	0	1	0.00
46   7	|	2	28	5	1	28	0.06
46   9	|	1	18	3	1	20	0.04
46   11	|	0	1	1	0	2	0.00
46   12	|	1	26	12	1	79	0.01
46   14	|	1	7	5	1	22	0.03
46   16	|	0	1	0	0	0	 - 
46   17	|	1	0	0	0	4	0.20
46   18	|	0	2	0	0	5	0.00
46   30	|	0	2	0	1	18	0.00
46   34	|	0	12	1	2	39	0.00
46   35	|	0	5	5	1	19	0.00
46   36	|	0	16	5	0	25	0.00
46   38	|	0	1	0	0	1	0.00
46   40	|	2	13	8	2	71	0.02
46   41	|	6	52	20	8	256	0.02
46   42	|	1	25	10	0	111	0.01

47   1	|	0	2	1	0	0	0.00
47   3	|	0	2	0	0	0	 - 
47   8	|	0	1	1	0	0	0.00
47   11	|	0	1	0	0	0	 - 
47   14	|	0	2	0	0	2	0.00
47   15	|	0	0	0	0	1	0.00
47   30	|	0	1	0	0	0	 - 
47   35	|	0	2	0	0	0	 - 
47   36	|	0	2	0	0	2	0.00
47   43	|	0	1	1	0	0	0.00
47   48	|	0	0	0	0	3	0.00
47   52	|	0	0	0	0	1	0.00

48   1	|	1	7	0	0	1	0.50
48   2	|	0	1	0	0	0	 - 
48   3	|	0	6	1	0	2	0.00
48   5	|	0	1	0	0	0	 - 
48   9	|	0	5	0	0	1	0.00
48   12	|	0	3	0	0	4	0.00
48   14	|	0	6	1	0	1	0.00
48   15	|	0	1	0	0	1	0.00
48   36	|	1	4	0	0	2	0.33
48   42	|	1	2	0	0	7	0.13
48   48	|	0	0	0	0	3	0.00
48   53	|	0	0	0	0	1	0.00

50   1	|	13	265	28	0	32	0.18
50   2	|	0	17	1	0	2	0.00
50   3	|	10	303	39	3	84	0.07
50   5	|	0	6	1	0	0	0.00
50   6	|	0	6	3	0	0	0.00
50   7	|	7	159	26	3	56	0.08
50   9	|	8	208	32	3	45	0.09
50   11	|	0	20	3	0	2	0.00
50   12	|	3	81	19	4	65	0.03
50   13	|	2	34	7	2	39	0.04
50   14	|	3	43	8	1	16	0.11
50   15	|	0	14	4	0	16	0.00
50   16	|	0	2	0	0	0	 - 
50   17	|	0	1	0	0	1	0.00
50   18	|	1	7	0	0	4	0.20
50   22	|	4	44	24	9	91	0.03
50   24	|	1	19	7	3	31	0.02
50   32	|	0	23	6	0	12	0.00
50   34	|	2	90	15	1	53	0.03
50   35	|	1	12	1	0	11	0.08
50   36	|	3	65	12	4	41	0.05
50   37	|	2	19	1	0	15	0.11
50   38	|	0	4	2	0	1	0.00
50   39	|	0	4	0	0	1	0.00
50   40	|	2	66	18	6	68	0.02
50   41	|	11	182	44	12	147	0.05
50   42	|	1	15	3	0	24	0.04
50   43	|	0	13	0	1	7	0.00
50   53	|	0	4	2	2	46	0.00

51   1	|	18	411	50	3	106	0.10
51   2	|	0	25	1	0	4	0.00
51   3	|	21	590	95	7	202	0.06
51   4	|	0	18	3	0	12	0.00
51   5	|	0	21	3	1	15	0.00
51   6	|	2	15	2	1	4	0.22
51   7	|	16	333	69	3	219	0.05
51   9	|	15	388	73	5	223	0.05
51   10	|	0	14	1	1	10	0.00
51   11	|	1	31	3	0	8	0.08
51   12	|	12	202	67	18	403	0.02
51   13	|	6	103	41	21	373	0.01
51   14	|	3	92	21	6	101	0.02
51   15	|	4	29	14	3	135	0.03
51   16	|	0	3	1	0	4	0.00
51   18	|	2	8	2	0	26	0.07
51   22	|	8	84	54	33	970	0.01
51   23	|	3	68	63	32	1206	0.00
51   24	|	4	67	37	23	384	0.01
51   32	|	2	91	16	0	70	0.02
51   34	|	6	193	56	7	226	0.02
51   35	|	3	27	10	2	65	0.04
51   36	|	9	172	38	9	221	0.03
51   37	|	2	58	18	5	158	0.01
51   38	|	0	11	1	0	10	0.00
51   39	|	0	10	3	2	21	0.00
51   40	|	7	133	43	12	364	0.02
51   41	|	16	442	133	38	1336	0.01
51   42	|	5	64	33	10	370	0.01
51   43	|	1	34	9	2	88	0.01
51   44	|	2	31	4	2	26	0.06
51   48	|	3	51	39	21	817	0.00
51   52	|	2	16	11	7	227	0.01
51   53	|	2	29	30	15	614	0.00

52   1	|	8	348	52	2	67	0.06
52   2	|	3	19	2	1	3	0.33
52   3	|	15	397	54	8	142	0.07
52   4	|	0	8	2	0	5	0.00
52   5	|	0	11	3	1	18	0.00
52   6	|	0	12	2	1	4	0.00
52   7	|	8	262	55	6	151	0.04
52   9	|	15	315	38	9	135	0.08
52   11	|	0	25	2	2	11	0.00
52   12	|	3	140	43	19	326	0.01
52   13	|	4	70	26	8	306	0.01
52   14	|	1	57	13	3	94	0.01
52   22	|	2	62	40	18	853	0.00
52   23	|	2	36	55	28	1199	0.00
52   24	|	3	32	20	15	421	0.01
52   28	|	0	2	3	0	35	0.00
52   29	|	0	0	3	3	25	0.00
52   32	|	0	53	14	4	52	0.00
52   34	|	2	146	41	5	177	0.01
52   35	|	0	21	5	2	72	0.00
52   36	|	3	107	31	12	196	0.01
52   37	|	2	37	16	5	132	0.01
52   38	|	0	9	3	0	8	0.00
52   39	|	1	9	0	0	24	0.04
52   40	|	4	106	36	12	309	0.01
52   41	|	15	281	122	43	1062	0.01
52   42	|	1	40	19	8	453	0.00
52   43	|	2	16	10	2	99	0.02
52   44	|	1	21	3	0	16	0.05
52   53	|	4	15	13	15	685	0.01

53   1	|	4	94	8	3	20	0.11
53   2	|	0	8	0	0	4	0.00
53   3	|	6	97	21	5	68	0.06
53   7	|	3	61	12	4	113	0.02
53   9	|	3	64	15	10	77	0.03
53   11	|	0	10	4	2	0	0.00
53   12	|	2	45	17	11	243	0.01
53   13	|	1	34	18	12	263	0.00
53   14	|	2	12	7	1	59	0.03
53   22	|	2	19	28	17	695	0.00
53   23	|	2	26	43	32	1008	0.00
53   24	|	1	18	19	6	263	0.00
53   29	|	0	0	1	0	18	0.00
53   32	|	2	12	4	4	27	0.05
53   34	|	2	36	13	4	125	0.01
53   35	|	0	11	5	1	67	0.00
53   36	|	5	39	9	9	188	0.02
53   40	|	1	26	21	7	262	0.00
53   41	|	7	104	66	28	859	0.01
53   42	|	1	27	26	12	380	0.00
53   52	|	1	10	9	5	209	0.00

54   1	|	2	63	17	0	15	0.06
54   2	|	0	6	0	0	1	0.00
54   3	|	5	84	13	3	70	0.05
54   7	|	4	45	15	4	94	0.03
54   9	|	2	41	18	9	87	0.02
54   11	|	0	6	2	0	3	0.00
54   12	|	1	28	19	12	214	0.00
54   14	|	1	15	2	1	65	0.01
54   16	|	0	1	0	0	3	0.00
54   22	|	1	10	29	10	863	0.00
54   23	|	4	29	48	23	1272	0.00
54   24	|	0	10	12	10	350	0.00
54   28	|	0	0	0	1	51	0.00
54   32	|	1	21	10	4	43	0.02
54   34	|	1	35	10	3	162	0.01
54   36	|	1	33	17	4	188	0.00
54   40	|	0	15	9	7	295	0.00
54   41	|	6	91	47	27	868	0.01
54   42	|	1	17	21	6	358	0.00

55   1	|	1	20	1	0	4	0.17
55   3	|	1	24	1	0	12	0.07
55   5	|	0	1	0	0	0	 - 
55   7	|	0	6	1	0	3	0.00
55   9	|	1	14	3	0	3	0.14
55   11	|	0	1	0	0	0	 - 
55   13	|	0	3	0	0	3	0.00
55   14	|	0	4	0	0	1	0.00
55   15	|	0	0	1	0	0	0.00
55   30	|	0	1	0	0	0	 - 
55   41	|	0	11	1	0	24	0.00
55   43	|	0	2	0	0	0	 - 
55   44	|	0	2	1	0	0	0.00
55   52	|	0	1	1	1	2	0.00


57   1	|	1	10	2	0	3	0.17
57   2	|	0	2	0	0	0	 - 
57   3	|	1	9	3	0	5	0.11
57   9	|	0	5	4	3	10	0.00
57   13	|	1	19	2	1	31	0.03
57   18	|	0	1	0	0	0	 - 
57   23	|	0	6	4	5	53	0.00
57   30	|	0	0	0	2	2	0.00
57   36	|	0	5	3	0	8	0.00
57   38	|	0	1	0	0	1	0.00
57   41	|	1	13	8	6	67	0.01
57   42	|	1	13	3	1	18	0.04
57   50	|	0	0	1	0	0	0.00

58   1	|	1	13	2	0	5	0.13
58   3	|	2	25	2	0	8	0.17
58   4	|	0	0	0	0	1	0.00
58   5	|	0	2	0	0	0	 - 
58   7	|	1	12	2	0	2	0.20
58   9	|	0	19	1	0	4	0.00
58   11	|	0	1	0	0	1	0.00
58   12	|	0	6	3	1	6	0.00
58   15	|	0	0	1	0	2	0.00
58   16	|	0	0	0	0	1	0.00
58   39	|	0	1	0	0	1	0.00
58   41	|	0	19	4	3	21	0.00
58   43	|	0	0	0	0	1	0.00
58   44	|	0	1	0	0	1	0.00
58   48	|	0	2	0	0	15	0.00
58   50	|	0	0	0	0	1	0.00
58   52	|	0	1	0	0	5	0.00

60   1	|	0	3	2	0	0	0.00
60   2	|	0	2	1	0	0	0.00
60   3	|	0	2	1	1	5	0.00
60   4	|	0	2	0	0	1	0.00
60   5	|	0	3	0	0	1	0.00
60   7	|	0	0	2	0	6	0.00
60   9	|	0	2	0	0	5	0.00
60   10	|	0	2	0	0	0	 - 
60   12	|	0	4	1	1	19	0.00
60   13	|	0	3	2	1	18	0.00
60   14	|	1	3	2	0	11	0.07
60   15	|	1	12	2	0	11	0.07
60   17	|	0	1	0	0	0	 - 
60   18	|	0	2	0	0	7	0.00
60   22	|	0	2	5	1	44	0.00
60   23	|	0	6	8	2	68	0.00
60   24	|	0	3	3	1	22	0.00
60   28	|	0	3	1	0	2	0.00
60   30	|	0	0	1	1	4	0.00
60   32	|	0	0	0	0	1	0.00
60   33	|	0	1	0	0	0	 - 
60   34	|	0	5	1	0	7	0.00
60   35	|	0	2	2	2	5	0.00
60   36	|	0	8	0	1	17	0.00
60   37	|	0	4	1	0	9	0.00
60   38	|	0	0	0	0	2	0.00
60   39	|	0	1	0	0	4	0.00
60   40	|	0	1	1	0	11	0.00
60   41	|	0	21	12	7	66	0.00
60   42	|	0	8	10	3	62	0.00
60   43	|	0	1	4	0	9	0.00
60   44	|	0	2	1	0	3	0.00
60   48	|	0	4	3	1	85	0.00
60   49	|	0	2	1	1	23	0.00
60   50	|	0	0	0	0	13	0.00
60   52	|	1	10	3	2	18	0.04
60   53	|	1	11	8	2	97	0.01

61   1	|	0	1	1	0	0	0.00
61   2	|	0	4	0	0	0	 - 
61   3	|	0	6	0	0	0	 - 
61   5	|	0	2	1	0	1	0.00
61   6	|	0	1	0	0	0	 - 
61   7	|	0	0	3	0	1	0.00
61   9	|	0	0	1	0	6	0.00
61   11	|	0	1	0	0	0	 - 
61   12	|	0	3	1	0	13	0.00
61   13	|	0	3	1	1	8	0.00
61   14	|	1	3	1	1	5	0.13
61   15	|	0	6	3	0	3	0.00
61   18	|	0	2	1	0	1	0.00
61   22	|	0	0	1	0	27	0.00
61   23	|	0	3	3	0	49	0.00
61   24	|	0	0	1	0	15	0.00
61   28	|	0	3	1	0	2	0.00
61   30	|	0	1	0	1	5	0.00
61   32	|	1	2	0	0	0	1.00
61   33	|	0	1	0	0	0	 - 
61   34	|	0	3	1	0	4	0.00
61   35	|	0	0	0	1	0	0.00
61   36	|	0	9	3	1	5	0.00
61   37	|	1	10	1	0	6	0.13
61   39	|	0	3	0	0	0	 - 
61   40	|	0	2	0	1	5	0.00
61   41	|	1	23	8	3	50	0.02
61   42	|	0	13	3	3	28	0.00
61   43	|	0	4	0	0	6	0.00
61   44	|	0	0	2	0	1	0.00
61   48	|	0	7	5	0	38	0.00
61   49	|	0	3	0	0	17	0.00
61   50	|	0	1	1	1	4	0.00
61   52	|	1	5	2	0	10	0.08
61   53	|	0	7	0	1	31	0.00

71   1	|	0	0	2	0	0	0.00
71   2	|	0	0	0	0	1	0.00
71   3	|	0	1	0	0	0	 - 
71   4	|	0	1	0	1	0	0.00
71   5	|	0	4	0	0	0	 - 
71   7	|	0	0	0	0	3	0.00
71   11	|	0	0	0	0	1	0.00
71   12	|	0	2	3	0	10	0.00
71   13	|	0	3	3	0	11	0.00
71   14	|	0	2	0	0	4	0.00
71   15	|	1	3	0	0	8	0.11
71   17	|	0	0	1	0	0	0.00
71   18	|	0	1	1	0	3	0.00
71   22	|	0	6	1	0	35	0.00
71   23	|	0	1	1	1	55	0.00
71   24	|	0	5	1	2	11	0.00
71   28	|	0	2	0	0	3	0.00
71   29	|	0	0	0	0	1	0.00
71   30	|	1	2	2	0	9	0.08
71   32	|	0	1	1	0	3	0.00
71   33	|	0	0	0	0	1	0.00
71   34	|	0	1	0	1	1	0.00
71   35	|	0	0	0	0	4	0.00
71   36	|	1	7	2	1	11	0.07
71   37	|	0	3	1	0	6	0.00
71   38	|	0	1	0	0	0	 - 
71   39	|	0	2	1	0	1	0.00
71   40	|	0	0	0	0	10	0.00
71   41	|	1	17	8	3	56	0.01
71   42	|	0	7	3	0	26	0.00
71   43	|	0	1	1	0	12	0.00
71   44	|	0	0	0	0	1	0.00
71   48	|	0	3	1	3	37	0.00
71   49	|	0	0	0	0	4	0.00
71   50	|	0	0	0	0	4	0.00
71   52	|	1	4	2	0	9	0.08
71   53	|	1	6	1	0	34	0.03

72   1	|	0	1	0	0	0	 - 
72   3	|	0	0	1	0	1	0.00
72   5	|	0	2	0	1	0	0.00
72   8	|	0	1	0	0	0	 - 
72   9	|	0	0	0	0	1	0.00
72   12	|	0	3	1	1	3	0.00
72   13	|	0	2	1	2	4	0.00
72   14	|	0	4	0	1	2	0.00
72   15	|	0	5	0	0	4	0.00
72   18	|	1	0	0	1	0	0.50
72   22	|	0	2	2	1	15	0.00
72   23	|	0	0	3	0	14	0.00
72   24	|	0	0	0	0	7	0.00
72   28	|	1	0	1	0	0	0.50
72   30	|	0	2	1	1	5	0.00
72   32	|	0	3	0	0	0	 - 
72   34	|	0	1	0	0	3	0.00
72   35	|	0	0	1	0	1	0.00
72   36	|	0	4	2	0	6	0.00
72   37	|	0	1	1	1	5	0.00
72   38	|	0	1	0	0	0	 - 
72   39	|	0	1	0	0	1	0.00
72   40	|	0	1	0	1	8	0.00
72   41	|	1	11	12	2	42	0.02
72   42	|	0	1	2	1	18	0.00
72   43	|	0	0	0	1	2	0.00
72   48	|	0	3	0	1	24	0.00
72   49	|	0	0	1	0	2	0.00
72   50	|	0	0	0	0	3	0.00
72   52	|	0	1	0	1	8	0.00
72   53	|	0	3	2	0	27	0.00

80   1	|	4	51	6	1	12	0.17
80   2	|	0	5	0	0	0	 - 
80   3	|	3	57	14	1	26	0.07
80   4	|	0	4	0	0	0	 - 
80   5	|	0	0	1	0	0	0.00
80   6	|	0	3	0	0	0	 - 
80   7	|	1	27	12	0	17	0.03
80   9	|	0	50	5	1	16	0.00
80   10	|	0	0	0	0	1	0.00
80   11	|	0	6	0	0	1	0.00
80   12	|	4	22	2	1	19	0.15
80   13	|	0	2	1	1	13	0.00
80   14	|	1	7	3	0	1	0.20
80   15	|	0	1	1	0	7	0.00
80   18	|	0	1	0	0	6	0.00
80   19	|	2	28	13	5	155	0.01
80   20	|	0	0	2	0	21	0.00
80   21	|	0	7	1	0	9	0.00
80   22	|	0	4	2	0	35	0.00
80   23	|	0	4	3	1	75	0.00
80   24	|	1	5	3	0	36	0.03
80   25	|	0	7	0	0	71	0.00
80   26	|	0	1	3	0	32	0.00
80   27	|	0	2	2	1	12	0.00
80   28	|	0	0	0	0	1	0.00
80   29	|	0	1	0	0	0	 - 
80   30	|	0	0	0	0	4	0.00
80   32	|	1	7	3	0	4	0.13
80   33	|	0	0	0	0	1	0.00
80   34	|	0	5	2	2	16	0.00
80   35	|	0	1	0	1	4	0.00
80   36	|	0	9	2	0	12	0.00
80   37	|	0	0	2	0	8	0.00
80   38	|	0	3	0	0	0	 - 
80   39	|	0	3	0	0	2	0.00
80   40	|	0	15	6	0	25	0.00
80   41	|	2	26	14	0	82	0.02
80   42	|	0	3	1	0	39	0.00
80   43	|	0	2	1	1	9	0.00
80   44	|	0	1	0	0	0	 - 
80   45	|	1	30	18	4	363	0.00
80   46	|	0	3	4	2	98	0.00
80   47	|	1	0	0	0	17	0.06
80   48	|	0	2	6	1	96	0.00
80   49	|	0	0	1	0	32	0.00
80   50	|	0	1	0	0	19	0.00
80   51	|	0	9	3	2	253	0.00
80   52	|	0	0	0	0	15	0.00
80   53	|	0	1	2	1	81	0.00

81   1	|	0	13	0	0	2	0.00
81   2	|	1	0	0	0	0	1.00
81   3	|	1	20	4	0	10	0.07
81   4	|	0	0	1	0	0	0.00
81   6	|	0	2	0	0	0	 - 
81   7	|	2	7	4	0	4	0.20
81   9	|	3	11	5	0	4	0.25
81   11	|	1	0	0	0	0	1.00
81   12	|	0	10	2	0	3	0.00
81   13	|	0	1	0	0	0	 - 
81   14	|	0	1	0	0	1	0.00
81   19	|	0	5	1	2	14	0.00
81   20	|	0	1	0	0	2	0.00
81   22	|	0	2	0	0	0	 - 
81   24	|	0	3	0	0	0	 - 
81   25	|	0	5	0	0	4	0.00
81   26	|	0	1	0	0	2	0.00
81   27	|	0	0	0	0	2	0.00
81   32	|	0	1	0	0	0	 - 
81   34	|	0	4	3	0	2	0.00
81   35	|	0	0	0	0	1	0.00
81   36	|	0	6	2	0	6	0.00
81   37	|	0	1	0	0	1	0.00
81   39	|	0	1	0	0	0	 - 
81   40	|	1	2	0	0	0	1.00
81   41	|	0	12	3	1	6	0.00
81   42	|	0	0	1	0	0	0.00
81   45	|	0	2	2	0	10	0.00
81   46	|	0	1	0	0	0	 - 
81   48	|	0	1	0	0	2	0.00
81   50	|	0	1	0	0	1	0.00
81   51	|	0	3	0	0	5	0.00
81   52	|	0	0	0	0	2	0.00
81   53	|	0	1	0	0	0	 - 

82   1	|	5	36	5	0	13	0.22
82   2	|	0	1	1	0	0	0.00
82   3	|	1	49	12	1	9	0.04
82   5	|	0	1	0	0	4	0.00
82   6	|	0	1	1	0	0	0.00
82   7	|	4	24	2	0	15	0.19
82   8	|	0	1	1	0	0	0.00
82   9	|	1	52	7	0	22	0.03
82   10	|	0	0	0	0	1	0.00
82   11	|	0	6	2	0	0	0.00
82   12	|	2	19	5	1	25	0.06
82   13	|	0	5	1	1	13	0.00
82   14	|	0	5	2	0	2	0.00
82   15	|	0	1	1	1	11	0.00
82   16	|	0	0	0	0	1	0.00
82   17	|	0	0	0	0	1	0.00
82   18	|	0	2	0	0	2	0.00
82   19	|	2	24	19	6	143	0.01
82   20	|	0	8	3	1	32	0.00
82   21	|	0	3	0	0	6	0.00
82   22	|	1	1	1	1	43	0.02
82   23	|	0	7	2	1	68	0.00
82   24	|	0	6	1	2	29	0.00
82   25	|	1	11	4	2	78	0.01
82   26	|	1	2	4	0	27	0.03
82   27	|	0	1	0	0	7	0.00
82   28	|	0	0	0	0	2	0.00
82   29	|	0	0	0	0	2	0.00
82   30	|	0	1	1	0	3	0.00
82   32	|	1	3	3	0	2	0.17
82   34	|	0	8	4	2	12	0.00
82   35	|	0	3	0	0	3	0.00
82   36	|	1	15	4	0	12	0.06
82   37	|	0	1	2	1	10	0.00
82   38	|	0	2	0	0	3	0.00
82   39	|	0	4	0	0	3	0.00
82   40	|	0	15	4	1	23	0.00
82   41	|	2	18	9	3	65	0.03
82   42	|	0	2	3	2	40	0.00
82   43	|	0	4	0	0	12	0.00
82   44	|	0	2	3	0	2	0.00
82   45	|	0	21	24	7	297	0.00
82   46	|	3	9	2	4	61	0.04
82   47	|	1	1	2	2	14	0.05
82   48	|	0	1	2	0	76	0.00
82   49	|	0	2	1	1	24	0.00
82   50	|	0	1	1	0	7	0.00
82   51	|	2	13	9	6	206	0.01
82   52	|	0	2	2	0	21	0.00
82   53	|	0	2	4	1	67	0.00

83   1	|	0	9	2	0	2	0.00
83   3	|	0	9	2	0	1	0.00
83   4	|	0	0	0	0	1	0.00
83   6	|	0	1	0	0	1	0.00
83   7	|	0	7	0	0	1	0.00
83   9	|	0	9	2	0	1	0.00
83   12	|	0	1	1	0	2	0.00
83   13	|	0	0	1	0	0	0.00
83   14	|	0	1	1	0	0	0.00
83   18	|	0	1	0	0	1	0.00
83   19	|	0	5	2	1	5	0.00
83   20	|	0	0	0	0	1	0.00
83   22	|	0	0	1	0	1	0.00
83   23	|	0	0	1	1	4	0.00
83   24	|	0	0	0	0	1	0.00
83   25	|	0	0	0	0	3	0.00
83   26	|	0	0	1	0	0	0.00
83   27	|	0	1	0	0	2	0.00
83   29	|	0	0	0	0	1	0.00
83   32	|	0	1	0	0	0	 - 
83   34	|	0	1	1	0	0	0.00
83   35	|	1	0	0	1	0	0.50
83   36	|	1	2	0	0	0	1.00
83   38	|	1	0	0	0	0	1.00
83   39	|	0	1	0	0	0	 - 
83   40	|	1	1	0	0	0	1.00
83   41	|	1	4	0	0	5	0.17
83   42	|	0	0	0	0	1	0.00
83   45	|	0	1	0	0	9	0.00
83   46	|	0	0	1	1	1	0.00
83   47	|	0	1	0	0	1	0.00
83   48	|	0	0	0	0	5	0.00
83   51	|	0	2	0	0	11	0.00
83   52	|	0	0	0	1	1	0.00
83   53	|	0	1	0	0	1	0.00

84   1	|	1	13	2	0	4	0.14
84   2	|	0	0	0	0	1	0.00
84   3	|	0	19	3	0	5	0.00
84   7	|	1	6	1	1	3	0.17
84   9	|	3	18	2	0	7	0.25
84   10	|	0	0	0	0	1	0.00
84   11	|	0	2	1	0	0	0.00
84   12	|	0	6	0	0	4	0.00
84   13	|	0	4	0	0	0	 - 
84   14	|	0	2	0	0	0	 - 
84   15	|	0	2	0	0	0	 - 
84   17	|	0	0	0	0	1	0.00
84   18	|	0	1	0	0	0	 - 
84   19	|	0	11	5	0	10	0.00
84   20	|	0	2	1	0	1	0.00
84   21	|	0	1	0	0	0	 - 
84   22	|	0	3	0	0	2	0.00
84   23	|	1	1	0	0	1	0.50
84   24	|	0	2	0	0	1	0.00
84   25	|	1	2	0	0	3	0.25
84   26	|	0	0	0	0	4	0.00
84   27	|	0	0	0	0	3	0.00
84   28	|	0	0	0	0	1	0.00
84   32	|	0	2	0	0	0	 - 
84   34	|	0	3	2	0	0	0.00
84   36	|	0	5	1	0	2	0.00
84   40	|	3	3	0	0	1	0.75
84   41	|	1	9	1	0	13	0.07
84   44	|	0	1	0	0	0	 - 
84   45	|	0	4	1	1	9	0.00
84   46	|	0	1	2	0	1	0.00
84   48	|	0	0	0	0	4	0.00
84   49	|	0	0	0	0	1	0.00
84   51	|	0	0	0	0	5	0.00
84   53	|	0	1	1	0	6	0.00

86   1	|	0	1	0	0	1	0.00
86   3	|	0	2	0	0	0	 - 
86   7	|	1	5	1	1	4	0.14
86   9	|	0	2	0	0	6	0.00
86   10	|	0	0	0	0	1	0.00
86   11	|	0	1	0	0	0	 - 
86   12	|	1	4	1	1	28	0.03
86   13	|	0	3	0	1	22	0.00
86   14	|	0	1	0	2	4	0.00
86   15	|	0	1	1	0	8	0.00
86   17	|	0	0	0	0	1	0.00
86   18	|	0	0	1	0	6	0.00
86   19	|	2	15	13	6	230	0.01
86   20	|	0	0	0	0	40	0.00
86   21	|	0	1	0	0	8	0.00
86   22	|	0	4	3	0	87	0.00
86   23	|	0	3	3	1	121	0.00
86   24	|	0	1	1	1	47	0.00
86   25	|	0	7	2	0	165	0.00
86   26	|	0	0	0	5	82	0.00
86   27	|	1	1	1	1	19	0.05
86   28	|	0	0	0	0	4	0.00
86   29	|	0	0	0	0	1	0.00
86   30	|	0	0	1	0	9	0.00
86   32	|	0	0	0	1	2	0.00
86   33	|	0	0	0	0	1	0.00
86   34	|	0	1	4	1	9	0.00
86   35	|	0	0	0	1	6	0.00
86   36	|	1	2	1	0	15	0.06
86   37	|	0	1	0	0	16	0.00
86   38	|	0	0	0	0	1	0.00
86   39	|	0	0	0	0	2	0.00
86   40	|	0	5	0	0	21	0.00
86   41	|	1	5	7	4	95	0.01
86   42	|	1	1	3	1	46	0.02
86   43	|	0	0	0	0	6	0.00
86   44	|	0	2	0	0	4	0.00
86   45	|	0	6	11	8	296	0.00
86   46	|	0	3	1	4	64	0.00
86   47	|	0	0	0	0	8	0.00
86   48	|	1	0	4	1	72	0.01
86   51	|	0	8	5	4	234	0.00
86   52	|	0	0	1	0	19	0.00
86   53	|	1	1	1	1	79	0.01

