0   1	|	42	1.00	0.00	42	1.00	0.00
0   2	|	169	1.00	0.00	169	1.00	0.00
0   3	|	18	0.90	0.10	8	0.40	0.60
0   4	|	50	0.96	0.19	38	0.73	0.27
0   5	|	41	0.93	0.18	44	1.00	0.00
0   7	|	26	0.79	0.39	7	0.21	0.94
0   8	|	15	0.79	0.63	3	0.16	1.32
0   9	|	9	0.20	1.16	45	1.00	0.00
0   10	|	55	0.89	0.21	62	1.00	0.00
0   12	|	16	0.50	1.06	5	0.16	0.84
0   13	|	44	0.54	1.50	41	0.50	0.50
0   15	|	29	0.71	0.80	14	0.34	0.66
0   22	|	4	0.25	2.19	16	1.00	0.00
0   23	|	7	0.37	3.32	19	1.00	0.00
0   28	|	1	0.33	2.67	3	1.00	0.00
0   30	|	1	0.50	2.50	1	0.50	0.50
0   32	|	4	0.57	1.71	0	0.00	1.00
0   33	|	5	1.00	0.00	5	1.00	0.00
0   34	|	6	0.50	1.08	0	0.00	1.42
0   35	|	13	0.93	0.43	5	0.36	0.86
0   36	|	1	0.06	2.12	17	1.00	0.00
0   37	|	40	0.77	0.65	52	1.00	0.00
0   40	|	15	0.26	1.25	16	0.28	0.72
0   41	|	12	0.20	2.14	16	0.27	0.73
0   42	|	1	1.00	0.00	0	0.00	1.00
0   52	|	5	0.50	1.20	10	1.00	0.00
0   53	|	2	0.33	1.50	3	0.50	0.50

1   1	|	43	1.00	0.00	43	1.00	0.00
1   2	|	218	0.99	0.03	220	1.00	0.00
1   3	|	35	0.90	0.28	15	0.38	0.62
1   4	|	93	1.00	0.00	74	0.80	0.20
1   5	|	63	0.94	0.06	67	1.00	0.00
1   7	|	40	0.74	0.52	7	0.13	1.33
1   8	|	22	0.85	0.19	8	0.31	1.00
1   9	|	16	0.25	1.03	65	1.00	0.00
1   10	|	103	0.93	0.15	111	1.00	0.00
1   12	|	15	0.32	1.66	13	0.28	0.72
1   13	|	73	0.66	0.89	53	0.48	0.52
1   15	|	40	0.75	0.66	26	0.49	0.51
1   16	|	1	0.50	1.00	1	0.50	0.50
1   22	|	1	0.03	2.94	34	1.00	0.00
1   23	|	11	0.34	2.47	32	1.00	0.00
1   24	|	1	0.25	3.00	4	1.00	0.00
1   28	|	3	0.60	0.60	5	1.00	0.00
1   32	|	4	0.67	1.00	0	0.00	1.00
1   33	|	5	0.71	1.14	5	0.71	0.29
1   34	|	13	0.65	0.70	0	0.00	1.60
1   35	|	23	0.88	0.31	10	0.38	0.88
1   36	|	5	0.19	1.78	27	1.00	0.00
1   37	|	62	0.82	0.43	76	1.00	0.00
1   40	|	18	0.28	1.38	23	0.35	0.65
1   41	|	18	0.22	1.94	20	0.24	0.76
1   43	|	1	1.00	0.00	0	0.00	1.00
1   52	|	5	0.71	0.57	7	1.00	0.00
1   53	|	2	0.22	3.00	6	0.67	0.33

10   1	|	774	1.00	0.00	777	1.00	0.00
10   2	|	52	0.98	0.08	53	1.00	0.00
10   3	|	1382	0.97	0.04	1018	0.72	0.28
10   4	|	32	1.00	0.00	17	0.53	0.47
10   5	|	17	0.71	0.58	24	1.00	0.00
10   6	|	34	0.97	0.03	35	1.00	0.00
10   7	|	537	0.93	0.12	240	0.41	0.76
10   8	|	17	0.89	0.32	7	0.37	0.95
10   9	|	394	0.83	0.30	474	1.00	0.00
10   10	|	12	0.50	1.25	24	1.00	0.00
10   11	|	44	0.98	0.07	45	1.00	0.00
10   12	|	351	0.84	0.33	266	0.63	0.37
10   13	|	107	0.63	1.00	54	0.32	0.68
10   14	|	88	0.82	0.51	38	0.36	0.64
10   15	|	46	0.64	1.04	19	0.26	0.74
10   16	|	12	0.92	0.31	6	0.46	0.54
10   17	|	3	1.00	0.00	0	0.00	1.00
10   18	|	9	0.75	0.75	5	0.42	0.58
10   22	|	60	0.38	2.08	159	1.00	0.00
10   23	|	26	0.14	3.25	189	1.00	0.00
10   24	|	34	0.35	2.15	97	1.00	0.00
10   28	|	3	0.33	2.00	9	1.00	0.00
10   29	|	2	0.40	2.20	5	1.00	0.00
10   30	|	5	0.25	3.35	3	0.15	0.85
10   32	|	119	0.98	0.02	67	0.55	0.45
10   33	|	13	0.76	0.59	15	0.88	0.12
10   34	|	419	0.92	0.17	198	0.43	0.71
10   35	|	55	0.85	0.46	18	0.28	0.89
10   36	|	275	0.78	0.48	353	1.00	0.00
10   37	|	65	0.64	1.18	102	1.00	0.00
10   38	|	31	1.00	0.00	31	1.00	0.00
10   39	|	19	0.90	0.38	21	1.00	0.00
10   40	|	243	0.73	0.67	142	0.42	0.58
10   41	|	743	0.74	0.63	501	0.50	0.50
10   42	|	104	0.49	1.62	66	0.31	0.69
10   43	|	52	0.79	0.52	25	0.38	0.62
10   44	|	26	0.90	0.31	15	0.52	0.48
10   48	|	40	0.30	2.58	133	1.00	0.00
10   49	|	2	0.13	3.63	16	1.00	0.00
10   50	|	5	0.38	3.23	13	1.00	0.00
10   52	|	10	0.21	2.77	48	1.00	0.00
10   53	|	15	0.16	3.28	15	0.16	0.84

11   1	|	1433	0.99	0.04	1270	0.88	0.12
11   2	|	95	0.97	0.10	88	0.90	0.10
11   3	|	2565	0.96	0.09	1550	0.58	0.51
11   4	|	68	0.96	0.11	27	0.38	0.72
11   5	|	42	0.75	0.89	37	0.66	0.34
11   6	|	53	0.95	0.21	43	0.77	0.23
11   7	|	1078	0.91	0.24	389	0.33	1.06
11   8	|	32	0.86	0.65	3	0.08	1.65
11   9	|	818	0.83	0.44	773	0.79	0.21
11   10	|	21	0.58	1.19	17	0.47	0.53
11   11	|	61	0.90	0.32	52	0.76	0.24
11   12	|	657	0.73	0.81	433	0.48	0.71
11   13	|	154	0.47	1.81	42	0.13	1.26
11   14	|	165	0.78	0.69	63	0.30	0.95
11   15	|	93	0.49	1.78	20	0.11	1.28
11   16	|	13	0.93	0.36	8	0.57	0.57
11   17	|	6	0.60	1.40	3	0.30	1.60
11   18	|	22	0.50	1.50	16	0.36	0.91
11   22	|	129	0.23	3.06	232	0.41	0.59
11   23	|	57	0.08	3.98	191	0.26	0.74
11   24	|	82	0.22	3.16	142	0.38	0.62
11   28	|	4	0.17	3.46	5	0.21	0.79
11   29	|	6	0.38	3.31	7	0.44	0.56
11   30	|	15	0.38	2.87	3	0.08	1.49
11   32	|	273	0.89	0.27	111	0.36	0.88
11   33	|	26	0.81	0.53	17	0.53	0.59
11   34	|	869	0.89	0.34	294	0.30	1.16
11   35	|	97	0.63	1.20	24	0.15	1.58
11   36	|	522	0.72	0.72	527	0.73	0.27
11   37	|	109	0.45	1.81	109	0.45	0.55
11   38	|	48	0.81	0.78	46	0.78	0.22
11   39	|	36	0.64	1.38	32	0.57	0.43
11   40	|	478	0.65	1.14	236	0.32	0.96
11   41	|	1444	0.65	1.03	784	0.35	0.90
11   42	|	198	0.36	2.35	60	0.11	1.40
11   43	|	98	0.53	1.70	34	0.18	1.21
11   44	|	53	0.79	0.64	10	0.15	1.07
11   48	|	99	0.14	3.61	212	0.30	0.70
11   49	|	7	0.07	4.32	30	0.31	0.69
11   50	|	5	0.14	3.83	14	0.39	0.61
11   52	|	20	0.11	4.10	57	0.30	0.70
11   53	|	52	0.11	3.97	36	0.07	1.53

12   1	|	986	0.97	0.06	1012	1.00	0.00
12   2	|	73	0.99	0.03	74	1.00	0.00
12   3	|	1743	0.95	0.10	1285	0.70	0.30
12   4	|	38	0.93	0.24	22	0.54	0.46
12   5	|	26	0.79	1.03	33	1.00	0.00
12   6	|	45	0.98	0.09	46	1.00	0.00
12   7	|	745	0.89	0.30	325	0.39	0.83
12   8	|	18	0.78	0.52	10	0.43	0.70
12   9	|	501	0.84	0.49	600	1.00	0.00
12   10	|	9	0.36	1.68	25	1.00	0.00
12   11	|	29	0.97	0.10	30	1.00	0.00
12   12	|	372	0.67	1.13	301	0.54	0.46
12   13	|	76	0.31	2.79	52	0.21	0.79
12   14	|	111	0.74	1.14	67	0.45	0.55
12   15	|	46	0.40	2.72	30	0.26	0.74
12   16	|	10	1.00	0.00	5	0.50	0.50
12   17	|	3	0.43	3.86	1	0.14	1.43
12   18	|	14	0.36	3.23	15	0.38	0.62
12   22	|	76	0.21	3.97	354	1.00	0.00
12   23	|	16	0.03	5.28	515	1.00	0.00
12   24	|	40	0.16	4.21	258	1.00	0.00
12   28	|	3	0.20	4.87	15	1.00	0.00
12   29	|	3	0.50	2.67	6	1.00	0.00
12   30	|	2	0.07	6.04	3	0.11	0.89
12   32	|	136	0.79	0.56	90	0.52	0.48
12   33	|	14	0.61	1.13	17	0.74	0.26
12   34	|	587	0.83	0.55	282	0.40	0.80
12   35	|	38	0.43	1.98	23	0.26	1.08
12   36	|	326	0.74	0.85	442	1.00	0.00
12   37	|	43	0.31	2.93	139	1.00	0.00
12   38	|	26	0.87	0.50	30	1.00	0.00
12   39	|	17	0.46	2.27	37	1.00	0.00
12   40	|	267	0.59	1.49	182	0.40	0.60
12   41	|	869	0.61	1.42	677	0.47	0.53
12   42	|	78	0.19	3.60	101	0.25	0.75
12   43	|	62	0.44	2.68	49	0.35	0.65
12   44	|	32	0.82	0.82	18	0.46	0.54
12   48	|	54	0.13	4.57	414	1.00	0.00
12   49	|	3	0.04	5.39	72	1.00	0.00
12   50	|	4	0.14	5.24	29	1.00	0.00
12   52	|	9	0.06	4.97	146	1.00	0.00
12   53	|	23	0.05	5.15	91	0.22	0.78

13   1	|	268	0.95	0.08	283	1.00	0.00
13   2	|	24	0.96	0.04	25	1.00	0.00
13   3	|	472	0.88	0.32	363	0.68	0.32
13   4	|	16	0.59	1.59	19	0.70	0.30
13   5	|	9	0.60	1.93	15	1.00	0.00
13   6	|	6	0.67	1.44	9	1.00	0.00
13   7	|	224	0.75	0.74	102	0.34	0.95
13   8	|	3	0.43	2.43	0	0.00	1.29
13   9	|	144	0.66	1.08	218	1.00	0.00
13   10	|	5	0.24	2.86	21	1.00	0.00
13   11	|	11	1.00	0.00	11	1.00	0.00
13   12	|	137	0.49	1.99	131	0.47	0.53
13   13	|	38	0.19	3.55	53	0.26	0.74
13   14	|	33	0.50	1.94	23	0.35	0.65
13   15	|	16	0.20	3.91	24	0.29	0.71
13   16	|	1	0.50	2.00	1	0.50	0.50
13   17	|	3	0.50	2.17	1	0.17	1.33
13   18	|	1	0.08	4.92	5	0.38	0.62
13   22	|	21	0.08	4.61	252	1.00	0.00
13   23	|	17	0.03	5.13	506	1.00	0.00
13   24	|	16	0.10	4.95	167	1.00	0.00
13   29	|	1	0.10	5.10	10	1.00	0.00
13   30	|	1	0.04	5.26	3	0.11	0.89
13   32	|	47	0.64	0.96	42	0.58	0.42
13   33	|	7	0.58	2.17	9	0.75	0.25
13   34	|	152	0.66	1.16	67	0.29	0.94
13   35	|	31	0.40	2.09	16	0.21	1.17
13   36	|	78	0.48	1.80	164	1.00	0.00
13   37	|	41	0.28	2.88	145	1.00	0.00
13   38	|	8	0.62	1.38	13	1.00	0.00
13   39	|	11	0.42	2.85	26	1.00	0.00
13   40	|	76	0.35	2.54	64	0.30	0.70
13   41	|	266	0.37	2.51	241	0.34	0.66
13   42	|	53	0.16	3.78	106	0.31	0.69
13   43	|	22	0.29	3.17	21	0.27	0.73
13   44	|	8	0.42	2.32	10	0.53	0.47
13   48	|	19	0.07	5.05	291	1.00	0.00
13   49	|	2	0.03	5.59	61	1.00	0.00
13   50	|	2	0.07	4.28	29	1.00	0.00
13   52	|	2	0.01	5.39	138	1.00	0.00
13   53	|	14	0.05	5.19	50	0.19	0.81

14   1	|	165	0.93	0.15	148	0.83	0.17
14   2	|	5	0.83	0.33	4	0.67	0.33
14   3	|	304	0.86	0.42	193	0.54	0.58
14   4	|	8	0.80	0.50	4	0.40	0.90
14   5	|	4	0.27	3.07	3	0.20	0.80
14   6	|	9	0.75	1.25	7	0.58	0.42
14   7	|	136	0.75	0.87	45	0.25	1.27
14   8	|	2	0.22	2.44	1	0.11	1.33
14   9	|	90	0.61	1.33	88	0.59	0.41
14   10	|	1	0.25	3.50	2	0.50	0.50
14   11	|	4	0.50	1.38	3	0.38	0.63
14   12	|	92	0.43	2.13	63	0.29	1.10
14   13	|	17	0.11	4.23	6	0.04	1.56
14   14	|	17	0.31	3.65	8	0.15	1.20
14   15	|	11	0.17	4.13	4	0.06	1.43
14   16	|	1	0.50	0.50	1	0.50	1.00
14   18	|	3	0.14	4.77	2	0.09	1.50
14   22	|	17	0.07	4.91	65	0.27	0.73
14   23	|	13	0.02	5.55	97	0.18	0.82
14   24	|	15	0.08	4.90	33	0.18	0.82
14   28	|	2	0.13	5.00	4	0.25	0.75
14   29	|	1	0.17	5.50	2	0.33	0.67
14   30	|	2	0.13	3.88	1	0.06	1.56
14   32	|	42	0.56	1.27	15	0.20	1.07
14   33	|	3	0.60	1.00	1	0.20	1.20
14   34	|	138	0.61	1.38	42	0.19	1.57
14   35	|	13	0.29	2.58	3	0.07	1.98
14   36	|	71	0.47	2.16	61	0.40	0.60
14   37	|	27	0.21	3.30	41	0.32	0.68
14   38	|	7	0.50	2.57	8	0.57	0.43
14   39	|	4	0.17	3.96	7	0.29	0.71
14   40	|	57	0.29	2.95	37	0.19	1.23
14   41	|	163	0.29	3.04	97	0.17	1.28
14   42	|	34	0.10	4.15	22	0.06	1.54
14   43	|	11	0.14	4.32	14	0.17	1.43
14   44	|	5	0.33	3.87	3	0.20	1.20
14   48	|	15	0.03	5.11	76	0.17	0.83
14   49	|	3	0.04	5.61	16	0.19	0.81
14   50	|	1	0.03	4.94	5	0.16	0.84
14   52	|	4	0.04	5.20	23	0.21	0.79
14   53	|	7	0.03	5.72	10	0.05	1.56

15   1	|	47	1.00	0.00	47	1.00	0.00
15   2	|	4	1.00	0.00	4	1.00	0.00
15   3	|	88	0.97	0.05	65	0.71	0.29
15   4	|	3	1.00	0.00	2	0.67	0.33
15   5	|	4	0.80	0.20	5	1.00	0.00
15   6	|	3	1.00	0.00	3	1.00	0.00
15   7	|	35	0.97	0.06	14	0.39	0.78
15   9	|	33	0.80	0.51	41	1.00	0.00
15   11	|	2	1.00	0.00	2	1.00	0.00
15   12	|	15	0.75	0.50	12	0.60	0.40
15   13	|	2	0.50	2.50	0	0.00	1.00
15   14	|	3	0.75	0.50	2	0.50	0.50
15   15	|	2	0.67	0.67	2	0.67	0.33
15   16	|	1	1.00	0.00	1	1.00	0.00
15   22	|	5	0.56	1.67	9	1.00	0.00
15   23	|	3	0.33	1.11	9	1.00	0.00
15   24	|	1	0.25	4.00	4	1.00	0.00
15   32	|	11	1.00	0.00	8	0.73	0.27
15   33	|	3	1.00	0.00	3	1.00	0.00
15   34	|	28	0.93	0.27	11	0.37	0.70
15   35	|	2	0.67	0.33	0	0.00	1.33
15   36	|	19	0.90	0.19	21	1.00	0.00
15   37	|	1	1.00	0.00	1	1.00	0.00
15   39	|	1	1.00	0.00	1	1.00	0.00
15   40	|	13	0.76	0.82	8	0.47	0.53
15   41	|	48	0.72	0.55	35	0.52	0.48
15   42	|	4	0.67	1.33	0	0.00	1.00
15   44	|	3	1.00	0.00	1	0.33	0.67
15   48	|	2	0.20	2.20	10	1.00	0.00
15   49	|	2	0.40	2.00	5	1.00	0.00
15   50	|	1	1.00	0.00	1	1.00	0.00
15   53	|	2	0.40	3.60	0	0.00	1.00

16   1	|	195	0.96	0.06	170	0.83	0.17
16   2	|	16	0.89	0.22	14	0.78	0.22
16   3	|	351	0.88	0.30	210	0.53	0.65
16   4	|	31	0.69	1.09	13	0.29	1.02
16   5	|	16	0.38	1.81	18	0.43	0.57
16   6	|	10	1.00	0.00	8	0.80	0.20
16   7	|	199	0.68	0.84	44	0.15	1.67
16   8	|	53	0.77	0.54	14	0.20	1.65
16   9	|	124	0.48	1.46	112	0.44	0.56
16   10	|	26	0.44	1.88	24	0.41	0.59
16   11	|	7	0.88	0.13	7	0.88	0.13
16   12	|	143	0.38	2.09	71	0.19	1.28
16   13	|	245	0.39	1.90	118	0.19	1.24
16   14	|	24	0.32	2.33	11	0.15	1.28
16   15	|	44	0.25	2.60	30	0.17	1.37
16   16	|	1	0.10	3.80	0	0.00	1.70
16   17	|	1	0.14	2.14	0	0.00	2.57
16   18	|	4	0.11	4.00	4	0.11	1.35
16   22	|	51	0.10	3.55	134	0.27	0.73
16   23	|	161	0.15	3.66	325	0.29	0.71
16   24	|	13	0.05	4.26	81	0.29	0.71
16   28	|	4	0.12	3.73	10	0.30	0.70
16   29	|	2	0.12	3.53	5	0.29	0.71
16   30	|	7	0.15	3.38	5	0.11	1.49
16   32	|	68	0.64	1.00	32	0.30	0.94
16   33	|	30	0.77	0.69	20	0.51	0.72
16   34	|	157	0.58	1.13	47	0.17	1.61
16   35	|	128	0.67	1.02	26	0.14	1.63
16   36	|	113	0.39	1.77	130	0.44	0.56
16   37	|	248	0.57	1.46	221	0.51	0.49
16   38	|	14	0.50	1.14	17	0.61	0.39
16   39	|	18	0.33	2.31	17	0.31	0.69
16   40	|	99	0.27	2.26	45	0.12	1.43
16   41	|	338	0.31	2.26	157	0.14	1.31
16   42	|	393	0.42	2.06	175	0.19	1.23
16   43	|	30	0.24	2.56	12	0.10	1.47
16   44	|	5	0.23	3.27	1	0.05	1.50
16   48	|	52	0.08	3.80	179	0.28	0.72
16   49	|	12	0.10	3.77	38	0.31	0.69
16   50	|	1	0.03	4.45	7	0.21	0.79
16   52	|	54	0.19	3.65	83	0.29	0.71
16   53	|	85	0.14	3.62	54	0.09	1.47

17   1	|	29	1.00	0.00	29	1.00	0.00
17   2	|	3	0.75	1.00	4	1.00	0.00
17   3	|	51	0.96	0.04	33	0.62	0.38
17   4	|	3	1.00	0.00	1	0.33	0.67
17   5	|	1	1.00	0.00	1	1.00	0.00
17   7	|	18	0.90	0.35	6	0.30	0.85
17   8	|	7	0.88	0.50	4	0.50	0.63
17   9	|	18	0.72	0.56	25	1.00	0.00
17   10	|	2	0.67	0.33	3	1.00	0.00
17   12	|	15	0.52	1.03	14	0.48	0.52
17   13	|	28	0.58	1.10	17	0.35	0.65
17   14	|	3	0.60	0.80	0	0.00	1.00
17   15	|	3	0.30	2.10	3	0.30	0.70
17   18	|	1	1.00	0.00	1	1.00	0.00
17   22	|	4	0.15	3.11	27	1.00	0.00
17   23	|	19	0.30	2.44	63	1.00	0.00
17   24	|	2	0.29	3.00	7	1.00	0.00
17   32	|	5	1.00	0.00	4	0.80	0.20
17   33	|	6	1.00	0.00	6	1.00	0.00
17   34	|	19	0.86	0.41	8	0.36	0.77
17   35	|	17	0.94	0.11	11	0.61	0.44
17   36	|	11	0.42	1.38	26	1.00	0.00
17   37	|	26	0.68	0.84	38	1.00	0.00
17   38	|	1	1.00	0.00	1	1.00	0.00
17   39	|	3	0.50	1.00	6	1.00	0.00
17   40	|	21	0.60	1.00	15	0.43	0.57
17   41	|	45	0.48	1.32	38	0.41	0.59
17   42	|	33	0.55	1.28	35	0.58	0.42
17   43	|	5	0.56	1.56	1	0.11	0.89
17   44	|	2	0.50	1.25	2	0.50	0.50
17   48	|	3	0.14	2.27	22	1.00	0.00
17   49	|	1	0.25	3.00	4	1.00	0.00
17   52	|	5	0.25	3.05	20	1.00	0.00
17   53	|	9	0.28	2.44	12	0.38	0.63

18   1	|	73	1.00	0.00	68	0.93	0.07
18   2	|	2	1.00	0.00	2	1.00	0.00
18   3	|	99	0.95	0.06	69	0.66	0.36
18   4	|	5	1.00	0.00	3	0.60	0.40
18   5	|	1	1.00	0.00	1	1.00	0.00
18   6	|	1	1.00	0.00	1	1.00	0.00
18   7	|	35	0.92	0.18	13	0.34	0.84
18   9	|	18	0.78	0.61	21	0.91	0.09
18   11	|	5	1.00	0.00	4	0.80	0.20
18   12	|	27	0.68	0.68	23	0.57	0.48
18   13	|	3	0.60	0.60	3	0.60	0.40
18   14	|	4	0.80	1.00	4	0.80	0.40
18   15	|	1	0.25	2.25	2	0.50	0.50
18   16	|	1	1.00	0.00	1	1.00	0.00
18   22	|	8	0.50	1.44	14	0.88	0.13
18   23	|	1	0.08	4.23	4	0.31	0.69
18   24	|	1	0.25	3.25	2	0.50	0.50
18   32	|	9	0.82	1.09	5	0.45	0.55
18   34	|	40	0.98	0.17	17	0.41	0.88
18   36	|	18	0.56	0.75	29	0.91	0.09
18   37	|	5	0.56	0.78	7	0.78	0.22
18   38	|	3	1.00	0.00	3	1.00	0.00
18   39	|	2	1.00	0.00	2	1.00	0.00
18   40	|	18	0.75	0.58	11	0.46	0.54
18   41	|	52	0.64	0.88	34	0.42	0.64
18   42	|	3	0.30	1.80	4	0.40	0.80
18   43	|	3	1.00	0.00	2	0.67	0.33
18   44	|	1	0.50	0.50	1	0.50	1.00
18   48	|	2	0.12	3.59	10	0.59	0.41
18   52	|	1	0.14	5.00	4	0.57	0.43
18   53	|	2	0.22	2.89	1	0.11	1.11

20   1	|	59	0.98	0.02	60	1.00	0.00
20   2	|	4	1.00	0.00	4	1.00	0.00
20   3	|	104	0.93	0.14	74	0.66	0.34
20   5	|	2	0.67	3.33	3	1.00	0.00
20   6	|	2	1.00	0.00	2	1.00	0.00
20   7	|	38	0.78	0.49	12	0.24	1.06
20   8	|	2	0.67	0.67	0	0.00	1.33
20   9	|	43	0.78	0.64	55	1.00	0.00
20   11	|	2	1.00	0.00	2	1.00	0.00
20   12	|	69	0.68	0.93	63	0.62	0.38
20   13	|	5	0.26	2.05	6	0.32	0.68
20   14	|	5	0.63	1.50	2	0.25	0.75
20   15	|	5	0.50	1.60	2	0.20	0.80
20   22	|	8	0.15	3.60	55	1.00	0.00
20   23	|	3	0.05	4.65	66	1.00	0.00
20   24	|	2	0.17	3.58	12	1.00	0.00
20   29	|	1	0.33	3.00	3	1.00	0.00
20   31	|	18	0.95	0.21	14	0.74	0.26
20   32	|	14	0.64	1.05	14	0.64	0.36
20   33	|	2	0.50	0.75	4	1.00	0.00
20   34	|	22	0.63	1.14	18	0.51	0.69
20   35	|	7	0.58	1.25	3	0.25	0.92
20   36	|	27	0.66	1.02	41	1.00	0.00
20   37	|	10	0.40	2.52	25	1.00	0.00
20   38	|	4	1.00	0.00	4	1.00	0.00
20   39	|	4	0.50	1.88	8	1.00	0.00
20   40	|	51	0.68	1.04	36	0.48	0.52
20   41	|	77	0.47	1.93	65	0.39	0.61
20   42	|	21	0.22	2.95	30	0.32	0.68
20   43	|	5	0.31	2.88	8	0.50	0.50
20   44	|	4	0.80	1.20	2	0.40	0.60
20   48	|	13	0.14	3.97	96	1.00	0.00
20   50	|	3	0.13	4.30	23	1.00	0.00
20   52	|	6	0.26	3.43	23	1.00	0.00
20   53	|	11	0.12	3.94	18	0.20	0.80

21   1	|	631	0.98	0.02	642	1.00	0.00
21   2	|	38	0.95	0.05	40	1.00	0.00
21   3	|	947	0.95	0.08	741	0.75	0.25
21   4	|	18	0.78	0.30	15	0.65	0.35
21   5	|	22	0.73	0.70	30	1.00	0.00
21   6	|	47	0.98	0.02	48	1.00	0.00
21   7	|	342	0.82	0.47	169	0.40	0.85
21   8	|	9	0.75	0.58	3	0.25	1.33
21   9	|	496	0.88	0.28	564	1.00	0.00
21   10	|	6	0.55	1.27	11	1.00	0.00
21   11	|	38	0.95	0.23	40	1.00	0.00
21   12	|	540	0.81	0.52	431	0.65	0.35
21   13	|	36	0.32	2.39	30	0.26	0.74
21   14	|	79	0.82	0.56	49	0.51	0.49
21   15	|	48	0.48	1.93	33	0.33	0.67
21   16	|	9	0.90	0.70	7	0.70	0.30
21   17	|	7	0.78	0.44	2	0.22	1.44
21   18	|	24	0.60	2.17	23	0.57	0.43
21   22	|	95	0.43	2.41	222	1.00	0.00
21   23	|	16	0.07	4.23	223	1.00	0.00
21   24	|	32	0.27	3.13	118	1.00	0.00
21   28	|	5	0.29	2.24	17	1.00	0.00
21   29	|	4	0.57	1.71	7	1.00	0.00
21   30	|	5	0.33	1.93	2	0.13	0.87
21   31	|	154	0.85	0.42	127	0.70	0.32
21   32	|	107	0.82	0.34	98	0.75	0.25
21   33	|	7	0.88	0.25	7	0.88	0.13
21   34	|	200	0.72	0.63	92	0.33	0.96
21   35	|	30	0.60	0.96	16	0.32	0.96
21   36	|	192	0.71	0.86	272	1.00	0.00
21   37	|	46	0.42	2.03	110	1.00	0.00
21   38	|	58	0.92	0.16	63	1.00	0.00
21   39	|	39	0.67	0.86	58	1.00	0.00
21   40	|	277	0.72	0.83	212	0.55	0.45
21   41	|	579	0.65	1.09	440	0.50	0.50
21   42	|	61	0.24	2.91	61	0.24	0.76
21   43	|	61	0.60	1.15	48	0.48	0.52
21   44	|	25	0.83	0.93	12	0.40	0.60
21   48	|	68	0.18	3.86	388	1.00	0.00
21   49	|	7	0.04	4.65	172	1.00	0.00
21   50	|	13	0.14	3.81	90	1.00	0.00
21   52	|	9	0.09	4.13	105	1.00	0.00
21   53	|	15	0.05	4.50	73	0.24	0.76

22   1	|	151	0.90	0.23	136	0.81	0.19
22   2	|	7	0.78	0.33	8	0.89	0.11
22   3	|	249	0.72	0.73	160	0.46	0.79
22   4	|	10	0.77	0.38	3	0.23	1.15
22   5	|	12	0.36	2.58	8	0.24	0.76
22   6	|	5	0.63	2.13	5	0.63	0.38
22   7	|	131	0.45	1.48	36	0.12	1.82
22   8	|	3	0.43	2.43	0	0.00	2.43
22   9	|	137	0.52	1.74	142	0.54	0.46
22   10	|	3	0.23	3.31	5	0.38	0.62
22   11	|	8	0.67	1.08	8	0.67	0.33
22   12	|	129	0.28	2.56	66	0.15	1.33
22   13	|	39	0.13	3.45	22	0.07	1.48
22   14	|	20	0.28	2.68	8	0.11	1.44
22   15	|	43	0.16	3.37	22	0.08	1.46
22   16	|	2	0.29	3.86	0	0.00	1.00
22   17	|	2	0.40	3.40	0	0.00	2.00
22   18	|	11	0.12	4.53	12	0.13	1.39
22   22	|	36	0.06	4.59	156	0.25	0.75
22   23	|	34	0.03	4.93	258	0.22	0.78
22   24	|	27	0.06	4.49	87	0.21	0.79
22   28	|	2	0.04	4.76	12	0.24	0.76
22   29	|	1	0.08	4.69	3	0.23	0.77
22   30	|	7	0.13	4.20	1	0.02	1.58
22   31	|	53	0.37	2.59	27	0.19	1.15
22   32	|	58	0.37	1.74	23	0.15	1.26
22   33	|	11	0.41	1.85	9	0.33	0.96
22   34	|	98	0.36	1.71	26	0.10	1.84
22   35	|	26	0.22	2.62	10	0.08	2.02
22   36	|	45	0.16	3.14	94	0.34	0.66
22   37	|	68	0.16	3.07	118	0.28	0.72
22   38	|	20	0.74	0.78	18	0.67	0.33
22   39	|	9	0.13	3.61	20	0.28	0.72
22   40	|	91	0.23	3.02	59	0.15	1.34
22   41	|	215	0.20	3.05	141	0.13	1.38
22   42	|	178	0.13	3.47	128	0.10	1.46
22   43	|	28	0.11	3.65	13	0.05	1.53
22   44	|	11	0.34	2.19	2	0.06	1.44
22   48	|	72	0.04	4.76	412	0.23	0.77
22   49	|	35	0.03	4.91	266	0.21	0.79
22   50	|	25	0.05	4.88	114	0.22	0.78
22   52	|	45	0.08	4.57	143	0.26	0.74
22   53	|	79	0.06	4.77	100	0.07	1.56

23   1	|	247	0.84	0.38	209	0.71	0.29
23   2	|	16	0.89	0.22	16	0.89	0.11
23   3	|	434	0.65	0.83	269	0.41	0.86
23   4	|	14	0.52	1.07	6	0.22	1.15
23   5	|	12	0.40	2.13	8	0.27	0.73
23   6	|	14	0.78	0.78	12	0.67	0.33
23   7	|	205	0.46	1.46	54	0.12	1.80
23   8	|	3	0.20	1.93	1	0.07	1.73
23   9	|	192	0.47	1.75	199	0.48	0.52
23   10	|	5	0.16	2.74	9	0.29	0.71
23   11	|	15	0.79	0.58	11	0.58	0.42
23   12	|	224	0.40	2.10	141	0.25	1.20
23   13	|	50	0.12	3.31	23	0.06	1.60
23   14	|	28	0.32	2.85	11	0.13	1.38
23   15	|	34	0.20	3.07	14	0.08	1.42
23   16	|	4	0.36	2.91	2	0.18	1.36
23   17	|	1	0.13	4.13	0	0.00	2.25
23   18	|	8	0.25	4.00	5	0.16	1.34
23   22	|	53	0.07	4.51	151	0.20	0.80
23   23	|	12	0.02	4.98	92	0.14	0.86
23   24	|	21	0.09	4.37	51	0.22	0.78
23   28	|	4	0.07	4.94	16	0.30	0.70
23   30	|	8	0.11	4.66	1	0.01	1.69
23   31	|	75	0.47	1.92	47	0.30	0.99
23   32	|	49	0.31	1.61	24	0.15	1.32
23   33	|	4	0.22	2.22	3	0.17	1.44
23   34	|	153	0.31	1.79	30	0.06	2.00
23   35	|	22	0.19	2.10	6	0.05	2.07
23   36	|	127	0.27	2.59	150	0.32	0.68
23   37	|	24	0.11	3.27	44	0.21	0.79
23   38	|	9	0.35	2.19	13	0.50	0.50
23   39	|	6	0.18	3.59	5	0.15	0.85
23   40	|	159	0.25	2.77	96	0.15	1.34
23   41	|	351	0.23	2.89	188	0.12	1.41
23   42	|	18	0.09	3.73	9	0.05	1.61
23   43	|	9	0.16	3.51	6	0.11	1.56
23   44	|	12	0.57	1.62	5	0.24	1.29
23   48	|	7	0.04	4.36	36	0.23	0.77
23   52	|	9	0.05	4.75	34	0.19	0.81
23   53	|	11	0.04	4.44	7	0.03	1.71

24   1	|	102	0.86	0.34	119	1.00	0.00
24   2	|	4	1.00	0.00	4	1.00	0.00
24   3	|	170	0.67	0.97	152	0.60	0.40
24   4	|	3	0.27	2.00	4	0.36	0.64
24   5	|	3	0.25	4.00	12	1.00	0.00
24   6	|	7	0.88	0.38	8	1.00	0.00
24   7	|	61	0.34	2.29	36	0.20	1.18
24   8	|	1	0.08	3.58	0	0.00	1.67
24   9	|	76	0.46	2.50	167	1.00	0.00
24   10	|	5	0.23	2.95	22	1.00	0.00
24   11	|	2	0.50	1.25	4	1.00	0.00
24   12	|	69	0.31	3.17	78	0.35	0.65
24   13	|	24	0.09	4.27	63	0.25	0.75
24   14	|	7	0.16	3.98	9	0.21	0.79
24   15	|	7	0.08	4.78	21	0.24	0.76
24   16	|	2	0.29	3.14	5	0.71	0.29
24   17	|	3	0.38	3.63	3	0.38	1.25
24   18	|	4	0.36	3.55	10	0.91	0.09
24   22	|	10	0.04	5.63	276	1.00	0.00
24   23	|	5	0.01	5.92	373	1.00	0.00
24   24	|	2	0.02	5.99	95	1.00	0.00
24   31	|	13	0.48	2.59	8	0.30	0.74
24   32	|	12	0.25	1.90	23	0.48	0.52
24   33	|	2	0.40	1.00	3	0.60	0.40
24   34	|	36	0.21	2.93	23	0.13	1.25
24   35	|	6	0.12	3.55	4	0.08	1.43
24   36	|	33	0.19	3.80	178	1.00	0.00
24   37	|	12	0.14	4.51	88	1.00	0.00
24   38	|	6	0.40	3.07	15	1.00	0.00
24   39	|	5	0.31	2.56	16	1.00	0.00
24   40	|	59	0.24	3.60	74	0.31	0.69
24   41	|	93	0.12	4.24	211	0.28	0.72
24   42	|	4	0.04	4.42	25	0.24	0.76
24   43	|	2	0.08	5.31	6	0.23	0.77
24   44	|	2	0.18	4.36	5	0.45	0.55
24   48	|	3	0.04	5.32	68	1.00	0.00
24   52	|	1	0.01	6.06	70	1.00	0.00
24   53	|	2	0.02	5.61	23	0.19	0.81

25   1	|	46	1.00	0.00	46	1.00	0.00
25   2	|	4	1.00	0.00	4	1.00	0.00
25   3	|	82	0.94	0.16	62	0.71	0.29
25   4	|	1	0.50	0.50	1	0.50	0.50
25   5	|	4	1.00	0.00	4	1.00	0.00
25   6	|	3	0.75	0.25	4	1.00	0.00
25   7	|	27	0.84	0.47	11	0.34	0.97
25   9	|	37	0.88	0.45	42	1.00	0.00
25   10	|	1	1.00	0.00	1	1.00	0.00
25   11	|	5	1.00	0.00	5	1.00	0.00
25   12	|	33	0.79	0.79	24	0.57	0.43
25   13	|	4	0.29	2.00	3	0.21	0.79
25   14	|	6	0.75	0.50	5	0.63	0.38
25   15	|	3	0.43	1.43	3	0.43	0.57
25   18	|	1	0.20	3.60	2	0.40	0.60
25   22	|	5	0.23	3.18	22	1.00	0.00
25   23	|	5	0.14	4.41	37	1.00	0.00
25   24	|	1	0.11	4.22	9	1.00	0.00
25   28	|	1	1.00	0.00	1	1.00	0.00
25   30	|	2	1.00	0.00	1	0.50	0.50
25   32	|	2	0.25	1.88	5	0.63	0.38
25   34	|	17	0.89	0.32	8	0.42	0.79
25   35	|	3	1.00	0.00	0	0.00	1.00
25   36	|	17	0.77	0.91	22	1.00	0.00
25   37	|	6	0.35	2.06	17	1.00	0.00
25   38	|	5	1.00	0.00	5	1.00	0.00
25   39	|	1	0.50	1.00	2	1.00	0.00
25   40	|	21	0.62	1.18	15	0.44	0.56
25   41	|	44	0.55	1.65	38	0.48	0.53
25   42	|	6	0.14	3.19	9	0.21	0.79
25   43	|	4	0.31	2.69	5	0.38	0.62
25   44	|	4	1.00	0.00	2	0.50	0.50
25   48	|	5	0.10	4.02	48	1.00	0.00
25   49	|	8	0.25	3.34	32	1.00	0.00
25   50	|	2	0.18	4.64	11	1.00	0.00
25   52	|	5	0.23	3.82	22	1.00	0.00
25   53	|	12	0.27	3.61	15	0.34	0.66

26   1	|	35	0.90	0.28	33	0.85	0.15
26   2	|	3	1.00	0.00	3	1.00	0.00
26   3	|	62	0.81	0.56	40	0.52	0.70
26   4	|	2	1.00	0.00	2	1.00	0.00
26   5	|	2	0.40	1.20	3	0.60	0.40
26   6	|	1	0.50	3.00	1	0.50	0.50
26   7	|	24	0.49	1.49	10	0.20	1.71
26   9	|	25	0.60	1.48	25	0.60	0.40
26   10	|	1	0.33	3.00	0	0.00	1.00
26   11	|	1	1.00	0.00	1	1.00	0.00
26   12	|	29	0.54	1.89	13	0.24	1.28
26   13	|	7	0.17	3.24	5	0.12	1.50
26   14	|	4	0.36	2.73	1	0.09	1.45
26   15	|	7	0.23	2.87	0	0.00	1.60
26   16	|	1	0.50	1.50	1	0.50	1.00
26   17	|	1	0.50	2.50	0	0.00	3.00
26   18	|	1	0.08	4.69	0	0.00	1.38
26   22	|	10	0.11	4.25	22	0.24	0.76
26   23	|	11	0.05	4.57	35	0.17	0.83
26   24	|	1	0.02	4.96	9	0.19	0.81
26   30	|	1	0.17	5.00	1	0.17	1.00
26   32	|	10	0.38	1.23	8	0.31	1.12
26   34	|	16	0.34	1.79	4	0.09	1.83
26   35	|	4	0.22	2.72	0	0.00	2.17
26   36	|	15	0.31	2.37	21	0.43	0.57
26   37	|	8	0.14	3.52	12	0.21	0.79
26   38	|	5	0.71	0.29	5	0.71	0.29
26   40	|	21	0.40	1.85	8	0.15	1.28
26   41	|	49	0.29	2.43	24	0.14	1.39
26   42	|	23	0.17	3.35	8	0.06	1.55
26   43	|	5	0.22	3.09	1	0.04	1.61
26   44	|	6	0.60	1.70	3	0.30	1.00
26   48	|	9	0.06	4.48	27	0.19	0.81
26   49	|	3	0.09	4.58	4	0.12	0.88
26   52	|	7	0.11	4.67	11	0.17	0.83
26   53	|	7	0.06	4.61	5	0.04	1.71

30   1	|	121	0.98	0.02	124	1.00	0.00
30   2	|	4	1.00	0.00	4	1.00	0.00
30   3	|	196	0.96	0.08	170	0.83	0.17
30   4	|	4	1.00	0.00	0	0.00	1.00
30   5	|	4	1.00	0.00	4	1.00	0.00
30   6	|	11	1.00	0.00	11	1.00	0.00
30   7	|	83	0.87	0.18	47	0.49	0.74
30   8	|	3	1.00	0.00	0	0.00	2.00
30   9	|	118	0.97	0.05	122	1.00	0.00
30   11	|	7	1.00	0.00	7	1.00	0.00
30   12	|	49	0.82	0.35	42	0.70	0.30
30   13	|	20	0.91	0.18	8	0.36	0.64
30   14	|	13	0.93	0.29	5	0.36	0.64
30   15	|	6	1.00	0.00	4	0.67	0.33
30   16	|	1	1.00	0.00	1	1.00	0.00
30   17	|	1	1.00	0.00	0	0.00	2.00
30   18	|	2	1.00	0.00	2	1.00	0.00
30   19	|	85	0.58	1.08	22	0.15	1.31
30   20	|	7	0.54	1.15	0	0.00	1.62
30   21	|	10	0.83	0.33	2	0.17	1.42
30   22	|	15	0.60	1.36	25	1.00	0.00
30   24	|	6	0.55	0.91	11	1.00	0.00
30   25	|	21	0.55	0.95	18	0.47	0.53
30   26	|	1	0.20	2.40	0	0.00	1.00
30   27	|	1	0.17	3.67	1	0.17	0.83
30   29	|	1	1.00	0.00	1	1.00	0.00
30   30	|	1	1.00	0.00	0	0.00	1.00
30   32	|	27	0.96	0.04	24	0.86	0.14
30   33	|	1	1.00	0.00	0	0.00	1.00
30   34	|	37	0.82	0.20	26	0.58	0.56
30   35	|	1	0.50	1.50	0	0.00	1.50
30   36	|	48	0.94	0.22	51	1.00	0.00
30   37	|	7	0.64	0.82	11	1.00	0.00
30   38	|	3	1.00	0.00	3	1.00	0.00
30   39	|	6	1.00	0.00	6	1.00	0.00
30   40	|	41	0.79	0.44	25	0.48	0.52
30   41	|	72	0.71	0.95	51	0.50	0.50
30   42	|	6	0.40	1.20	5	0.33	0.67
30   43	|	9	0.82	0.36	8	0.73	0.27
30   44	|	2	1.00	0.00	1	0.50	0.50
30   45	|	46	0.49	1.62	23	0.24	1.20
30   46	|	5	0.38	1.77	0	0.00	1.77
30   47	|	1	0.33	3.67	0	0.00	1.33
30   48	|	6	0.40	1.67	15	1.00	0.00
30   51	|	6	0.21	2.48	6	0.21	0.79
30   52	|	2	0.40	1.60	5	1.00	0.00
30   53	|	2	0.50	2.75	0	0.00	1.00

31   1	|	238	0.98	0.04	216	0.89	0.11
31   2	|	10	0.91	0.09	11	1.00	0.00
31   3	|	305	0.96	0.06	237	0.75	0.28
31   4	|	2	0.50	0.50	1	0.25	1.25
31   5	|	6	1.00	0.00	5	0.83	0.17
31   6	|	9	1.00	0.00	8	0.89	0.11
31   7	|	140	0.93	0.13	78	0.52	0.71
31   8	|	4	1.00	0.00	2	0.50	1.00
31   9	|	222	0.92	0.17	214	0.88	0.12
31   10	|	1	1.00	0.00	0	0.00	1.00
31   11	|	19	1.00	0.00	18	0.95	0.05
31   12	|	131	0.83	0.42	102	0.65	0.43
31   13	|	16	0.62	0.92	1	0.04	1.19
31   14	|	17	0.94	0.11	8	0.44	0.61
31   15	|	10	0.77	1.23	3	0.23	1.00
31   17	|	1	0.50	1.00	0	0.00	2.00
31   18	|	4	0.67	1.33	3	0.50	0.83
31   19	|	166	0.56	1.41	48	0.16	1.60
31   20	|	15	0.47	1.66	1	0.03	1.84
31   21	|	19	0.79	0.42	2	0.08	1.46
31   22	|	25	0.57	1.55	32	0.73	0.27
31   23	|	2	0.08	4.62	15	0.58	0.42
31   24	|	2	0.10	3.00	13	0.65	0.35
31   25	|	26	0.35	2.53	20	0.27	0.95
31   26	|	3	0.15	3.80	0	0.00	1.60
31   27	|	8	0.44	1.56	2	0.11	1.00
31   30	|	1	0.50	1.50	0	0.00	1.00
31   32	|	35	0.90	0.21	25	0.64	0.49
31   34	|	57	0.74	0.40	24	0.31	1.03
31   35	|	8	0.89	0.22	2	0.22	1.33
31   36	|	72	0.85	0.35	74	0.87	0.13
31   37	|	7	0.44	1.88	11	0.69	0.31
31   38	|	12	1.00	0.00	10	0.83	0.17
31   39	|	6	0.86	0.29	5	0.71	0.29
31   40	|	66	0.74	0.63	44	0.49	0.63
31   41	|	118	0.63	1.01	70	0.38	0.80
31   42	|	7	0.28	2.28	5	0.20	1.36
31   43	|	10	0.67	1.20	2	0.13	0.93
31   44	|	8	0.89	0.67	2	0.22	0.89
31   45	|	75	0.33	2.42	23	0.10	1.86
31   46	|	11	0.24	2.98	3	0.07	1.85
31   47	|	6	0.43	2.14	0	0.00	2.14
31   48	|	16	0.39	2.85	21	0.51	0.49
31   50	|	1	1.00	0.00	1	1.00	0.00
31   51	|	14	0.12	3.99	12	0.10	1.38
31   52	|	4	0.44	2.44	5	0.56	0.44
31   53	|	5	0.11	4.13	3	0.07	1.39

32   1	|	179	0.99	0.01	180	1.00	0.00
32   2	|	9	1.00	0.00	9	1.00	0.00
32   3	|	233	0.95	0.10	198	0.80	0.20
32   4	|	3	0.75	0.50	2	0.50	0.50
32   5	|	4	0.80	1.20	5	1.00	0.00
32   6	|	7	1.00	0.00	7	1.00	0.00
32   7	|	96	0.82	0.30	60	0.51	0.68
32   8	|	4	1.00	0.00	0	0.00	1.50
32   9	|	152	0.92	0.23	166	1.00	0.00
32   10	|	1	1.00	0.00	1	1.00	0.00
32   11	|	8	0.89	1.11	9	1.00	0.00
32   12	|	88	0.88	0.32	68	0.68	0.32
32   13	|	12	0.52	1.87	5	0.22	0.78
32   14	|	11	0.79	1.14	11	0.79	0.21
32   15	|	2	0.25	2.63	0	0.00	1.00
32   18	|	1	0.50	2.00	1	0.50	0.50
32   19	|	115	0.55	1.53	34	0.16	1.32
32   20	|	11	0.44	1.76	1	0.04	1.64
32   21	|	7	0.70	1.40	2	0.20	0.90
32   22	|	8	0.42	1.95	19	1.00	0.00
32   23	|	4	0.17	4.13	23	1.00	0.00
32   24	|	3	0.14	4.05	22	1.00	0.00
32   25	|	18	0.45	2.50	15	0.38	0.63
32   26	|	1	0.08	4.62	1	0.08	0.92
32   27	|	4	0.27	2.60	3	0.20	0.80
32   30	|	1	0.50	1.00	0	0.00	1.00
32   32	|	19	0.83	0.57	20	0.87	0.13
32   34	|	40	0.71	0.48	19	0.34	0.89
32   35	|	4	0.67	0.83	1	0.17	1.17
32   36	|	61	0.85	0.36	72	1.00	0.00
32   37	|	1	0.17	3.67	6	1.00	0.00
32   38	|	4	1.00	0.00	4	1.00	0.00
32   39	|	4	1.00	0.00	4	1.00	0.00
32   40	|	55	0.80	0.55	43	0.62	0.38
32   41	|	94	0.62	1.18	73	0.48	0.52
32   42	|	4	0.22	3.06	9	0.50	0.50
32   43	|	5	0.56	1.56	2	0.22	0.78
32   44	|	4	0.67	1.00	1	0.17	0.83
32   45	|	41	0.27	3.18	22	0.14	1.41
32   46	|	4	0.13	4.03	1	0.03	1.66
32   47	|	9	0.50	2.39	2	0.11	1.39
32   48	|	3	0.14	4.38	21	1.00	0.00
32   49	|	1	0.13	4.75	8	1.00	0.00
32   50	|	1	0.25	4.00	4	1.00	0.00
32   51	|	6	0.07	5.07	19	0.23	0.77
32   53	|	4	0.18	4.32	4	0.18	0.82

33   1	|	47	0.98	0.02	48	1.00	0.00
33   2	|	2	1.00	0.00	2	1.00	0.00
33   3	|	56	0.95	0.07	53	0.90	0.10
33   5	|	2	1.00	0.00	2	1.00	0.00
33   7	|	22	0.85	0.19	15	0.58	0.65
33   8	|	1	1.00	0.00	0	0.00	2.00
33   9	|	41	0.85	0.56	48	1.00	0.00
33   10	|	1	1.00	0.00	1	1.00	0.00
33   11	|	2	1.00	0.00	2	1.00	0.00
33   12	|	17	0.59	1.41	16	0.55	0.45
33   13	|	5	0.56	0.89	2	0.22	0.78
33   14	|	4	1.00	0.00	2	0.50	0.50
33   18	|	1	0.33	2.33	1	0.33	0.67
33   19	|	26	0.48	2.30	1	0.02	1.54
33   20	|	2	0.22	4.67	0	0.00	1.56
33   21	|	2	0.67	3.33	0	0.00	1.67
33   22	|	4	0.44	2.67	9	1.00	0.00
33   25	|	7	0.33	3.33	4	0.19	0.81
33   27	|	1	0.10	5.70	1	0.10	0.90
33   30	|	1	0.50	5.00	0	0.00	1.00
33   32	|	7	1.00	0.00	5	0.71	0.29
33   34	|	17	0.81	0.38	9	0.43	0.95
33   35	|	2	0.50	2.00	1	0.25	1.00
33   36	|	14	0.82	0.53	17	1.00	0.00
33   38	|	1	0.50	1.00	2	1.00	0.00
33   39	|	1	0.50	3.00	2	1.00	0.00
33   40	|	12	0.80	0.40	5	0.33	0.67
33   41	|	17	0.55	1.48	13	0.42	0.58
33   42	|	2	0.22	3.89	1	0.11	0.89
33   43	|	3	1.00	0.00	2	0.67	0.33
33   44	|	1	1.00	0.00	1	1.00	0.00
33   45	|	11	0.13	4.05	8	0.09	1.47
33   46	|	3	0.10	4.29	2	0.06	1.58
33   51	|	4	0.09	5.46	8	0.17	0.83

34   1	|	3	1.00	0.00	1	0.33	0.67
34   3	|	4	1.00	0.00	2	0.50	0.50
34   4	|	1	1.00	0.00	0	0.00	1.00
34   7	|	9	0.90	0.70	4	0.40	1.10
34   9	|	1	0.50	1.00	2	1.00	0.00
34   12	|	7	0.88	0.25	2	0.25	0.88
34   13	|	2	0.40	3.00	0	0.00	1.20
34   19	|	11	0.48	1.83	2	0.09	1.96
34   20	|	1	0.20	3.00	0	0.00	2.20
34   21	|	1	0.20	3.20	1	0.20	2.40
34   23	|	2	0.29	3.57	0	0.00	1.00
34   36	|	1	0.33	2.00	2	0.67	0.33
34   37	|	1	1.00	0.00	0	0.00	1.00
34   39	|	1	1.00	0.00	1	1.00	0.00
34   40	|	2	0.50	1.75	2	0.50	0.75
34   41	|	6	0.38	3.13	4	0.25	1.19
34   42	|	2	0.40	1.80	0	0.00	1.80
34   45	|	7	0.13	3.64	0	0.00	2.53
34   46	|	2	0.25	2.63	0	0.00	2.50
34   47	|	3	0.43	2.43	0	0.00	2.43
34   51	|	1	0.04	5.12	2	0.08	1.64

35   1	|	20	1.00	0.00	20	1.00	0.00
35   3	|	25	0.93	0.26	17	0.63	0.52
35   4	|	2	1.00	0.00	1	0.50	0.50
35   5	|	2	1.00	0.00	1	0.50	0.50
35   7	|	54	0.82	0.36	26	0.39	0.83
35   9	|	25	0.89	0.36	24	0.86	0.14
35   10	|	1	0.50	3.00	1	0.50	0.50
35   11	|	5	1.00	0.00	3	0.60	0.40
35   12	|	38	0.67	1.05	28	0.49	0.74
35   13	|	10	0.59	1.35	1	0.06	1.53
35   14	|	9	0.90	0.50	2	0.20	1.00
35   15	|	3	0.25	3.42	1	0.08	1.25
35   18	|	1	0.33	3.00	0	0.00	1.33
35   19	|	60	0.41	1.97	20	0.14	1.91
35   20	|	11	0.58	1.84	1	0.05	2.11
35   21	|	10	0.91	0.27	0	0.00	1.45
35   22	|	6	0.26	3.78	9	0.39	0.61
35   23	|	2	0.05	4.54	5	0.13	0.87
35   24	|	4	0.17	3.79	8	0.33	0.67
35   25	|	23	0.33	3.17	12	0.17	1.32
35   27	|	2	0.22	1.56	0	0.00	1.44
35   32	|	18	0.86	0.19	12	0.57	0.52
35   34	|	27	0.77	0.29	17	0.49	0.91
35   35	|	7	0.78	1.22	2	0.22	1.33
35   36	|	15	0.71	0.52	13	0.62	0.38
35   37	|	1	0.14	3.86	2	0.29	0.71
35   39	|	2	0.50	1.25	1	0.25	0.75
35   40	|	24	0.75	0.97	14	0.44	0.91
35   41	|	57	0.55	1.51	31	0.30	1.03
35   42	|	8	0.28	2.21	1	0.03	1.55
35   43	|	10	0.63	1.81	3	0.19	1.19
35   44	|	4	1.00	0.00	3	0.75	0.25
35   45	|	39	0.15	3.22	11	0.04	2.28
35   46	|	11	0.15	3.45	0	0.00	2.36
35   47	|	3	0.25	2.17	0	0.00	2.17
35   48	|	12	0.21	3.81	15	0.26	0.74
35   51	|	12	0.07	4.35	10	0.06	1.68
35   52	|	2	0.25	3.63	1	0.13	0.88
35   53	|	2	0.05	5.20	2	0.05	1.59

36   1	|	11	0.92	0.08	10	0.83	0.25
36   3	|	11	0.69	0.38	7	0.44	1.06
36   7	|	25	0.61	0.78	8	0.20	1.90
36   9	|	11	0.46	2.21	9	0.38	1.00
36   11	|	2	1.00	0.00	1	0.50	1.00
36   12	|	14	0.31	2.60	9	0.20	1.80
36   13	|	3	0.10	3.48	0	0.00	2.45
36   14	|	3	0.38	2.50	1	0.13	2.50
36   15	|	1	0.07	2.87	0	0.00	2.60
36   19	|	29	0.10	3.80	7	0.02	3.25
36   20	|	3	0.07	4.33	0	0.00	3.64
36   21	|	1	0.09	3.82	0	0.00	3.45
36   22	|	2	0.03	4.47	3	0.04	1.59
36   23	|	1	0.03	5.55	0	0.00	1.84
36   25	|	10	0.09	4.50	3	0.03	2.41
36   27	|	2	0.29	3.14	0	0.00	2.71
36   30	|	1	0.10	4.40	0	0.00	2.70
36   32	|	4	0.40	1.80	1	0.10	1.80
36   34	|	12	0.28	1.95	3	0.07	2.58
36   36	|	6	0.18	2.52	4	0.12	1.58
36   38	|	1	1.00	0.00	1	1.00	0.00
36   40	|	7	0.12	3.12	1	0.02	2.20
36   41	|	21	0.13	3.23	7	0.04	2.26
36   44	|	2	0.67	0.33	2	0.67	0.67
36   45	|	3	0.13	4.30	1	0.04	3.30
36   52	|	1	0.33	3.33	0	0.00	2.00

37   1	|	3	1.00	0.00	3	1.00	0.00
37   3	|	6	0.55	1.91	4	0.36	1.27
37   7	|	11	0.48	1.22	3	0.13	2.17
37   9	|	5	0.38	1.62	5	0.38	0.85
37   11	|	1	1.00	0.00	1	1.00	0.00
37   12	|	10	0.25	2.58	6	0.15	1.93
37   13	|	1	0.03	3.84	1	0.03	2.59
37   14	|	4	0.33	2.08	0	0.00	2.25
37   19	|	25	0.10	3.82	8	0.03	3.22
37   20	|	1	0.04	4.23	0	0.00	3.38
37   21	|	1	0.05	4.05	0	0.00	3.33
37   22	|	2	0.03	5.21	2	0.03	1.70
37   23	|	2	0.01	4.96	3	0.02	1.72
37   24	|	3	0.04	4.95	4	0.05	1.70
37   25	|	4	0.04	4.92	2	0.02	2.48
37   26	|	3	0.06	4.78	0	0.00	2.69
37   28	|	1	0.50	1.50	0	0.00	1.50
37   32	|	2	0.22	2.78	3	0.33	1.11
37   34	|	7	0.44	1.56	3	0.19	2.38
37   35	|	3	0.20	2.00	0	0.00	2.73
37   36	|	1	0.06	3.94	1	0.06	1.75
37   37	|	3	0.13	3.04	3	0.13	1.35
37   40	|	3	0.19	2.00	2	0.13	2.31
37   41	|	7	0.07	3.82	2	0.02	2.36
37   42	|	9	0.08	4.02	1	0.01	2.46
37   43	|	1	0.03	4.33	0	0.00	2.50
37   44	|	1	0.33	4.67	0	0.00	2.00
37   45	|	49	0.06	3.96	3	0.00	3.34
37   46	|	12	0.05	4.17	1	0.00	3.31
37   47	|	4	0.10	3.74	0	0.00	3.26
37   48	|	7	0.03	4.77	3	0.01	1.73
37   50	|	1	0.02	4.77	0	0.00	1.74
37   51	|	17	0.03	4.88	1	0.00	2.58
37   53	|	3	0.02	5.08	0	0.00	2.61

38   1	|	1	1.00	0.00	1	1.00	0.00
38   3	|	5	0.56	2.00	4	0.44	1.00
38   5	|	1	1.00	0.00	0	0.00	1.00
38   7	|	11	0.48	2.13	5	0.22	1.61
38   9	|	1	0.10	4.00	3	0.30	0.70
38   12	|	2	0.10	4.81	1	0.05	1.57
38   14	|	1	0.33	4.33	0	0.00	2.00
38   15	|	1	0.50	3.50	0	0.00	1.50
38   16	|	1	1.00	0.00	0	0.00	1.00
38   19	|	8	0.05	4.84	3	0.02	2.39
38   22	|	1	0.03	4.94	5	0.15	0.85
38   25	|	1	0.02	6.31	2	0.03	1.62
38   34	|	3	0.17	3.00	1	0.06	2.06
38   40	|	5	0.20	3.72	3	0.12	1.52
38   41	|	6	0.08	4.67	3	0.04	1.66

39   3	|	1	1.00	0.00	1	1.00	0.00
39   7	|	2	0.67	0.67	1	0.33	1.00
39   9	|	2	1.00	0.00	2	1.00	0.00
39   12	|	2	1.00	0.00	1	0.50	0.50
39   15	|	1	0.33	2.67	0	0.00	2.00
39   17	|	1	1.00	0.00	0	0.00	3.00
39   19	|	6	0.50	1.58	0	0.00	2.00
39   20	|	1	0.50	2.00	0	0.00	2.00
39   21	|	1	1.00	0.00	0	0.00	1.00
39   22	|	1	0.25	2.25	1	0.25	0.75
39   32	|	1	1.00	0.00	1	1.00	0.00
39   34	|	2	0.67	1.00	0	0.00	1.33
39   36	|	4	1.00	0.00	1	0.25	0.75
39   37	|	2	0.40	2.80	1	0.20	0.80
39   38	|	1	1.00	0.00	1	1.00	0.00
39   41	|	4	0.29	2.93	2	0.14	1.43
39   42	|	1	0.08	3.17	0	0.00	1.67
39   45	|	5	0.10	3.54	2	0.04	2.31
39   46	|	3	0.14	3.18	0	0.00	2.18
39   49	|	1	0.17	4.67	0	0.00	1.00
39   51	|	1	0.02	5.19	1	0.02	1.76
39   53	|	1	0.08	5.08	0	0.00	1.75

40   1	|	47	1.00	0.00	41	0.87	0.13
40   2	|	2	1.00	0.00	2	1.00	0.00
40   3	|	56	0.98	0.04	38	0.67	0.47
40   4	|	1	0.50	3.00	1	0.50	1.00
40   5	|	3	1.00	0.00	2	0.67	0.33
40   6	|	1	1.00	0.00	1	1.00	0.00
40   7	|	92	0.95	0.09	36	0.37	0.89
40   8	|	2	0.67	2.00	1	0.33	2.00
40   9	|	48	0.91	0.15	39	0.74	0.26
40   11	|	8	1.00	0.00	5	0.63	0.38
40   12	|	64	0.83	0.49	40	0.52	0.62
40   14	|	18	0.86	0.29	6	0.29	0.90
40   17	|	1	1.00	0.00	0	0.00	1.00
40   18	|	1	1.00	0.00	1	1.00	0.00
40   22	|	6	0.38	1.94	6	0.38	0.63
40   32	|	22	1.00	0.00	17	0.77	0.32
40   34	|	39	0.98	0.05	19	0.48	0.85
40   36	|	32	0.91	0.17	28	0.80	0.20
40   37	|	3	1.00	0.00	3	1.00	0.00
40   38	|	4	1.00	0.00	4	1.00	0.00
40   39	|	1	1.00	0.00	1	1.00	0.00
40   40	|	32	0.78	0.59	16	0.39	0.76
40   41	|	72	0.74	0.63	37	0.38	0.86

41   1	|	97	1.00	0.00	81	0.84	0.18
41   2	|	9	1.00	0.00	8	0.89	0.22
41   3	|	127	0.98	0.04	71	0.55	0.58
41   6	|	4	1.00	0.00	4	1.00	0.00
41   7	|	188	0.93	0.20	65	0.32	1.23
41   9	|	87	0.93	0.16	65	0.69	0.38
41   11	|	11	0.85	0.69	8	0.62	0.46
41   17	|	1	1.00	0.00	0	0.00	2.00
41   29	|	1	0.50	3.00	1	0.50	1.00
41   33	|	1	0.50	0.50	0	0.00	2.50
41   36	|	41	0.77	0.60	31	0.58	0.62
41   38	|	7	1.00	0.00	3	0.43	0.86
41   40	|	72	0.77	0.78	29	0.31	1.21
41   44	|	6	0.75	1.13	1	0.13	1.63

42   1	|	58	0.98	0.10	52	0.88	0.12
42   2	|	5	1.00	0.00	3	0.60	0.40
42   3	|	83	0.92	0.23	56	0.62	0.46
42   7	|	131	0.89	0.36	68	0.46	0.88
42   8	|	1	1.00	0.00	0	0.00	2.00
42   9	|	57	0.89	0.33	49	0.77	0.23
42   10	|	1	0.50	3.00	0	0.00	1.00
42   11	|	7	1.00	0.00	6	0.86	0.14
42   16	|	1	1.00	0.00	0	0.00	1.00
42   30	|	1	0.17	5.33	0	0.00	1.33
42   32	|	14	0.82	0.41	10	0.59	0.47
42   36	|	37	0.79	0.91	29	0.62	0.38
42   38	|	1	0.50	2.00	1	0.50	0.50
42   39	|	2	0.40	2.20	1	0.20	0.80
42   40	|	38	0.62	1.25	16	0.26	1.07

43   1	|	19	1.00	0.00	18	0.95	0.05
43   2	|	3	1.00	0.00	2	0.67	0.33
43   3	|	22	0.88	0.48	14	0.56	0.52
43   5	|	1	0.50	2.00	0	0.00	1.00
43   9	|	14	0.78	0.44	14	0.78	0.22
43   11	|	2	1.00	0.00	2	1.00	0.00
43   44	|	1	0.50	4.00	1	0.50	0.50

44   1	|	8	0.89	0.11	8	0.89	0.11
44   3	|	19	0.83	0.22	11	0.48	0.65
44   9	|	13	0.68	0.95	10	0.53	0.74
44   14	|	6	0.50	2.58	4	0.33	1.42
44   35	|	3	0.43	2.00	1	0.14	2.29
44   37	|	2	0.50	2.75	0	0.00	1.50
44   38	|	1	1.00	0.00	1	1.00	0.00
44   44	|	1	0.33	1.00	2	0.67	0.67

45   1	|	5	1.00	0.00	5	1.00	0.00
45   3	|	8	1.00	0.00	6	0.75	0.25
45   9	|	4	1.00	0.00	4	1.00	0.00
45   22	|	2	1.00	0.00	2	1.00	0.00
45   34	|	2	1.00	0.00	1	0.50	1.50
45   36	|	3	1.00	0.00	3	1.00	0.00
45   37	|	1	0.50	1.00	2	1.00	0.00
45   40	|	3	1.00	0.00	2	0.67	0.33
45   41	|	5	0.83	1.33	2	0.33	0.83
45   42	|	2	0.67	0.67	0	0.00	1.33

46   1	|	10	1.00	0.00	9	0.90	0.10
46   11	|	1	1.00	0.00	1	1.00	0.00
46   16	|	1	1.00	0.00	0	0.00	3.00
46   37	|	11	0.55	1.65	1	0.05	1.50

47   1	|	2	1.00	0.00	2	1.00	0.00
47   3	|	4	1.00	0.00	2	0.50	0.50
47   7	|	7	0.78	0.22	4	0.44	1.00
47   22	|	2	0.50	1.50	0	0.00	1.00
47   35	|	2	0.67	2.00	0	0.00	1.67
47   37	|	2	1.00	0.00	1	0.50	0.50
47   42	|	2	0.40	1.80	1	0.20	1.00
47   48	|	1	0.50	1.00	0	0.00	1.00

48   1	|	5	1.00	0.00	5	1.00	0.00
48   3	|	5	1.00	0.00	2	0.40	0.60
48   7	|	8	0.89	0.22	0	0.00	1.33
48   9	|	3	1.00	0.00	3	1.00	0.00
48   12	|	5	0.83	1.17	4	0.67	0.83
48   14	|	2	1.00	0.00	0	0.00	1.00
48   40	|	1	1.00	0.00	0	0.00	2.00
48   41	|	6	0.86	0.14	2	0.29	1.00
48   44	|	2	1.00	0.00	1	0.50	0.50

50   1	|	174	0.99	0.01	154	0.88	0.13
50   2	|	10	1.00	0.00	10	1.00	0.00
50   3	|	210	0.98	0.03	120	0.56	0.55
50   5	|	8	0.89	0.33	7	0.78	0.22
50   7	|	102	0.93	0.19	39	0.35	1.05
50   8	|	7	0.78	0.33	0	0.00	1.89
50   9	|	148	0.93	0.14	131	0.82	0.18
50   10	|	3	1.00	0.00	3	1.00	0.00
50   12	|	56	0.77	0.62	30	0.41	0.82
50   14	|	28	0.76	0.49	9	0.24	1.03
50   32	|	26	0.96	0.07	16	0.59	0.41
50   33	|	1	1.00	0.00	1	1.00	0.00
50   34	|	67	0.82	0.41	24	0.29	1.16
50   36	|	46	0.78	0.53	38	0.64	0.36
50   38	|	3	1.00	0.00	3	1.00	0.00
50   40	|	45	0.63	0.92	22	0.31	0.92
50   43	|	5	0.63	1.13	0	0.00	1.38
50   44	|	8	1.00	0.00	1	0.13	1.25

51   1	|	336	0.99	0.01	247	0.73	0.32
51   2	|	17	1.00	0.00	14	0.82	0.18
51   3	|	455	0.93	0.22	192	0.39	0.87
51   9	|	248	0.80	0.51	178	0.58	0.53
51   10	|	6	0.40	1.80	4	0.27	1.13
51   11	|	27	0.96	0.07	17	0.61	0.46
51   14	|	64	0.70	1.14	9	0.10	1.80
51   29	|	2	0.22	3.67	1	0.11	1.22
51   33	|	7	0.78	0.33	0	0.00	1.78

52   1	|	223	0.98	0.04	193	0.85	0.15
52   2	|	8	1.00	0.00	8	1.00	0.00
52   3	|	311	0.89	0.31	193	0.55	0.56
52   5	|	11	0.65	0.94	13	0.76	0.24
52   9	|	172	0.87	0.46	155	0.79	0.21
52   10	|	2	0.33	3.83	4	0.67	0.33
52   11	|	11	0.92	0.17	9	0.75	0.25
52   16	|	1	0.33	2.67	0	0.00	1.00
52   18	|	1	0.33	4.33	2	0.67	0.33
52   38	|	4	0.67	2.17	5	0.83	0.17
52   44	|	15	0.79	0.89	4	0.21	0.89

53   1	|	51	0.94	0.24	47	0.87	0.13
53   6	|	2	0.33	3.67	5	0.83	0.17
53   11	|	4	0.80	1.60	4	0.80	0.20
53   36	|	22	0.32	3.12	36	0.52	0.48
53   44	|	5	0.56	1.78	2	0.22	1.00

54   1	|	41	0.93	0.41	33	0.75	0.27
54   43	|	3	0.12	4.88	1	0.04	2.12

55   1	|	10	1.00	0.00	7	0.70	0.30
55   3	|	16	1.00	0.00	11	0.69	0.50
55   4	|	1	1.00	0.00	1	1.00	0.00
55   7	|	9	1.00	0.00	2	0.22	1.22
55   9	|	13	1.00	0.00	11	0.85	0.15
55   11	|	1	1.00	0.00	1	1.00	0.00
55   34	|	2	0.50	1.25	0	0.00	1.75
55   43	|	1	1.00	0.00	0	0.00	1.00


57   1	|	6	1.00	0.00	4	0.67	0.33
57   8	|	2	1.00	0.00	0	0.00	2.00
57   10	|	2	0.67	0.33	1	0.33	0.67

58   1	|	8	1.00	0.00	5	0.63	0.38
58   3	|	21	1.00	0.00	11	0.52	0.71
58   14	|	3	0.75	0.75	0	0.00	1.25
58   38	|	1	1.00	0.00	1	1.00	0.00
58   48	|	1	0.33	2.00	0	0.00	1.33

60   1	|	2	0.67	0.33	3	1.00	0.00
60   2	|	2	1.00	0.00	2	1.00	0.00
60   3	|	1	0.50	2.50	1	0.50	0.50
60   5	|	2	1.00	0.00	2	1.00	0.00
60   6	|	2	1.00	0.00	2	1.00	0.00
60   7	|	1	0.50	2.00	0	0.00	2.00
60   12	|	4	0.36	1.73	4	0.36	0.64
60   13	|	1	0.14	2.00	1	0.14	0.86
60   14	|	1	0.33	1.00	0	0.00	1.00
60   15	|	10	0.77	0.92	4	0.31	0.69
60   18	|	1	0.50	3.50	2	1.00	0.00
60   22	|	2	0.22	4.56	9	1.00	0.00
60   23	|	2	0.08	4.56	25	1.00	0.00
60   24	|	1	0.13	4.75	8	1.00	0.00
60   29	|	1	1.00	0.00	1	1.00	0.00
60   32	|	1	1.00	0.00	1	1.00	0.00
60   33	|	2	1.00	0.00	2	1.00	0.00
60   34	|	2	0.40	1.40	1	0.20	1.20
60   36	|	2	0.29	1.29	7	1.00	0.00
60   37	|	3	0.50	2.17	6	1.00	0.00
60   39	|	1	1.00	0.00	1	1.00	0.00
60   40	|	1	0.50	1.50	0	0.00	1.00
60   41	|	17	0.28	1.66	21	0.34	0.66
60   42	|	6	0.30	2.30	5	0.25	0.75
60   43	|	1	0.13	2.63	2	0.25	0.75
60   49	|	1	0.14	4.29	7	1.00	0.00
60   52	|	3	0.25	3.00	12	1.00	0.00
60   53	|	6	0.18	4.35	7	0.21	0.79

61   1	|	4	1.00	0.00	4	1.00	0.00
61   2	|	4	1.00	0.00	4	1.00	0.00
61   3	|	5	1.00	0.00	3	0.60	0.40
61   5	|	1	1.00	0.00	1	1.00	0.00
61   12	|	2	0.29	3.14	1	0.14	0.86
61   13	|	3	0.50	1.33	0	0.00	1.00
61   15	|	6	0.75	0.50	1	0.13	0.88
61   23	|	3	0.33	4.11	9	1.00	0.00
61   28	|	2	0.67	0.67	3	1.00	0.00
61   30	|	1	0.20	4.20	2	0.40	0.60
61   32	|	1	0.20	2.20	2	0.40	0.60
61   33	|	1	0.50	0.50	1	0.50	0.50
61   34	|	1	0.20	2.80	0	0.00	1.60
61   36	|	2	0.17	2.17	12	1.00	0.00
61   37	|	3	0.60	1.20	5	1.00	0.00
61   39	|	1	0.50	1.50	2	1.00	0.00
61   40	|	1	0.50	1.00	1	0.50	0.50
61   41	|	13	0.39	1.79	10	0.30	0.70
61   43	|	3	0.75	0.25	2	0.50	0.50
61   49	|	1	0.09	5.18	11	1.00	0.00
61   53	|	5	0.22	4.26	7	0.30	0.70

71   5	|	1	1.00	0.00	1	1.00	0.00
71   12	|	1	0.33	2.33	0	0.00	1.33
71   14	|	1	0.50	1.50	1	0.50	0.50
71   22	|	1	0.10	2.60	8	0.80	0.20
71   28	|	2	0.67	1.00	2	0.67	0.33
71   34	|	1	1.00	0.00	0	0.00	1.00
71   36	|	7	0.50	1.50	8	0.57	0.43
71   37	|	4	0.67	1.67	5	0.83	0.17
71   39	|	1	0.50	0.50	2	1.00	0.00
71   41	|	18	0.49	1.32	7	0.19	1.00
71   42	|	1	0.11	3.89	0	0.00	1.33
71   43	|	1	0.50	0.50	1	0.50	0.50
71   44	|	1	1.00	0.00	0	0.00	1.00
71   52	|	3	0.50	1.67	6	1.00	0.00
71   53	|	2	0.12	4.65	3	0.18	1.24

72   12	|	1	0.33	1.00	0	0.00	1.33
72   15	|	1	0.50	0.50	0	0.00	1.00
72   22	|	2	0.25	3.38	6	0.75	0.25
72   28	|	3	0.75	0.75	2	0.50	0.50
72   30	|	1	0.50	1.00	1	0.50	0.50
72   36	|	2	0.40	0.80	5	1.00	0.00
72   37	|	1	0.25	3.25	3	0.75	0.25
72   40	|	1	0.50	2.00	0	0.00	1.00
72   41	|	5	0.26	1.84	4	0.21	1.21
72   48	|	1	0.10	4.00	5	0.50	0.50
72   52	|	1	1.00	0.00	1	1.00	0.00

80   1	|	27	0.93	0.17	24	0.83	0.17
80   2	|	3	1.00	0.00	2	0.67	0.33
80   3	|	37	0.90	0.41	24	0.59	0.49
80   4	|	1	1.00	0.00	1	1.00	0.00
80   6	|	1	1.00	0.00	1	1.00	0.00
80   7	|	12	0.67	0.83	8	0.44	0.67
80   9	|	26	0.93	0.29	25	0.89	0.11
80   12	|	10	0.59	1.82	7	0.41	0.88
80   14	|	1	0.50	2.50	1	0.50	1.00
80   15	|	1	0.33	2.67	2	0.67	0.67
80   17	|	1	1.00	0.00	0	0.00	1.00
80   18	|	1	0.50	5.00	1	0.50	0.50
80   19	|	18	0.38	2.77	4	0.08	2.15
80   20	|	1	0.14	4.14	0	0.00	2.86
80   21	|	3	0.75	1.50	0	0.00	2.50
80   22	|	4	0.25	3.69	5	0.31	0.69
80   23	|	1	0.03	6.10	4	0.14	0.86
80   25	|	5	0.25	3.90	4	0.20	1.20
80   30	|	1	1.00	0.00	0	0.00	1.00
80   32	|	5	1.00	0.00	3	0.60	0.40
80   34	|	8	0.47	1.06	4	0.24	1.35
80   35	|	1	1.00	0.00	0	0.00	2.00
80   36	|	1	0.25	4.00	1	0.25	0.75
80   37	|	2	0.50	2.75	2	0.50	0.50
80   38	|	1	1.00	0.00	1	1.00	0.00
80   40	|	7	0.88	0.50	5	0.63	0.63
80   41	|	15	0.38	2.64	7	0.18	1.15
80   42	|	1	0.06	4.53	3	0.18	1.41
80   43	|	1	0.25	3.25	0	0.00	1.50
80   44	|	1	1.00	0.00	0	0.00	1.00
80   45	|	11	0.11	4.43	3	0.03	2.23
80   46	|	1	0.03	5.36	0	0.00	2.58
80   48	|	2	0.09	4.45	7	0.32	0.68
80   49	|	1	0.33	5.00	0	0.00	1.00
80   51	|	4	0.06	5.19	4	0.06	1.54

81   1	|	10	1.00	0.00	10	1.00	0.00
81   2	|	1	1.00	0.00	1	1.00	0.00
81   3	|	14	1.00	0.00	7	0.50	0.50
81   7	|	6	1.00	0.00	6	1.00	0.00
81   9	|	9	0.90	0.10	10	1.00	0.00
81   11	|	1	1.00	0.00	1	1.00	0.00
81   12	|	3	0.60	1.00	3	0.60	0.40
81   14	|	1	1.00	0.00	0	0.00	1.00
81   19	|	8	0.47	1.24	4	0.24	1.06
81   24	|	1	1.00	0.00	1	1.00	0.00
81   25	|	3	0.75	1.00	3	0.75	0.25
81   27	|	1	0.33	2.67	1	0.33	0.67
81   28	|	1	1.00	0.00	1	1.00	0.00
81   32	|	2	1.00	0.00	2	1.00	0.00
81   33	|	1	1.00	0.00	1	1.00	0.00
81   34	|	3	0.75	0.50	3	0.75	0.25
81   36	|	3	1.00	0.00	3	1.00	0.00
81   39	|	1	1.00	0.00	1	1.00	0.00
81   40	|	4	1.00	0.00	3	0.75	0.25
81   41	|	7	0.78	0.44	7	0.78	0.22
81   44	|	1	1.00	0.00	1	1.00	0.00
81   45	|	4	0.50	1.25	3	0.38	1.13

82   1	|	28	0.97	0.07	25	0.86	0.14
82   2	|	3	1.00	0.00	3	1.00	0.00
82   3	|	36	0.92	0.31	22	0.56	0.51
82   7	|	12	0.75	0.63	5	0.31	1.25
82   9	|	20	0.87	0.35	20	0.87	0.13
82   11	|	1	1.00	0.00	1	1.00	0.00
82   12	|	6	0.40	1.60	2	0.13	1.27
82   13	|	1	0.08	3.50	2	0.17	1.17
82   14	|	4	0.80	1.40	2	0.40	0.60
82   15	|	1	0.25	2.00	1	0.25	1.50
82   18	|	1	1.00	0.00	1	1.00	0.00
82   19	|	18	0.28	2.26	7	0.11	1.80
82   20	|	2	0.22	2.00	0	0.00	1.89
82   21	|	6	0.86	0.29	1	0.14	1.43
82   22	|	2	0.40	3.80	3	0.60	0.40
82   23	|	2	0.09	4.00	6	0.26	0.74
82   25	|	7	0.41	2.65	4	0.24	1.29
82   27	|	2	0.40	2.80	1	0.20	1.40
82   32	|	8	1.00	0.00	6	0.75	0.25
82   34	|	8	0.67	0.58	4	0.33	1.17
82   35	|	1	1.00	0.00	1	1.00	0.00
82   36	|	13	0.68	0.89	16	0.84	0.16
82   37	|	1	0.11	3.00	2	0.22	0.78
82   38	|	1	0.50	2.00	2	1.00	0.00
82   39	|	1	0.33	3.33	2	0.67	0.33
82   40	|	5	0.36	1.93	4	0.29	1.00
82   41	|	20	0.48	1.74	9	0.21	1.12
82   42	|	1	0.06	3.29	1	0.06	1.76
82   43	|	2	0.50	2.50	2	0.50	0.75
82   44	|	1	1.00	0.00	1	1.00	0.00
82   45	|	20	0.17	3.44	6	0.05	2.32
82   46	|	3	0.12	4.12	0	0.00	2.19
82   47	|	3	0.27	2.45	0	0.00	2.27
82   48	|	1	0.06	4.59	6	0.35	0.65
82   49	|	1	0.10	4.10	1	0.10	0.90
82   51	|	4	0.06	4.35	3	0.05	1.52
82   53	|	1	0.04	4.71	3	0.13	1.50

83   1	|	5	1.00	0.00	5	1.00	0.00
83   3	|	5	1.00	0.00	5	1.00	0.00
83   4	|	1	1.00	0.00	1	1.00	0.00
83   7	|	7	1.00	0.00	4	0.57	0.57
83   9	|	6	0.86	0.14	7	1.00	0.00
83   11	|	1	1.00	0.00	1	1.00	0.00
83   12	|	1	1.00	0.00	1	1.00	0.00
83   15	|	1	1.00	0.00	0	0.00	1.00
83   19	|	5	0.71	1.29	0	0.00	1.43
83   23	|	1	1.00	0.00	1	1.00	0.00
83   35	|	1	0.50	2.50	0	0.00	1.50
83   36	|	1	1.00	0.00	1	1.00	0.00
83   41	|	4	0.80	0.40	3	0.60	0.40
83   42	|	1	1.00	0.00	1	1.00	0.00
83   45	|	2	0.50	1.75	1	0.25	1.25
83   47	|	2	1.00	0.00	0	0.00	1.50

84   1	|	13	1.00	0.00	11	0.85	0.15
84   2	|	1	1.00	0.00	1	1.00	0.00
84   3	|	15	1.00	0.00	11	0.73	0.27
84   4	|	1	1.00	0.00	1	1.00	0.00
84   5	|	1	1.00	0.00	1	1.00	0.00
84   6	|	2	1.00	0.00	2	1.00	0.00
84   7	|	5	1.00	0.00	1	0.20	0.80
84   9	|	7	1.00	0.00	7	1.00	0.00
84   12	|	5	0.83	0.17	5	0.83	0.17
84   13	|	1	1.00	0.00	0	0.00	1.00
84   14	|	1	1.00	0.00	0	0.00	1.00
84   19	|	9	0.69	0.54	3	0.23	1.23
84   20	|	1	1.00	0.00	0	0.00	1.00
84   21	|	1	1.00	0.00	0	0.00	2.00
84   25	|	1	0.33	3.00	2	0.67	0.67
84   32	|	1	1.00	0.00	1	1.00	0.00
84   34	|	1	0.50	0.50	1	0.50	0.50
84   35	|	1	1.00	0.00	1	1.00	0.00
84   36	|	3	1.00	0.00	3	1.00	0.00
84   37	|	1	0.50	0.50	2	1.00	0.00
84   38	|	1	1.00	0.00	1	1.00	0.00
84   40	|	6	0.86	0.29	4	0.57	0.43
84   41	|	6	1.00	0.00	2	0.33	0.67
84   45	|	3	0.75	0.50	1	0.25	0.75
84   46	|	1	1.00	0.00	0	0.00	2.00
84   47	|	2	1.00	0.00	0	0.00	2.00
84   51	|	1	1.00	0.00	1	1.00	0.00

86   1	|	1	1.00	0.00	0	0.00	1.00
86   3	|	3	1.00	0.00	3	1.00	0.00
86   7	|	1	0.50	1.50	0	0.00	3.00
86   12	|	3	0.50	1.00	2	0.33	1.67
86   13	|	2	0.15	2.15	0	0.00	2.62
86   14	|	1	0.20	5.00	0	0.00	2.40
86   15	|	1	0.33	4.33	0	0.00	2.00
86   19	|	6	0.08	3.84	0	0.00	3.48
86   23	|	1	0.03	5.19	0	0.00	1.78
86   25	|	1	0.03	4.76	1	0.03	2.84
86   26	|	1	0.06	4.56	0	0.00	2.88
86   30	|	1	0.17	4.50	0	0.00	2.67
86   40	|	2	0.25	3.13	1	0.13	2.13
86   41	|	3	0.09	3.52	0	0.00	2.36
86   45	|	6	0.08	3.97	1	0.01	3.22
86   46	|	1	0.04	3.50	0	0.00	3.42
86   47	|	1	0.20	4.60	0	0.00	3.20
86   48	|	1	0.07	4.67	0	0.00	1.60
86   51	|	1	0.02	5.16	0	0.00	2.67
86   53	|	1	0.03	5.35	0	0.00	2.65

