0   1	|	0	1	1	0	1	0.00
0   2	|	7	6	5	0	1	0.54
0   3	|	1	1	0	0	0	1.00
0   4	|	0	0	2	0	0	0.00
0   5	|	0	4	2	0	1	0.00
0   7	|	0	0	1	0	2	0.00
0   8	|	0	1	0	0	0	 - 
0   9	|	1	1	0	4	0	0.20
0   10	|	2	0	0	0	3	0.40
0   13	|	1	1	1	0	3	0.20
0   14	|	0	0	0	0	1	0.00
0   15	|	1	1	1	2	0	0.25
0   22	|	0	0	0	1	0	0.00
0   23	|	0	1	0	0	2	0.00
0   33	|	0	0	1	0	0	0.00
0   34	|	0	1	0	0	1	0.00
0   35	|	0	1	0	0	1	0.00
0   36	|	0	0	0	1	1	0.00
0   37	|	1	1	0	0	0	1.00
0   40	|	0	0	1	0	1	0.00
0   41	|	0	0	0	3	1	0.00
0   52	|	0	0	0	0	1	0.00

1   1	|	4	0	2	0	1	0.57
1   2	|	3	7	5	0	2	0.30
1   3	|	1	1	0	0	0	1.00
1   4	|	0	3	1	0	0	0.00
1   5	|	0	1	2	0	1	0.00
1   7	|	2	2	2	1	2	0.29
1   8	|	0	2	0	0	0	 - 
1   9	|	0	0	2	1	0	0.00
1   10	|	5	3	2	0	3	0.50
1   12	|	0	1	1	1	2	0.00
1   13	|	0	2	1	0	5	0.00
1   15	|	0	2	0	1	1	0.00
1   17	|	0	0	1	0	0	0.00
1   22	|	0	0	1	1	0	0.00
1   23	|	0	2	1	0	2	0.00
1   32	|	0	0	0	0	1	0.00
1   34	|	1	0	0	0	0	1.00
1   35	|	0	2	0	0	1	0.00
1   36	|	0	0	1	1	3	0.00
1   37	|	2	6	1	0	1	0.50
1   40	|	0	1	2	1	4	0.00
1   41	|	0	1	1	0	6	0.00
1   52	|	0	0	1	0	0	0.00
1   53	|	0	0	0	0	2	0.00

10   1	|	12	16	6	0	6	0.50
10   2	|	4	1	0	0	0	1.00
10   3	|	38	33	20	5	18	0.47
10   4	|	0	1	0	0	1	0.00
10   5	|	1	0	1	0	0	0.50
10   6	|	0	1	1	0	0	0.00
10   7	|	15	20	3	1	4	0.65
10   8	|	0	2	1	0	0	0.00
10   9	|	5	7	6	2	3	0.31
10   11	|	2	2	0	0	0	1.00
10   12	|	13	6	6	2	9	0.43
10   13	|	3	8	4	1	6	0.21
10   14	|	2	4	0	2	2	0.33
10   15	|	0	1	0	0	1	0.00
10   16	|	0	1	0	0	0	 - 
10   22	|	3	2	0	2	4	0.33
10   23	|	0	0	2	3	4	0.00
10   24	|	1	0	1	1	0	0.33
10   28	|	0	0	0	1	0	0.00
10   29	|	1	0	0	0	0	1.00
10   30	|	0	1	2	0	2	0.00
10   32	|	2	4	2	0	2	0.33
10   33	|	0	0	2	0	0	0.00
10   34	|	14	15	2	0	4	0.70
10   35	|	1	2	0	1	1	0.33
10   36	|	6	3	4	1	2	0.46
10   37	|	2	2	1	1	3	0.29
10   39	|	1	1	1	0	0	0.50
10   40	|	4	1	3	1	4	0.33
10   41	|	18	9	14	4	22	0.31
10   42	|	1	5	3	1	7	0.08
10   43	|	0	0	1	0	0	0.00
10   44	|	1	1	0	0	0	1.00
10   48	|	1	3	5	1	2	0.11
10   49	|	0	1	0	0	1	0.00
10   52	|	0	0	1	1	1	0.00
10   53	|	0	0	0	0	9	0.00

11   1	|	43	32	17	0	9	0.62
11   2	|	2	4	2	1	1	0.33
11   3	|	67	64	29	0	22	0.57
11   4	|	2	2	1	0	0	0.67
11   5	|	0	1	0	0	0	 - 
11   6	|	0	2	0	0	0	 - 
11   7	|	25	25	29	2	12	0.37
11   8	|	1	1	0	0	0	1.00
11   9	|	24	15	5	2	9	0.60
11   10	|	1	0	0	0	0	1.00
11   11	|	1	2	0	0	0	1.00
11   12	|	11	17	12	4	14	0.27
11   13	|	2	4	6	3	13	0.08
11   14	|	1	2	2	1	3	0.14
11   15	|	2	2	1	1	4	0.25
11   17	|	3	0	0	0	0	1.00
11   18	|	0	0	0	0	1	0.00
11   22	|	5	4	10	6	9	0.17
11   23	|	1	4	4	3	13	0.05
11   24	|	4	3	2	2	3	0.36
11   29	|	0	0	0	1	0	0.00
11   30	|	1	0	0	1	0	0.50
11   32	|	4	6	2	0	7	0.31
11   33	|	1	2	0	0	0	1.00
11   34	|	25	25	16	2	12	0.45
11   35	|	2	1	0	1	1	0.50
11   36	|	16	11	7	2	6	0.52
11   37	|	4	1	1	0	4	0.44
11   38	|	1	0	0	0	1	0.50
11   39	|	2	0	0	0	1	0.67
11   40	|	8	11	8	2	14	0.25
11   41	|	32	33	24	7	37	0.32
11   42	|	4	7	6	2	15	0.15
11   43	|	4	4	3	2	6	0.27
11   44	|	0	1	1	0	2	0.00
11   48	|	5	5	5	2	7	0.26
11   49	|	0	0	1	0	1	0.00
11   50	|	0	0	0	1	0	0.00
11   52	|	0	0	3	2	4	0.00
11   53	|	1	3	5	5	16	0.04

12   1	|	23	22	9	0	9	0.56
12   3	|	45	44	18	0	16	0.57
12   5	|	0	1	0	0	1	0.00
12   6	|	0	1	1	0	0	0.00
12   7	|	25	17	12	3	9	0.51
12   8	|	0	0	0	0	1	0.00
12   9	|	9	14	10	0	4	0.39
12   11	|	1	1	3	0	0	0.25
12   12	|	7	9	4	4	8	0.30
12   13	|	3	6	2	1	5	0.27
12   14	|	0	1	2	0	6	0.00
12   15	|	0	0	1	1	2	0.00
12   18	|	0	0	0	0	1	0.00
12   22	|	3	3	5	2	4	0.21
12   23	|	0	2	5	2	8	0.00
12   24	|	0	1	2	0	1	0.00
12   28	|	0	0	0	0	1	0.00
12   30	|	0	0	0	0	2	0.00
12   32	|	1	1	3	1	4	0.11
12   33	|	0	1	0	0	1	0.00
12   34	|	19	18	4	0	11	0.56
12   35	|	0	3	2	0	3	0.00
12   36	|	11	6	7	2	8	0.39
12   37	|	2	2	0	1	3	0.33
12   38	|	2	1	0	0	0	1.00
12   39	|	1	1	0	0	0	1.00
12   40	|	4	5	4	0	6	0.29
12   41	|	20	25	11	5	28	0.31
12   42	|	0	5	5	2	11	0.00
12   43	|	3	0	1	1	5	0.30
12   44	|	1	1	3	0	1	0.20
12   48	|	0	1	5	3	3	0.00
12   49	|	0	0	1	0	4	0.00
12   50	|	0	0	0	0	2	0.00
12   52	|	0	0	3	1	1	0.00
12   53	|	2	3	4	0	17	0.09

13   1	|	4	7	4	4	1	0.31
13   2	|	0	1	1	0	1	0.00
13   3	|	14	8	12	1	8	0.40
13   7	|	4	8	7	0	7	0.22
13   8	|	0	0	0	1	0	0.00
13   9	|	2	4	4	0	9	0.13
13   11	|	2	1	0	0	0	1.00
13   12	|	4	5	2	2	8	0.25
13   13	|	0	6	3	0	5	0.00
13   14	|	1	0	0	1	0	0.50
13   15	|	1	1	1	0	2	0.25
13   18	|	0	0	0	1	1	0.00
13   22	|	2	0	3	3	11	0.11
13   23	|	0	4	5	4	9	0.00
13   24	|	0	1	1	0	3	0.00
13   28	|	0	0	0	1	0	0.00
13   32	|	1	2	1	0	3	0.20
13   33	|	1	0	0	0	0	1.00
13   34	|	1	6	3	2	11	0.06
13   35	|	0	1	4	0	2	0.00
13   36	|	2	1	2	4	6	0.14
13   37	|	1	1	2	1	1	0.20
13   39	|	1	1	0	0	1	0.50
13   40	|	1	1	2	0	7	0.10
13   41	|	5	9	4	3	25	0.14
13   42	|	2	1	5	4	17	0.07
13   43	|	0	2	0	2	5	0.00
13   44	|	0	0	0	0	1	0.00
13   48	|	0	1	3	1	13	0.00
13   49	|	0	0	0	1	0	0.00
13   52	|	1	0	3	2	3	0.11
13   53	|	0	0	3	0	12	0.00

14   1	|	3	1	4	0	4	0.27
14   2	|	0	0	0	0	1	0.00
14   3	|	8	9	3	0	5	0.50
14   5	|	1	0	0	0	0	1.00
14   7	|	0	2	3	0	4	0.00
14   9	|	2	3	2	1	7	0.17
14   10	|	0	0	1	0	0	0.00
14   11	|	0	0	1	0	0	0.00
14   12	|	4	4	2	0	2	0.50
14   13	|	1	2	1	2	3	0.14
14   14	|	2	0	0	0	3	0.40
14   15	|	0	0	0	0	3	0.00
14   22	|	0	0	2	1	4	0.00
14   23	|	0	0	4	3	8	0.00
14   24	|	0	0	0	0	3	0.00
14   28	|	0	0	0	0	1	0.00
14   30	|	0	0	0	0	1	0.00
14   32	|	4	1	3	0	1	0.50
14   34	|	3	7	4	1	6	0.21
14   35	|	0	0	0	0	1	0.00
14   36	|	0	1	0	0	4	0.00
14   37	|	0	0	1	0	4	0.00
14   39	|	1	0	0	0	0	1.00
14   40	|	2	3	3	1	4	0.20
14   41	|	7	7	10	5	14	0.19
14   42	|	3	2	3	1	14	0.14
14   43	|	0	0	0	2	1	0.00
14   48	|	1	1	3	0	9	0.08
14   49	|	0	0	0	1	2	0.00
14   50	|	0	0	0	0	1	0.00
14   52	|	0	0	0	1	3	0.00
14   53	|	0	0	0	2	6	0.00

15   1	|	6	2	2	0	1	0.67
15   3	|	4	3	1	0	0	0.80
15   7	|	0	0	1	0	0	0.00
15   9	|	0	0	1	0	1	0.00
15   14	|	0	1	0	0	0	 - 
15   22	|	0	0	1	0	0	0.00
15   30	|	0	0	0	0	1	0.00
15   40	|	0	1	0	0	0	 - 
15   41	|	0	1	0	0	0	 - 
15   42	|	0	1	0	0	1	0.00
15   48	|	0	0	0	0	1	0.00
15   53	|	0	0	1	0	1	0.00

16   1	|	4	1	2	0	2	0.50
16   2	|	0	2	0	0	1	0.00
16   3	|	8	12	8	2	3	0.38
16   4	|	0	3	1	0	2	0.00
16   5	|	0	0	0	1	0	0.00
16   6	|	0	2	1	0	0	0.00
16   7	|	7	3	3	1	8	0.37
16   8	|	1	3	0	0	2	0.33
16   9	|	1	1	3	1	4	0.11
16   10	|	0	2	0	1	3	0.00
16   11	|	0	0	0	0	1	0.00
16   12	|	4	7	4	4	11	0.17
16   13	|	4	5	11	6	12	0.12
16   14	|	3	1	1	0	1	0.60
16   15	|	1	2	2	0	4	0.14
16   16	|	0	0	0	0	1	0.00
16   18	|	0	0	0	1	3	0.00
16   22	|	2	1	5	3	13	0.09
16   23	|	2	7	14	4	20	0.05
16   24	|	0	2	2	2	2	0.00
16   28	|	0	0	1	0	0	0.00
16   29	|	0	0	0	1	0	0.00
16   30	|	0	2	1	2	1	0.00
16   32	|	3	2	1	0	1	0.60
16   33	|	2	0	0	0	0	1.00
16   34	|	6	8	3	0	8	0.35
16   35	|	2	2	6	1	5	0.14
16   36	|	2	3	2	3	10	0.12
16   37	|	5	10	2	5	9	0.24
16   38	|	0	1	0	0	0	 - 
16   39	|	1	1	1	0	0	0.50
16   40	|	4	3	6	1	13	0.17
16   41	|	7	14	13	7	38	0.11
16   42	|	11	13	13	8	26	0.19
16   43	|	1	4	4	1	2	0.13
16   44	|	0	1	0	0	1	0.00
16   48	|	3	2	4	6	11	0.13
16   49	|	0	0	0	0	2	0.00
16   52	|	1	5	4	2	9	0.06
16   53	|	1	3	17	4	27	0.02

17   1	|	1	1	0	0	0	1.00
17   3	|	1	1	2	0	0	0.33
17   12	|	0	0	0	1	0	0.00
17   13	|	1	0	0	1	2	0.25
17   14	|	0	1	0	0	0	 - 
17   15	|	0	0	0	1	1	0.00
17   22	|	1	0	0	1	0	0.50
17   23	|	1	0	1	0	1	0.33
17   30	|	0	0	0	1	1	0.00
17   32	|	0	0	0	0	1	0.00
17   34	|	1	2	0	0	1	0.50
17   35	|	0	0	0	0	1	0.00
17   37	|	0	0	0	0	1	0.00
17   38	|	1	0	0	0	0	1.00
17   40	|	1	0	0	0	0	1.00
17   41	|	0	1	2	2	5	0.00
17   42	|	4	2	0	0	2	0.67
17   48	|	0	0	0	0	1	0.00

18   1	|	1	1	0	0	0	1.00
18   3	|	2	3	2	0	0	0.50
18   4	|	1	0	0	0	0	1.00
18   7	|	2	0	1	0	0	0.67
18   12	|	1	1	1	0	0	0.50
18   22	|	0	0	0	1	0	0.00
18   24	|	0	0	0	1	0	0.00
18   32	|	0	0	0	1	0	0.00
18   33	|	0	1	0	0	0	 - 
18   34	|	2	0	4	0	0	0.33
18   36	|	0	1	0	0	0	 - 
18   37	|	1	1	0	0	0	1.00
18   39	|	0	0	1	0	0	0.00
18   40	|	0	0	0	0	1	0.00
18   41	|	2	2	1	0	1	0.50
18   43	|	0	0	1	0	0	0.00
18   52	|	0	0	1	0	0	0.00

20   1	|	2	1	1	0	0	0.67
20   2	|	1	0	0	0	0	1.00
20   3	|	3	2	1	0	0	0.75
20   7	|	0	1	2	0	1	0.00
20   9	|	0	1	0	0	1	0.00
20   10	|	1	0	0	0	0	1.00
20   12	|	1	0	2	0	2	0.20
20   13	|	0	0	1	0	2	0.00
20   14	|	0	0	0	0	1	0.00
20   15	|	1	0	0	0	0	1.00
20   22	|	0	2	0	0	0	 - 
20   23	|	0	0	1	0	1	0.00
20   30	|	0	0	0	0	1	0.00
20   31	|	0	1	0	0	1	0.00
20   32	|	1	0	0	0	0	1.00
20   33	|	0	1	0	0	0	 - 
20   34	|	0	0	1	0	0	0.00
20   36	|	0	0	0	0	1	0.00
20   37	|	1	0	0	0	2	0.33
20   39	|	0	0	1	0	1	0.00
20   40	|	0	0	0	0	2	0.00
20   41	|	0	2	0	0	4	0.00
20   42	|	0	0	0	1	2	0.00
20   43	|	0	0	2	0	0	0.00
20   44	|	0	1	0	0	0	 - 
20   48	|	1	0	0	0	1	0.50
20   49	|	0	0	0	0	2	0.00
20   50	|	0	0	1	0	0	0.00
20   52	|	0	0	0	0	3	0.00
20   53	|	0	0	3	0	1	0.00

21   1	|	10	6	4	0	5	0.53
21   2	|	1	1	0	0	0	1.00
21   3	|	21	10	8	1	11	0.51
21   7	|	3	3	2	2	5	0.25
21   8	|	0	1	1	0	0	0.00
21   9	|	10	7	7	0	6	0.43
21   12	|	13	4	5	0	8	0.50
21   13	|	2	1	1	0	4	0.29
21   14	|	0	1	3	0	1	0.00
21   15	|	1	2	0	0	1	0.50
21   17	|	0	1	0	0	0	 - 
21   18	|	0	0	1	1	1	0.00
21   22	|	4	1	2	0	3	0.44
21   23	|	1	0	1	1	1	0.25
21   24	|	0	0	1	0	2	0.00
21   29	|	0	0	1	0	0	0.00
21   30	|	0	2	0	1	1	0.00
21   31	|	3	3	2	0	6	0.27
21   32	|	2	1	1	0	5	0.25
21   33	|	1	0	1	0	0	0.50
21   34	|	3	4	4	1	4	0.25
21   35	|	3	0	2	0	1	0.50
21   36	|	8	4	7	0	3	0.44
21   37	|	1	1	0	2	4	0.14
21   38	|	1	1	0	0	1	0.50
21   40	|	4	2	1	0	6	0.36
21   41	|	9	6	9	1	13	0.28
21   42	|	2	1	4	1	6	0.15
21   43	|	2	1	1	0	1	0.50
21   44	|	0	0	0	0	1	0.00
21   48	|	1	1	1	0	5	0.14
21   49	|	0	0	0	0	3	0.00
21   50	|	0	0	0	0	1	0.00
21   52	|	0	1	1	0	2	0.00
21   53	|	0	1	1	0	11	0.00

22   1	|	4	4	2	0	0	0.67
22   2	|	0	1	0	0	0	 - 
22   3	|	4	3	6	1	4	0.27
22   5	|	0	1	2	1	1	0.00
22   6	|	0	0	1	0	0	0.00
22   7	|	5	1	3	0	5	0.38
22   8	|	0	0	0	0	2	0.00
22   9	|	4	3	5	0	4	0.31
22   12	|	6	3	6	1	12	0.24
22   13	|	1	3	4	0	8	0.08
22   14	|	0	0	1	1	1	0.00
22   15	|	0	0	0	0	5	0.00
22   17	|	0	0	0	0	1	0.00
22   18	|	0	0	1	1	2	0.00
22   22	|	0	1	0	1	10	0.00
22   23	|	1	2	3	1	15	0.05
22   24	|	0	1	2	0	1	0.00
22   28	|	0	0	0	0	1	0.00
22   30	|	0	1	0	0	1	0.00
22   31	|	0	1	2	0	3	0.00
22   32	|	1	1	3	0	2	0.17
22   33	|	0	0	1	1	0	0.00
22   34	|	3	1	2	2	5	0.25
22   35	|	4	0	2	3	1	0.40
22   36	|	0	2	3	1	4	0.00
22   37	|	0	1	5	2	4	0.00
22   39	|	0	1	0	0	2	0.00
22   40	|	3	3	4	1	4	0.25
22   41	|	8	5	10	2	27	0.17
22   42	|	4	3	10	3	31	0.08
22   43	|	2	0	3	0	3	0.25
22   44	|	0	0	0	0	2	0.00
22   48	|	3	7	8	3	25	0.08
22   49	|	2	1	4	2	17	0.08
22   50	|	1	3	1	1	6	0.11
22   52	|	1	0	5	2	9	0.06
22   53	|	0	3	9	3	48	0.00

23   1	|	5	2	5	1	1	0.42
23   3	|	8	5	10	3	15	0.22
23   5	|	0	0	0	0	1	0.00
23   6	|	0	1	0	0	0	 - 
23   7	|	4	3	4	3	10	0.19
23   8	|	0	0	0	0	1	0.00
23   9	|	1	3	6	1	7	0.07
23   10	|	0	0	0	0	2	0.00
23   11	|	1	0	1	0	0	0.50
23   12	|	7	3	3	0	20	0.23
23   13	|	2	1	4	0	12	0.11
23   14	|	1	0	0	0	4	0.20
23   15	|	1	2	1	0	6	0.13
23   16	|	0	0	1	0	0	0.00
23   17	|	0	0	0	0	1	0.00
23   18	|	0	1	2	0	0	0.00
23   22	|	0	2	1	2	14	0.00
23   23	|	0	0	6	2	11	0.00
23   24	|	0	0	0	0	1	0.00
23   28	|	0	0	0	0	1	0.00
23   29	|	0	0	0	0	1	0.00
23   30	|	0	0	1	1	1	0.00
23   31	|	2	0	2	0	2	0.33
23   32	|	1	0	0	1	3	0.20
23   34	|	1	6	3	4	10	0.06
23   35	|	0	0	0	0	4	0.00
23   36	|	1	1	4	0	12	0.06
23   37	|	3	0	1	2	4	0.30
23   40	|	5	4	4	1	9	0.26
23   41	|	5	4	12	6	38	0.08
23   42	|	0	1	0	0	8	0.00
23   43	|	0	1	1	1	0	0.00
23   44	|	0	0	0	1	1	0.00
23   48	|	1	0	0	0	2	0.33
23   52	|	0	2	1	0	3	0.00
23   53	|	1	0	1	1	5	0.13

24   1	|	2	2	2	0	1	0.40
24   2	|	1	0	0	0	0	1.00
24   3	|	2	3	5	1	6	0.14
24   7	|	1	1	1	0	4	0.17
24   8	|	1	0	0	0	0	1.00
24   9	|	2	1	0	0	4	0.33
24   12	|	2	1	3	0	4	0.22
24   13	|	1	0	1	1	6	0.11
24   14	|	0	0	0	1	1	0.00
24   15	|	0	0	1	0	2	0.00
24   16	|	1	0	0	0	0	1.00
24   17	|	0	1	0	0	0	 - 
24   22	|	1	0	1	0	4	0.17
24   23	|	0	0	1	1	6	0.00
24   30	|	1	0	0	0	0	1.00
24   31	|	1	0	0	0	0	1.00
24   32	|	0	0	1	0	0	0.00
24   34	|	1	1	3	0	3	0.14
24   35	|	0	0	0	0	2	0.00
24   36	|	2	3	3	1	4	0.20
24   37	|	1	1	0	0	3	0.25
24   38	|	0	0	0	0	1	0.00
24   39	|	0	0	0	0	2	0.00
24   40	|	2	1	3	1	6	0.17
24   41	|	3	4	2	0	26	0.10
24   42	|	2	0	0	0	5	0.29
24   43	|	0	1	0	0	2	0.00
24   44	|	0	0	1	0	0	0.00
24   48	|	0	0	0	0	3	0.00
24   52	|	0	0	0	0	1	0.00
24   53	|	0	0	1	0	3	0.00

25   1	|	1	0	1	0	1	0.33
25   2	|	0	0	0	0	1	0.00
25   3	|	3	1	0	0	2	0.60
25   5	|	0	0	1	0	0	0.00
25   7	|	2	0	0	0	0	1.00
25   9	|	0	0	1	0	1	0.00
25   11	|	0	1	0	0	0	 - 
25   12	|	2	1	0	0	0	1.00
25   22	|	1	0	0	0	1	0.50
25   23	|	1	0	0	0	0	1.00
25   32	|	0	0	1	0	0	0.00
25   35	|	0	1	0	0	1	0.00
25   37	|	1	1	0	0	1	0.50
25   40	|	1	0	0	0	0	1.00
25   41	|	0	2	1	1	0	0.00
25   42	|	2	1	0	0	3	0.40
25   43	|	0	0	1	0	0	0.00
25   48	|	0	0	1	0	2	0.00
25   49	|	0	0	0	0	1	0.00
25   50	|	0	1	0	0	0	 - 
25   52	|	1	1	0	0	0	1.00
25   53	|	0	0	0	0	1	0.00

26   1	|	1	1	0	0	0	1.00
26   3	|	2	1	1	0	1	0.50
26   7	|	0	1	0	0	0	 - 
26   9	|	1	0	0	0	0	1.00
26   10	|	1	0	0	0	0	1.00
26   12	|	3	0	0	0	1	0.75
26   13	|	0	0	0	0	1	0.00
26   14	|	0	0	0	0	1	0.00
26   15	|	0	0	1	0	1	0.00
26   18	|	0	0	0	0	1	0.00
26   22	|	0	0	1	1	1	0.00
26   23	|	0	0	3	1	3	0.00
26   24	|	0	1	1	0	1	0.00
26   32	|	0	1	0	1	0	0.00
26   34	|	1	0	1	0	1	0.33
26   36	|	0	1	0	0	1	0.00
26   37	|	0	0	0	0	2	0.00
26   40	|	0	1	0	0	0	 - 
26   41	|	0	2	0	1	3	0.00
26   42	|	2	1	0	0	1	0.67
26   48	|	0	0	1	3	4	0.00
26   53	|	0	0	2	0	3	0.00

30   1	|	4	0	3	0	1	0.50
30   3	|	5	2	2	0	2	0.56
30   4	|	0	1	0	0	0	 - 
30   7	|	4	0	3	1	1	0.44
30   8	|	1	0	0	0	1	0.50
30   9	|	6	2	3	0	1	0.60
30   11	|	0	1	0	0	0	 - 
30   12	|	0	1	1	0	3	0.00
30   13	|	0	0	1	0	0	0.00
30   15	|	1	0	1	0	1	0.33
30   19	|	1	3	2	0	1	0.25
30   21	|	1	0	0	0	0	1.00
30   23	|	0	1	1	0	0	0.00
30   27	|	0	0	0	1	0	0.00
30   32	|	0	0	0	0	2	0.00
30   34	|	1	0	0	0	0	1.00
30   36	|	2	0	0	0	0	1.00
30   38	|	0	1	2	0	0	0.00
30   41	|	1	1	0	0	3	0.25
30   43	|	1	1	1	0	0	0.50
30   45	|	1	2	0	0	2	0.33
30   48	|	0	0	0	0	1	0.00
30   53	|	0	1	0	0	0	 - 

31   1	|	5	0	4	0	3	0.42
31   3	|	11	2	5	0	5	0.52
31   6	|	0	1	0	0	0	 - 
31   7	|	3	1	2	0	2	0.43
31   9	|	2	4	7	0	2	0.18
31   12	|	1	1	0	0	2	0.33
31   13	|	0	0	1	0	1	0.00
31   14	|	1	1	0	0	0	1.00
31   18	|	0	0	0	0	1	0.00
31   19	|	6	3	2	2	7	0.35
31   20	|	0	0	2	0	1	0.00
31   22	|	2	0	0	0	2	0.50
31   23	|	0	1	2	0	0	0.00
31   25	|	1	0	0	0	0	1.00
31   26	|	0	1	0	0	2	0.00
31   27	|	0	1	0	0	0	 - 
31   32	|	0	1	0	0	0	 - 
31   34	|	1	0	1	0	1	0.33
31   36	|	3	1	1	0	1	0.60
31   39	|	0	0	0	0	1	0.00
31   40	|	2	1	1	0	2	0.40
31   41	|	3	0	4	0	4	0.27
31   43	|	0	0	1	0	0	0.00
31   45	|	1	5	0	0	5	0.17
31   46	|	0	1	0	0	1	0.00
31   48	|	0	1	0	0	0	 - 
31   50	|	0	1	0	0	0	 - 
31   51	|	2	2	0	1	3	0.33
31   53	|	0	1	0	1	0	0.00

32   1	|	2	0	1	0	1	0.50
32   2	|	1	0	0	0	0	1.00
32   3	|	7	4	3	0	4	0.50
32   7	|	1	1	3	0	1	0.20
32   9	|	3	0	3	0	1	0.43
32   11	|	0	1	0	0	0	 - 
32   12	|	2	1	3	0	0	0.40
32   13	|	0	2	1	0	0	0.00
32   14	|	1	2	1	0	0	0.50
32   18	|	0	1	0	0	0	 - 
32   19	|	3	2	1	0	6	0.30
32   20	|	0	0	0	0	2	0.00
32   21	|	0	2	0	0	1	0.00
32   22	|	0	1	1	0	1	0.00
32   25	|	0	0	1	0	1	0.00
32   32	|	3	0	0	0	0	1.00
32   34	|	0	0	2	0	3	0.00
32   36	|	2	2	0	0	0	1.00
32   38	|	1	0	0	0	0	1.00
32   39	|	1	1	0	0	0	1.00
32   40	|	0	2	2	0	2	0.00
32   41	|	1	3	1	1	1	0.25
32   43	|	0	1	0	0	0	 - 
32   45	|	2	2	2	0	6	0.20
32   46	|	0	0	0	0	1	0.00
32   47	|	0	1	0	0	0	 - 
32   48	|	1	0	0	0	1	0.50
32   51	|	0	0	2	0	3	0.00
32   53	|	0	0	0	0	3	0.00

33   1	|	1	0	0	0	0	1.00
33   3	|	2	1	1	0	2	0.40
33   7	|	0	0	0	0	1	0.00
33   9	|	2	0	0	0	0	1.00
33   12	|	1	0	0	0	0	1.00
33   19	|	0	0	2	0	2	0.00
33   20	|	0	0	1	0	0	0.00
33   30	|	0	0	0	0	1	0.00
33   32	|	1	0	0	0	0	1.00
33   34	|	1	0	0	0	0	1.00
33   36	|	0	1	0	0	0	 - 
33   41	|	1	1	0	0	1	0.50
33   43	|	0	0	0	0	1	0.00
33   45	|	2	0	1	0	0	0.67
33   46	|	0	0	0	0	2	0.00
33   51	|	0	2	0	0	1	0.00
33   53	|	0	0	0	0	1	0.00

34   1	|	1	0	0	0	0	1.00
34   19	|	1	0	1	0	2	0.25
34   25	|	0	1	0	0	0	 - 
34   41	|	0	1	0	0	0	 - 
34   45	|	0	0	1	0	4	0.00
34   51	|	0	0	0	0	2	0.00

35   1	|	1	0	0	0	1	0.50
35   3	|	1	0	1	0	0	0.50
35   7	|	2	0	1	0	0	0.67
35   9	|	1	3	0	0	0	1.00
35   12	|	0	1	1	0	0	0.00
35   13	|	0	1	0	0	1	0.00
35   14	|	0	0	0	0	1	0.00
35   19	|	1	2	1	0	5	0.14
35   21	|	0	0	0	0	1	0.00
35   22	|	0	0	1	0	0	0.00
35   23	|	0	0	1	0	0	0.00
35   25	|	0	0	3	0	0	0.00
35   30	|	0	0	1	0	0	0.00
35   32	|	1	0	1	0	0	0.50
35   34	|	0	0	1	0	2	0.00
35   40	|	0	0	1	0	0	0.00
35   41	|	1	3	2	0	0	0.33
35   43	|	0	0	0	0	1	0.00
35   45	|	2	1	0	0	5	0.29
35   46	|	0	0	0	1	1	0.00
35   51	|	0	0	0	1	2	0.00
35   53	|	0	0	0	0	1	0.00

36   3	|	0	0	0	0	1	0.00
36   7	|	1	0	0	0	1	0.50
36   12	|	0	0	1	0	2	0.00
36   19	|	0	2	1	0	4	0.00
36   20	|	0	0	2	0	1	0.00
36   22	|	0	0	0	0	1	0.00
36   25	|	0	0	0	0	3	0.00
36   32	|	0	0	0	1	0	0.00
36   34	|	0	0	0	0	2	0.00
36   40	|	0	0	1	0	1	0.00
36   41	|	0	0	1	0	1	0.00
36   52	|	0	0	0	0	1	0.00

37   3	|	0	1	0	0	0	 - 
37   7	|	1	0	0	0	0	1.00
37   12	|	1	0	1	0	2	0.25
37   13	|	0	0	0	0	1	0.00
37   19	|	1	1	1	0	3	0.20
37   20	|	0	0	1	0	2	0.00
37   23	|	0	0	3	1	3	0.00
37   24	|	0	0	1	0	1	0.00
37   25	|	1	1	0	0	2	0.33
37   26	|	0	0	0	0	1	0.00
37   37	|	0	0	0	0	1	0.00
37   39	|	0	0	0	1	0	0.00
37   41	|	0	0	0	1	0	0.00
37   42	|	0	0	1	0	4	0.00
37   43	|	0	1	0	0	0	 - 
37   45	|	1	2	8	5	27	0.02
37   46	|	0	0	0	0	6	0.00
37   47	|	0	0	0	0	1	0.00
37   48	|	0	0	2	0	4	0.00
37   49	|	0	0	0	0	2	0.00
37   51	|	0	1	1	1	13	0.00
37   53	|	0	0	0	1	5	0.00

38   9	|	1	0	0	0	0	1.00
38   19	|	0	0	0	0	7	0.00
38   20	|	0	0	0	0	2	0.00
38   25	|	0	0	0	0	1	0.00
38   34	|	0	0	0	0	2	0.00
38   36	|	0	0	0	0	1	0.00
38   40	|	0	0	0	0	1	0.00
38   41	|	0	0	1	0	0	0.00
38   47	|	0	0	0	1	0	0.00

39   7	|	0	0	1	0	0	0.00
39   9	|	1	0	0	0	0	1.00
39   14	|	0	1	0	0	0	 - 
39   20	|	0	0	1	0	0	0.00
39   45	|	0	0	0	0	1	0.00
39   48	|	0	0	0	0	1	0.00
39   51	|	0	0	0	0	1	0.00

40   1	|	2	1	0	0	0	1.00
40   3	|	0	1	0	0	2	0.00
40   7	|	3	3	0	0	0	1.00
40   9	|	1	1	0	0	1	0.50
40   12	|	2	0	0	0	1	0.67
40   14	|	2	1	0	0	0	1.00
40   22	|	0	1	1	0	2	0.00
40   32	|	0	0	1	0	0	0.00
40   34	|	0	2	0	0	0	 - 
40   37	|	1	0	1	0	0	0.50
40   40	|	3	0	0	0	2	0.60
40   41	|	1	0	0	0	0	1.00

41   1	|	1	0	1	0	0	0.50
41   3	|	2	1	0	0	3	0.40
41   7	|	3	8	2	0	0	0.60
41   9	|	1	4	2	0	0	0.33
41   11	|	0	2	1	0	0	0.00
41   18	|	0	0	0	0	1	0.00
41   36	|	1	1	1	0	1	0.33
41   40	|	1	1	2	1	5	0.11
41   44	|	1	0	0	0	0	1.00

42   1	|	2	1	0	0	1	0.67
42   3	|	4	0	1	0	1	0.67
42   7	|	4	3	4	0	1	0.44
42   8	|	0	1	0	0	0	 - 
42   9	|	0	0	2	0	1	0.00
42   32	|	1	0	2	0	0	0.33
42   36	|	0	1	1	0	0	0.00
42   40	|	0	2	0	0	2	0.00

43   3	|	0	0	0	0	1	0.00
43   9	|	0	1	0	0	0	 - 

44   3	|	0	2	0	0	0	 - 
44   4	|	0	1	0	0	0	 - 
44   8	|	0	0	0	0	1	0.00
44   9	|	0	0	1	0	0	0.00
44   37	|	0	0	1	0	0	0.00

45   41	|	1	0	0	0	0	1.00

46   1	|	2	0	1	0	0	0.67

47   3	|	1	0	0	0	0	1.00
47   35	|	0	1	0	0	0	 - 

48   7	|	0	1	0	0	0	 - 

50   1	|	6	2	3	0	2	0.55
50   3	|	2	4	3	0	1	0.33
50   5	|	0	1	0	0	0	 - 
50   6	|	1	0	0	0	0	1.00
50   7	|	1	3	2	0	3	0.17
50   9	|	4	0	0	0	0	1.00
50   12	|	0	0	1	0	4	0.00
50   14	|	0	0	1	0	2	0.00
50   29	|	0	1	0	0	0	 - 
50   30	|	0	0	1	0	0	0.00
50   32	|	2	0	1	0	1	0.50
50   34	|	1	1	0	0	0	1.00
50   36	|	2	1	0	0	0	1.00
50   40	|	0	0	1	0	0	0.00
50   43	|	1	0	0	0	0	1.00
50   44	|	0	0	1	0	0	0.00

51   1	|	9	10	3	0	4	0.56
51   2	|	0	0	1	0	0	0.00
51   3	|	8	10	10	1	10	0.28
51   9	|	9	7	3	1	6	0.47
51   11	|	0	1	0	0	0	 - 
51   14	|	0	1	0	0	1	0.00
51   29	|	0	0	0	0	1	0.00
51   33	|	0	1	0	0	0	 - 

52   1	|	6	3	3	0	2	0.55
52   3	|	4	5	5	0	0	0.44
52   5	|	1	0	0	0	0	1.00
52   9	|	3	3	2	0	2	0.43
52   11	|	0	0	1	0	0	0.00
52   18	|	0	0	1	0	0	0.00
52   44	|	0	0	0	0	1	0.00

53   1	|	2	2	0	0	0	1.00
53   36	|	0	2	1	0	1	0.00
53   44	|	0	0	0	0	1	0.00

54   1	|	1	1	2	0	1	0.25

55   3	|	1	0	0	0	0	1.00
55   9	|	0	0	1	0	0	0.00



58   1	|	0	1	0	0	0	 - 
58   3	|	2	1	1	0	0	0.67

60   3	|	0	0	1	0	0	0.00
60   22	|	0	0	0	0	1	0.00
60   32	|	1	0	0	0	0	1.00
60   37	|	0	1	0	0	0	 - 
60   41	|	1	1	1	0	0	0.50
60   42	|	0	0	0	0	1	0.00
60   43	|	0	1	0	0	0	 - 
60   48	|	1	0	0	0	1	0.50
60   49	|	0	0	0	0	1	0.00
60   53	|	1	0	0	0	0	1.00

61   3	|	0	0	0	0	1	0.00
61   13	|	0	0	0	0	1	0.00
61   15	|	1	0	0	0	0	1.00
61   22	|	0	0	0	0	1	0.00
61   28	|	0	0	1	0	0	0.00
61   34	|	0	1	0	0	1	0.00
61   41	|	1	1	0	0	0	1.00
61   42	|	0	0	0	0	1	0.00

71   12	|	1	0	0	0	0	1.00
71   22	|	0	0	1	0	0	0.00
71   24	|	0	0	0	0	1	0.00
71   53	|	0	0	0	0	1	0.00

72   30	|	0	0	0	0	1	0.00
72   41	|	0	0	0	0	1	0.00
72   48	|	0	0	1	0	0	0.00
72   53	|	0	0	0	0	1	0.00

80   1	|	0	1	0	0	0	 - 
80   3	|	0	0	0	0	3	0.00
80   7	|	2	0	0	0	0	1.00
80   9	|	0	0	1	0	1	0.00
80   12	|	1	0	0	0	0	1.00
80   13	|	0	0	1	0	0	0.00
80   22	|	1	0	0	0	0	1.00
80   25	|	0	0	1	0	0	0.00
80   32	|	0	0	0	0	1	0.00
80   34	|	1	0	0	0	0	1.00
80   36	|	0	0	0	0	1	0.00
80   41	|	1	0	0	0	1	0.50
80   45	|	0	1	2	0	4	0.00
80   46	|	0	0	0	0	1	0.00
80   51	|	1	0	0	0	0	1.00
80   53	|	0	0	0	0	1	0.00

81   3	|	0	1	0	0	1	0.00
81   34	|	1	0	0	0	0	1.00

82   1	|	0	0	1	0	0	0.00
82   3	|	1	1	0	1	0	0.50
82   7	|	0	1	0	0	0	 - 
82   9	|	1	1	0	0	0	1.00
82   12	|	0	1	0	0	0	 - 
82   14	|	2	0	0	0	0	1.00
82   19	|	0	0	1	0	0	0.00
82   22	|	0	0	0	0	1	0.00
82   25	|	0	0	0	0	1	0.00
82   26	|	0	0	1	0	1	0.00
82   32	|	0	0	1	0	0	0.00
82   34	|	0	0	1	1	0	0.00
82   36	|	0	1	0	0	0	 - 
82   37	|	0	0	0	0	1	0.00
82   39	|	0	0	0	0	1	0.00
82   45	|	0	0	0	0	7	0.00
82   46	|	0	0	0	0	1	0.00
82   48	|	0	0	0	0	1	0.00
82   49	|	0	0	0	0	1	0.00
82   50	|	1	0	0	0	0	1.00
82   53	|	0	0	1	0	0	0.00

83   7	|	0	1	0	0	0	 - 
83   14	|	0	0	0	0	1	0.00
83   25	|	0	0	1	0	0	0.00
83   45	|	0	0	0	0	1	0.00

84   1	|	0	0	1	0	0	0.00
84   3	|	1	1	0	0	0	1.00
84   7	|	0	0	0	0	1	0.00
84   9	|	1	0	0	0	0	1.00
84   41	|	0	0	0	0	1	0.00
84   53	|	0	1	0	0	0	 - 

86   12	|	0	1	2	0	0	0.00
86   22	|	0	0	0	0	1	0.00
86   26	|	0	0	0	0	1	0.00
86   37	|	0	0	0	0	1	0.00
86   40	|	0	0	1	0	0	0.00
86   41	|	0	0	0	0	1	0.00
86   42	|	0	0	0	0	1	0.00
86   45	|	0	0	0	0	2	0.00
86   46	|	0	0	0	0	3	0.00
86   51	|	0	0	0	0	1	0.00

