0   1	|	0	0	2	0	1	0.00
0   2	|	9	11	8	0	3	0.45
0   3	|	1	3	1	0	3	0.20
0   4	|	2	2	3	0	1	0.33
0   5	|	0	4	2	0	1	0.00
0   7	|	0	0	2	0	4	0.00
0   8	|	0	1	1	0	3	0.00
0   9	|	1	1	2	1	2	0.17
0   10	|	1	6	2	0	3	0.17
0   12	|	1	1	2	3	5	0.09
0   13	|	1	1	4	0	8	0.08
0   14	|	0	0	0	0	1	0.00
0   15	|	0	1	3	2	0	0.00
0   17	|	0	0	1	0	0	0.00
0   22	|	0	0	0	2	2	0.00
0   23	|	0	1	0	1	2	0.00
0   24	|	0	0	0	1	0	0.00
0   30	|	0	0	0	0	1	0.00
0   32	|	0	0	1	0	1	0.00
0   33	|	0	0	2	0	2	0.00
0   34	|	0	2	0	0	5	0.00
0   35	|	0	1	0	0	0	 - 
0   36	|	0	0	1	2	2	0.00
0   37	|	1	3	1	1	4	0.14
0   40	|	0	1	2	0	6	0.00
0   41	|	1	3	2	5	14	0.05
0   52	|	0	0	0	2	0	0.00
0   53	|	0	1	0	1	2	0.00

1   1	|	4	1	3	0	2	0.44
1   2	|	9	11	11	0	7	0.33
1   3	|	3	3	3	0	6	0.25
1   4	|	3	6	3	0	1	0.43
1   5	|	0	4	3	0	4	0.00
1   7	|	1	3	4	0	4	0.11
1   8	|	0	2	0	0	1	0.00
1   9	|	0	0	3	5	1	0.00
1   10	|	8	4	6	0	5	0.42
1   12	|	0	3	4	0	8	0.00
1   13	|	1	5	4	4	10	0.05
1   14	|	0	0	1	1	1	0.00
1   15	|	1	5	2	0	4	0.14
1   17	|	0	0	1	0	0	0.00
1   18	|	0	0	0	0	2	0.00
1   22	|	0	0	1	1	3	0.00
1   23	|	0	5	2	0	1	0.00
1   28	|	0	1	1	0	3	0.00
1   29	|	0	0	0	1	0	0.00
1   32	|	1	0	0	0	1	0.50
1   33	|	0	0	0	0	1	0.00
1   34	|	1	0	1	1	2	0.20
1   35	|	0	3	2	0	2	0.00
1   36	|	0	0	2	3	4	0.00
1   37	|	5	7	2	0	4	0.45
1   38	|	0	0	1	0	1	0.00
1   40	|	1	2	8	1	12	0.05
1   41	|	1	4	3	2	16	0.05
1   43	|	0	0	0	0	1	0.00
1   52	|	1	0	1	0	1	0.33
1   53	|	0	0	0	0	2	0.00

10   1	|	31	35	29	0	19	0.39
10   2	|	3	2	0	0	1	0.75
10   3	|	50	75	56	2	39	0.34
10   4	|	2	2	2	0	2	0.33
10   5	|	3	0	1	0	0	0.75
10   6	|	3	3	2	0	1	0.50
10   7	|	23	25	16	2	22	0.37
10   8	|	2	1	1	0	0	0.67
10   9	|	13	19	16	3	12	0.30
10   10	|	0	1	0	0	1	0.00
10   11	|	1	1	1	0	1	0.33
10   12	|	9	20	25	9	22	0.14
10   13	|	4	13	5	2	21	0.13
10   14	|	1	6	5	2	8	0.06
10   15	|	2	3	2	0	7	0.18
10   16	|	0	0	0	0	1	0.00
10   17	|	0	2	1	0	0	0.00
10   18	|	0	1	1	0	1	0.00
10   22	|	6	5	7	2	11	0.23
10   23	|	3	6	10	8	23	0.07
10   24	|	4	3	6	3	4	0.24
10   28	|	1	2	0	1	0	0.50
10   30	|	0	1	1	2	6	0.00
10   32	|	5	10	7	0	4	0.31
10   33	|	0	0	3	0	0	0.00
10   34	|	18	31	11	1	23	0.34
10   35	|	2	3	2	1	5	0.20
10   36	|	10	15	15	0	11	0.28
10   37	|	2	5	3	4	8	0.12
10   38	|	0	3	2	0	0	0.00
10   39	|	1	3	1	0	1	0.33
10   40	|	11	16	8	3	15	0.30
10   41	|	37	44	38	9	62	0.25
10   42	|	8	10	10	0	18	0.22
10   43	|	1	7	4	0	6	0.09
10   44	|	2	1	1	0	1	0.50
10   48	|	2	5	10	5	16	0.06
10   49	|	1	1	1	0	3	0.20
10   50	|	0	0	0	0	2	0.00
10   52	|	0	2	2	2	9	0.00
10   53	|	5	3	3	3	20	0.16

11   1	|	56	60	51	0	38	0.39
11   2	|	7	7	3	0	3	0.54
11   3	|	100	140	102	3	80	0.35
11   4	|	3	5	2	0	3	0.38
11   5	|	1	3	1	0	4	0.17
11   6	|	3	3	3	0	2	0.38
11   7	|	42	63	60	5	53	0.26
11   8	|	1	2	4	0	1	0.17
11   9	|	43	45	38	3	35	0.36
11   10	|	1	0	2	0	2	0.20
11   11	|	4	3	1	0	0	0.80
11   12	|	18	35	37	12	59	0.14
11   13	|	7	17	9	5	30	0.14
11   14	|	5	14	11	3	19	0.13
11   15	|	4	8	8	4	19	0.11
11   16	|	0	0	0	0	1	0.00
11   17	|	2	2	0	0	0	1.00
11   18	|	1	3	0	0	8	0.11
11   22	|	6	12	31	7	66	0.05
11   23	|	3	10	21	15	87	0.02
11   24	|	4	8	7	4	23	0.11
11   28	|	0	0	0	1	9	0.00
11   29	|	0	0	0	1	4	0.00
11   30	|	0	1	3	1	5	0.00
11   32	|	10	12	9	0	14	0.30
11   33	|	0	3	2	0	1	0.00
11   34	|	36	40	42	2	58	0.26
11   35	|	7	3	7	1	11	0.27
11   36	|	25	27	27	6	39	0.26
11   37	|	5	11	9	1	20	0.14
11   38	|	2	5	0	1	3	0.33
11   39	|	2	2	3	1	5	0.18
11   40	|	13	24	26	5	41	0.15
11   41	|	55	107	109	24	159	0.16
11   42	|	8	31	14	6	83	0.07
11   43	|	7	10	12	2	15	0.19
11   44	|	1	4	2	0	6	0.11
11   48	|	9	16	35	11	103	0.06
11   49	|	0	0	2	3	16	0.00
11   50	|	0	1	2	2	5	0.00
11   52	|	0	1	5	6	27	0.00
11   53	|	5	13	30	12	96	0.03

12   1	|	35	48	39	1	20	0.37
12   2	|	1	4	1	0	0	0.50
12   3	|	87	93	68	4	63	0.39
12   4	|	0	3	1	1	2	0.00
12   5	|	1	2	1	0	1	0.33
12   6	|	3	1	1	0	1	0.60
12   7	|	40	42	41	3	48	0.30
12   8	|	0	0	2	0	2	0.00
12   9	|	21	28	32	3	14	0.30
12   10	|	0	3	1	1	0	0.00
12   11	|	2	3	4	0	0	0.33
12   12	|	18	19	27	8	29	0.22
12   13	|	4	10	8	2	39	0.08
12   14	|	2	5	6	1	13	0.09
12   15	|	3	2	2	1	17	0.13
12   16	|	0	1	0	0	0	 - 
12   18	|	0	0	1	1	6	0.00
12   22	|	6	8	16	9	58	0.07
12   23	|	2	6	20	10	66	0.02
12   24	|	0	3	7	2	24	0.00
12   28	|	0	0	0	1	2	0.00
12   29	|	0	1	0	0	1	0.00
12   30	|	0	0	0	0	9	0.00
12   32	|	5	9	9	2	13	0.17
12   33	|	0	0	1	0	3	0.00
12   34	|	26	35	27	2	44	0.26
12   35	|	2	6	5	0	13	0.10
12   36	|	16	16	24	6	25	0.23
12   37	|	4	5	8	4	17	0.12
12   38	|	1	2	3	1	1	0.17
12   39	|	1	1	0	0	5	0.17
12   40	|	12	20	22	5	38	0.16
12   41	|	41	65	65	9	126	0.17
12   42	|	4	9	27	5	64	0.04
12   43	|	2	2	6	2	20	0.07
12   44	|	2	0	2	0	3	0.29
12   48	|	1	4	21	8	54	0.01
12   49	|	0	1	2	0	12	0.00
12   50	|	0	0	0	0	4	0.00
12   52	|	0	0	8	2	26	0.00
12   53	|	3	4	16	2	87	0.03

13   1	|	10	15	13	2	7	0.31
13   2	|	2	1	2	0	2	0.33
13   3	|	22	17	28	3	25	0.28
13   4	|	1	1	0	0	1	0.50
13   5	|	0	1	2	0	1	0.00
13   6	|	0	0	1	1	1	0.00
13   7	|	8	10	17	2	35	0.13
13   8	|	0	0	0	1	1	0.00
13   9	|	4	11	10	3	14	0.13
13   10	|	0	2	0	0	1	0.00
13   11	|	0	2	0	1	0	0.00
13   12	|	4	10	11	3	29	0.09
13   13	|	3	4	10	6	40	0.05
13   14	|	0	3	1	1	7	0.00
13   15	|	1	1	3	1	9	0.07
13   16	|	0	0	1	0	0	0.00
13   18	|	0	1	0	1	4	0.00
13   22	|	3	1	7	4	45	0.05
13   23	|	0	9	13	8	69	0.00
13   24	|	1	1	6	0	20	0.04
13   28	|	0	0	0	2	1	0.00
13   29	|	0	0	0	1	0	0.00
13   30	|	0	0	2	0	7	0.00
13   32	|	1	3	4	1	7	0.08
13   33	|	1	0	1	0	1	0.33
13   34	|	4	10	12	2	26	0.09
13   35	|	0	4	4	3	7	0.00
13   36	|	6	8	5	5	26	0.14
13   37	|	2	4	10	2	10	0.08
13   38	|	0	1	0	2	0	0.00
13   39	|	1	1	0	1	5	0.14
13   40	|	4	4	7	2	26	0.10
13   41	|	9	22	32	19	107	0.05
13   42	|	4	4	21	10	85	0.03
13   43	|	0	2	3	3	12	0.00
13   44	|	1	0	1	1	2	0.20
13   48	|	2	4	21	1	56	0.03
13   49	|	0	0	3	0	14	0.00
13   50	|	1	0	0	0	5	0.17
13   52	|	1	0	9	3	26	0.03
13   53	|	1	1	10	2	63	0.01

14   1	|	5	5	8	0	4	0.29
14   2	|	0	0	0	0	1	0.00
14   3	|	13	18	12	3	18	0.28
14   4	|	0	0	0	0	1	0.00
14   5	|	2	0	0	0	1	0.67
14   6	|	0	1	0	0	2	0.00
14   7	|	7	5	7	3	9	0.27
14   8	|	0	0	0	0	2	0.00
14   9	|	6	2	6	3	12	0.22
14   10	|	0	0	1	0	0	0.00
14   11	|	1	0	1	0	0	0.50
14   12	|	5	9	4	3	21	0.15
14   13	|	1	4	7	1	30	0.03
14   14	|	3	0	2	1	9	0.20
14   15	|	0	3	2	0	13	0.00
14   16	|	0	0	0	1	0	0.00
14   18	|	0	0	0	1	5	0.00
14   22	|	0	1	9	3	27	0.00
14   23	|	0	8	13	4	69	0.00
14   24	|	0	3	5	3	9	0.00
14   28	|	0	0	0	0	2	0.00
14   29	|	0	0	0	0	2	0.00
14   30	|	0	0	1	0	4	0.00
14   32	|	2	1	4	0	8	0.14
14   33	|	1	0	0	0	0	1.00
14   34	|	5	6	16	2	28	0.10
14   35	|	0	0	1	0	9	0.00
14   36	|	0	4	5	3	16	0.00
14   37	|	2	1	6	4	15	0.07
14   39	|	3	1	0	0	1	0.75
14   40	|	3	4	10	2	27	0.07
14   41	|	7	14	33	10	88	0.05
14   42	|	5	8	10	1	57	0.07
14   43	|	1	2	2	1	7	0.09
14   44	|	0	0	1	0	1	0.00
14   48	|	2	3	19	3	65	0.02
14   49	|	0	1	1	1	17	0.00
14   50	|	0	0	0	0	2	0.00
14   52	|	0	1	4	1	16	0.00
14   53	|	1	1	8	3	48	0.02

15   1	|	2	4	1	0	2	0.40
15   2	|	0	0	0	0	1	0.00
15   3	|	7	9	8	0	2	0.41
15   6	|	0	0	1	0	1	0.00
15   7	|	1	4	2	0	0	0.33
15   9	|	1	0	1	0	0	0.50
15   12	|	0	0	2	0	2	0.00
15   13	|	0	0	1	0	3	0.00
15   14	|	0	1	0	0	0	 - 
15   15	|	0	0	0	0	1	0.00
15   22	|	0	0	1	1	0	0.00
15   23	|	0	0	1	1	1	0.00
15   30	|	0	0	0	0	1	0.00
15   32	|	0	0	2	0	0	0.00
15   34	|	1	1	0	1	0	0.50
15   35	|	0	0	0	0	1	0.00
15   36	|	0	0	3	0	1	0.00
15   37	|	1	0	1	0	0	0.50
15   40	|	0	0	0	0	1	0.00
15   41	|	3	3	3	0	1	0.43
15   42	|	0	1	0	0	1	0.00
15   43	|	1	0	0	0	0	1.00
15   48	|	0	0	1	0	0	0.00
15   49	|	0	1	0	0	0	 - 
15   53	|	0	0	1	0	1	0.00

16   1	|	10	6	6	1	3	0.50
16   2	|	1	2	1	0	1	0.33
16   3	|	13	17	19	4	17	0.25
16   4	|	2	5	2	0	3	0.29
16   5	|	1	0	2	1	3	0.14
16   6	|	1	1	2	0	0	0.33
16   7	|	11	6	13	4	25	0.21
16   8	|	0	7	0	0	3	0.00
16   9	|	1	5	9	3	16	0.03
16   10	|	2	5	2	1	6	0.18
16   11	|	0	0	1	0	0	0.00
16   12	|	4	19	18	5	39	0.06
16   13	|	10	29	28	10	58	0.09
16   14	|	3	5	5	3	6	0.18
16   15	|	3	6	11	0	17	0.10
16   16	|	0	1	0	0	1	0.00
16   18	|	0	2	3	2	3	0.00
16   22	|	2	9	18	11	72	0.02
16   23	|	6	25	36	27	119	0.03
16   24	|	1	6	9	1	21	0.03
16   28	|	0	0	0	0	12	0.00
16   29	|	0	1	2	1	1	0.00
16   30	|	0	2	2	2	9	0.00
16   32	|	4	4	2	0	10	0.25
16   33	|	2	2	2	0	1	0.40
16   34	|	6	16	19	2	28	0.11
16   35	|	3	12	5	3	16	0.11
16   36	|	4	11	10	6	34	0.07
16   37	|	11	22	19	7	53	0.12
16   38	|	1	0	1	1	1	0.25
16   39	|	2	2	4	0	4	0.20
16   40	|	6	8	24	4	59	0.06
16   41	|	15	35	68	19	143	0.06
16   42	|	19	38	62	14	109	0.09
16   43	|	3	7	8	4	19	0.09
16   44	|	0	1	1	0	1	0.00
16   48	|	5	12	29	13	89	0.04
16   49	|	1	1	5	1	6	0.08
16   50	|	0	0	1	0	4	0.00
16   52	|	2	9	14	6	38	0.03
16   53	|	0	12	25	12	102	0.00

17   1	|	1	1	1	0	1	0.33
17   3	|	3	1	4	0	3	0.30
17   4	|	1	0	0	0	0	1.00
17   7	|	1	3	0	0	2	0.33
17   8	|	0	2	0	0	0	 - 
17   9	|	2	1	4	0	0	0.33
17   12	|	1	1	3	1	5	0.10
17   13	|	1	1	1	1	5	0.13
17   14	|	0	1	0	0	0	 - 
17   15	|	0	1	0	1	1	0.00
17   18	|	0	0	0	0	1	0.00
17   22	|	2	0	0	1	3	0.33
17   23	|	0	0	4	0	6	0.00
17   24	|	0	0	0	1	0	0.00
17   28	|	0	0	1	0	0	0.00
17   30	|	0	1	0	0	0	 - 
17   32	|	0	3	0	0	0	 - 
17   33	|	0	0	1	0	0	0.00
17   34	|	2	3	1	0	1	0.50
17   35	|	0	0	2	0	3	0.00
17   36	|	1	2	0	0	1	0.50
17   37	|	0	2	1	1	3	0.00
17   39	|	0	0	0	1	0	0.00
17   40	|	0	2	2	0	5	0.00
17   41	|	1	2	5	0	10	0.06
17   42	|	4	5	4	1	6	0.27
17   48	|	0	0	0	0	5	0.00
17   49	|	0	1	0	0	1	0.00
17   52	|	0	1	0	0	1	0.00
17   53	|	0	0	1	0	4	0.00

18   1	|	1	2	1	0	1	0.33
18   3	|	2	2	7	0	5	0.14
18   4	|	1	0	0	0	0	1.00
18   6	|	0	1	0	0	0	 - 
18   7	|	2	2	3	0	3	0.25
18   9	|	0	2	2	0	1	0.00
18   12	|	0	1	1	0	3	0.00
18   14	|	0	0	1	0	1	0.00
18   15	|	0	1	0	0	1	0.00
18   22	|	1	0	2	1	0	0.25
18   23	|	0	0	0	0	2	0.00
18   24	|	0	1	0	1	0	0.00
18   32	|	0	0	0	1	1	0.00
18   33	|	0	1	0	0	0	 - 
18   34	|	2	0	3	0	0	0.40
18   36	|	1	1	0	0	0	1.00
18   37	|	1	1	0	0	1	0.50
18   39	|	1	0	1	0	1	0.33
18   40	|	0	1	3	0	1	0.00
18   41	|	3	3	3	0	1	0.43
18   42	|	0	1	0	0	2	0.00
18   43	|	0	1	0	0	0	 - 
18   48	|	0	0	0	1	2	0.00
18   53	|	0	0	0	0	4	0.00

20   1	|	1	1	3	0	3	0.14
20   3	|	7	6	7	1	5	0.35
20   4	|	0	1	0	0	0	 - 
20   6	|	0	0	0	0	1	0.00
20   7	|	1	3	4	0	6	0.09
20   8	|	0	0	1	0	0	0.00
20   9	|	0	3	1	0	2	0.00
20   12	|	4	1	7	0	6	0.24
20   13	|	0	0	1	0	1	0.00
20   14	|	0	1	2	0	1	0.00
20   15	|	1	0	0	0	3	0.25
20   18	|	1	0	0	0	0	1.00
20   22	|	1	2	2	0	4	0.14
20   23	|	0	1	1	0	9	0.00
20   28	|	0	0	0	0	1	0.00
20   29	|	0	0	0	0	1	0.00
20   31	|	0	2	0	0	2	0.00
20   32	|	1	0	1	0	1	0.33
20   34	|	0	0	3	0	5	0.00
20   35	|	0	0	0	0	1	0.00
20   36	|	1	1	1	1	5	0.13
20   37	|	2	0	5	0	4	0.18
20   39	|	1	0	2	0	0	0.33
20   40	|	0	2	5	1	14	0.00
20   41	|	3	6	9	3	16	0.10
20   42	|	3	4	5	1	8	0.18
20   43	|	0	0	4	0	1	0.00
20   44	|	0	1	0	0	0	 - 
20   48	|	2	4	5	1	17	0.08
20   49	|	0	1	2	1	8	0.00
20   50	|	0	1	0	3	0	0.00
20   52	|	0	2	3	1	5	0.00
20   53	|	1	4	8	0	10	0.05

21   1	|	21	14	27	0	21	0.30
21   2	|	1	0	0	0	1	0.50
21   3	|	40	30	39	1	40	0.33
21   4	|	1	2	2	0	1	0.25
21   5	|	0	1	1	0	2	0.00
21   6	|	1	0	2	0	2	0.20
21   7	|	9	8	26	2	26	0.14
21   8	|	0	1	4	0	0	0.00
21   9	|	22	28	25	2	27	0.29
21   10	|	0	1	0	0	0	 - 
21   11	|	0	0	1	0	0	0.00
21   12	|	22	20	24	3	31	0.28
21   13	|	2	4	3	0	7	0.17
21   14	|	1	5	6	0	5	0.08
21   15	|	2	3	5	1	12	0.10
21   16	|	0	0	0	0	1	0.00
21   18	|	0	0	3	2	3	0.00
21   22	|	8	8	8	1	29	0.17
21   23	|	2	4	10	3	39	0.04
21   24	|	0	4	3	0	9	0.00
21   28	|	0	1	1	0	1	0.00
21   29	|	0	0	1	0	0	0.00
21   30	|	1	3	0	1	3	0.20
21   31	|	5	9	9	0	12	0.19
21   32	|	3	1	5	0	10	0.17
21   33	|	1	0	0	0	0	1.00
21   34	|	6	14	14	3	27	0.12
21   35	|	2	1	3	1	3	0.22
21   36	|	13	15	15	2	10	0.33
21   37	|	5	1	2	2	13	0.23
21   38	|	2	6	0	0	2	0.50
21   39	|	0	3	3	0	2	0.00
21   40	|	11	8	14	4	20	0.22
21   41	|	18	21	48	6	76	0.12
21   42	|	3	9	11	10	47	0.04
21   43	|	4	3	6	1	13	0.17
21   44	|	0	0	0	0	2	0.00
21   48	|	5	5	20	5	54	0.06
21   49	|	1	2	8	2	19	0.03
21   50	|	1	0	1	2	9	0.08
21   52	|	0	5	5	1	18	0.00
21   53	|	1	5	13	6	75	0.01

22   1	|	7	3	7	1	5	0.35
22   2	|	0	1	1	1	0	0.00
22   3	|	13	11	22	3	22	0.22
22   4	|	0	2	1	0	2	0.00
22   5	|	0	1	6	0	5	0.00
22   6	|	1	0	1	0	1	0.33
22   7	|	2	8	12	2	27	0.05
22   8	|	0	1	1	0	6	0.00
22   9	|	5	9	12	4	23	0.11
22   10	|	0	2	2	0	4	0.00
22   11	|	1	0	0	1	0	0.50
22   12	|	10	2	21	5	60	0.10
22   13	|	2	7	15	5	43	0.03
22   14	|	1	1	7	2	16	0.04
22   15	|	0	2	7	4	23	0.00
22   16	|	0	0	1	0	1	0.00
22   17	|	0	0	1	0	2	0.00
22   18	|	0	2	6	1	13	0.00
22   22	|	4	9	20	4	65	0.04
22   23	|	5	15	34	11	133	0.03
22   24	|	3	5	10	4	26	0.07
22   28	|	0	0	0	1	2	0.00
22   29	|	1	0	0	0	3	0.25
22   30	|	0	2	0	0	8	0.00
22   31	|	1	2	12	3	20	0.03
22   32	|	1	1	4	2	9	0.06
22   33	|	0	0	2	1	3	0.00
22   34	|	4	6	16	8	32	0.07
22   35	|	2	1	6	6	22	0.06
22   36	|	2	5	17	4	35	0.03
22   37	|	4	8	20	6	42	0.06
22   38	|	0	0	1	0	4	0.00
22   39	|	0	4	8	1	11	0.00
22   40	|	4	8	13	8	40	0.06
22   41	|	14	24	62	7	150	0.06
22   42	|	7	13	47	16	193	0.03
22   43	|	2	5	11	4	50	0.03
22   44	|	0	1	3	1	7	0.00
22   48	|	7	26	65	30	257	0.02
22   49	|	3	9	36	6	144	0.02
22   50	|	2	4	8	4	47	0.03
22   52	|	1	9	18	4	70	0.01
22   53	|	4	24	49	18	247	0.01

23   1	|	10	4	15	2	9	0.28
23   2	|	0	0	2	0	0	0.00
23   3	|	11	24	26	6	48	0.12
23   4	|	0	0	1	0	1	0.00
23   5	|	1	1	1	0	3	0.20
23   6	|	0	2	3	0	0	0.00
23   7	|	10	7	20	12	60	0.10
23   8	|	1	1	1	0	6	0.13
23   9	|	6	14	16	3	42	0.09
23   10	|	1	0	0	0	2	0.33
23   11	|	1	0	1	0	2	0.25
23   12	|	9	9	28	7	71	0.08
23   13	|	2	9	24	9	69	0.02
23   14	|	1	0	5	0	11	0.06
23   15	|	1	9	3	1	22	0.04
23   16	|	0	0	0	0	2	0.00
23   17	|	0	0	1	0	2	0.00
23   18	|	0	1	2	1	2	0.00
23   22	|	4	7	15	7	104	0.03
23   23	|	0	5	18	5	81	0.00
23   24	|	0	4	4	1	18	0.00
23   28	|	0	0	3	0	12	0.00
23   29	|	1	0	0	1	4	0.17
23   30	|	1	0	2	1	17	0.05
23   31	|	2	4	5	4	11	0.09
23   32	|	0	3	2	7	14	0.00
23   33	|	0	0	1	0	4	0.00
23   34	|	9	12	24	8	54	0.09
23   35	|	1	3	2	3	16	0.05
23   36	|	6	9	18	5	45	0.08
23   37	|	3	4	10	2	21	0.08
23   38	|	3	0	1	0	2	0.50
23   39	|	0	4	1	0	8	0.00
23   40	|	3	11	12	14	63	0.03
23   41	|	9	22	72	24	250	0.03
23   42	|	0	3	8	3	22	0.00
23   43	|	0	1	0	1	5	0.00
23   44	|	0	2	0	0	3	0.00
23   48	|	1	3	2	3	22	0.04
23   52	|	0	3	3	1	13	0.00
23   53	|	1	3	9	5	47	0.02

24   1	|	5	4	7	1	7	0.25
24   2	|	1	0	0	0	0	1.00
24   3	|	3	8	14	1	21	0.08
24   4	|	0	0	1	1	1	0.00
24   5	|	0	0	1	0	1	0.00
24   6	|	0	1	1	0	0	0.00
24   7	|	4	4	8	4	31	0.09
24   8	|	0	0	2	0	4	0.00
24   9	|	4	5	11	1	18	0.12
24   10	|	0	0	1	0	4	0.00
24   11	|	0	0	0	0	1	0.00
24   12	|	5	6	11	1	33	0.10
24   13	|	0	3	3	5	50	0.00
24   14	|	1	2	1	1	7	0.10
24   15	|	0	0	3	1	16	0.00
24   16	|	0	0	1	1	0	0.00
24   17	|	0	1	2	0	1	0.00
24   18	|	0	0	0	0	3	0.00
24   22	|	0	1	7	2	47	0.00
24   23	|	3	4	10	4	36	0.06
24   24	|	2	0	3	0	9	0.14
24   28	|	0	0	0	0	4	0.00
24   29	|	0	0	1	0	2	0.00
24   30	|	1	0	0	0	5	0.17
24   31	|	2	1	2	0	5	0.22
24   32	|	0	0	4	1	4	0.00
24   33	|	0	0	1	0	1	0.00
24   34	|	3	3	12	1	26	0.07
24   35	|	0	0	3	1	13	0.00
24   36	|	3	8	9	4	20	0.08
24   37	|	2	3	2	0	28	0.06
24   38	|	1	1	2	0	3	0.17
24   39	|	0	0	0	0	3	0.00
24   40	|	4	5	6	2	35	0.09
24   41	|	8	16	29	6	161	0.04
24   42	|	1	3	2	2	31	0.03
24   43	|	0	1	0	0	3	0.00
24   44	|	1	0	1	1	1	0.25
24   48	|	0	0	0	0	15	0.00
24   52	|	1	2	1	0	8	0.10
24   53	|	1	2	3	6	36	0.02

25   1	|	1	2	2	0	1	0.25
25   2	|	0	0	0	0	1	0.00
25   3	|	6	6	1	0	2	0.67
25   4	|	0	0	0	0	1	0.00
25   5	|	0	0	1	0	0	0.00
25   6	|	0	0	0	0	1	0.00
25   7	|	2	0	1	0	0	0.67
25   9	|	2	1	1	1	2	0.33
25   10	|	0	0	0	0	1	0.00
25   11	|	0	2	0	0	0	 - 
25   12	|	3	0	1	0	2	0.50
25   13	|	1	0	0	0	5	0.17
25   14	|	0	0	0	0	1	0.00
25   15	|	0	0	1	0	1	0.00
25   22	|	0	2	1	0	3	0.00
25   23	|	1	0	0	0	6	0.14
25   24	|	0	0	0	0	1	0.00
25   30	|	0	0	1	0	0	0.00
25   32	|	0	0	1	0	1	0.00
25   34	|	0	0	0	0	1	0.00
25   35	|	0	1	1	1	1	0.00
25   36	|	0	0	0	0	1	0.00
25   37	|	1	0	1	0	4	0.17
25   39	|	0	0	0	0	1	0.00
25   40	|	1	0	2	0	1	0.25
25   41	|	1	3	5	1	7	0.07
25   42	|	3	1	2	5	5	0.20
25   43	|	0	0	1	0	1	0.00
25   48	|	0	1	3	0	12	0.00
25   49	|	0	0	0	0	8	0.00
25   50	|	0	1	0	0	3	0.00
25   52	|	1	0	0	0	2	0.33
25   53	|	1	1	2	1	19	0.04

26   1	|	1	0	2	1	2	0.17
26   3	|	5	2	2	1	2	0.50
26   7	|	0	2	1	0	2	0.00
26   9	|	1	1	1	0	2	0.25
26   12	|	4	2	1	1	7	0.31
26   13	|	0	1	3	0	8	0.00
26   14	|	0	0	1	0	3	0.00
26   15	|	0	0	0	2	3	0.00
26   16	|	0	0	1	1	0	0.00
26   17	|	0	0	0	1	0	0.00
26   18	|	0	0	0	0	2	0.00
26   22	|	0	1	6	0	13	0.00
26   23	|	1	2	6	3	19	0.03
26   24	|	0	1	1	0	5	0.00
26   28	|	1	0	0	0	1	0.50
26   29	|	0	0	0	0	3	0.00
26   30	|	0	0	1	0	0	0.00
26   32	|	1	1	1	1	2	0.20
26   34	|	1	0	3	1	5	0.10
26   35	|	0	0	1	0	1	0.00
26   36	|	0	1	3	2	8	0.00
26   37	|	0	1	2	0	5	0.00
26   39	|	0	0	0	0	2	0.00
26   40	|	0	1	3	0	7	0.00
26   41	|	3	7	7	1	20	0.10
26   42	|	2	1	3	1	19	0.08
26   43	|	0	1	0	2	4	0.00
26   44	|	0	0	0	0	1	0.00
26   48	|	0	2	1	0	26	0.00
26   49	|	0	1	0	0	3	0.00
26   50	|	0	0	0	0	2	0.00
26   52	|	0	0	1	1	8	0.00
26   53	|	1	3	4	2	22	0.03

30   1	|	5	0	5	0	3	0.38
30   2	|	1	0	0	0	0	1.00
30   3	|	10	9	8	0	10	0.36
30   4	|	0	1	0	0	0	 - 
30   6	|	2	0	0	0	0	1.00
30   7	|	3	1	4	2	9	0.17
30   8	|	1	0	0	0	1	0.50
30   9	|	10	2	10	0	7	0.37
30   11	|	1	0	0	0	1	0.50
30   12	|	1	3	1	0	3	0.20
30   13	|	1	0	1	0	1	0.33
30   14	|	0	0	1	0	1	0.00
30   15	|	1	0	1	0	1	0.33
30   19	|	1	11	8	1	10	0.05
30   21	|	1	0	0	0	2	0.33
30   22	|	1	0	2	0	3	0.17
30   23	|	0	1	0	0	2	0.00
30   24	|	0	0	0	0	1	0.00
30   25	|	0	3	3	1	5	0.00
30   26	|	0	0	0	0	1	0.00
30   27	|	0	0	1	1	0	0.00
30   28	|	0	0	1	0	0	0.00
30   30	|	0	0	1	0	0	0.00
30   32	|	0	1	1	0	3	0.00
30   34	|	0	1	0	1	2	0.00
30   35	|	0	0	0	0	3	0.00
30   36	|	1	0	2	0	1	0.25
30   37	|	0	1	0	0	0	 - 
30   38	|	0	0	2	0	0	0.00
30   39	|	0	0	0	0	1	0.00
30   40	|	1	5	1	0	2	0.25
30   41	|	0	4	5	0	4	0.00
30   42	|	0	0	1	0	1	0.00
30   43	|	1	1	0	0	1	0.50
30   44	|	1	0	0	0	1	0.50
30   45	|	1	3	4	3	11	0.05
30   46	|	0	1	1	0	2	0.00
30   48	|	0	0	0	0	2	0.00
30   50	|	0	1	0	0	0	 - 
30   51	|	0	1	2	1	5	0.00
30   53	|	0	2	0	0	1	0.00

31   1	|	13	4	7	0	7	0.48
31   2	|	0	0	3	0	1	0.00
31   3	|	17	11	14	0	11	0.40
31   4	|	0	0	1	0	0	0.00
31   6	|	0	0	0	0	1	0.00
31   7	|	4	4	12	1	8	0.16
31   9	|	9	8	12	0	7	0.32
31   11	|	2	0	0	0	1	0.67
31   12	|	0	10	7	0	16	0.00
31   13	|	0	2	3	0	2	0.00
31   14	|	2	4	1	0	4	0.29
31   15	|	0	0	1	0	2	0.00
31   18	|	0	0	1	0	1	0.00
31   19	|	12	8	15	4	29	0.20
31   20	|	0	1	3	0	2	0.00
31   21	|	1	1	3	0	5	0.11
31   22	|	0	1	5	0	7	0.00
31   23	|	0	1	1	0	2	0.00
31   24	|	2	2	0	0	0	1.00
31   25	|	1	3	4	0	3	0.13
31   26	|	0	0	0	0	5	0.00
31   27	|	1	1	0	0	2	0.33
31   30	|	0	0	1	0	1	0.00
31   32	|	0	3	0	1	2	0.00
31   34	|	4	6	6	2	3	0.27
31   35	|	1	0	0	0	1	0.50
31   36	|	7	8	1	0	3	0.64
31   37	|	1	0	0	0	2	0.33
31   38	|	0	0	1	0	0	0.00
31   39	|	0	0	0	0	1	0.00
31   40	|	6	6	4	1	4	0.40
31   41	|	9	5	10	1	10	0.30
31   42	|	0	0	3	1	3	0.00
31   43	|	0	0	2	0	0	0.00
31   44	|	0	1	0	0	0	 - 
31   45	|	2	8	13	2	38	0.04
31   46	|	0	1	2	0	10	0.00
31   47	|	1	0	1	0	1	0.33
31   48	|	0	1	0	0	2	0.00
31   49	|	0	1	0	0	0	 - 
31   50	|	0	1	0	0	1	0.00
31   51	|	2	2	7	1	14	0.08
31   53	|	1	1	2	1	4	0.13

32   1	|	5	4	5	0	7	0.29
32   2	|	2	0	2	0	0	0.50
32   3	|	14	10	12	0	10	0.39
32   4	|	1	0	0	0	0	1.00
32   6	|	1	0	0	0	0	1.00
32   7	|	4	6	6	1	4	0.27
32   9	|	5	3	7	0	8	0.25
32   11	|	2	0	1	0	0	0.67
32   12	|	2	8	7	1	6	0.13
32   13	|	0	2	4	0	2	0.00
32   14	|	3	2	0	0	2	0.60
32   15	|	0	0	0	0	2	0.00
32   16	|	0	0	0	0	1	0.00
32   18	|	0	1	0	0	0	 - 
32   19	|	3	5	13	0	25	0.07
32   20	|	1	0	0	0	3	0.25
32   21	|	1	1	2	0	1	0.25
32   22	|	1	2	2	0	4	0.14
32   23	|	0	1	1	0	5	0.00
32   24	|	0	2	0	1	1	0.00
32   25	|	0	1	3	0	5	0.00
32   26	|	0	2	0	0	1	0.00
32   27	|	1	1	0	0	0	1.00
32   28	|	0	0	0	0	1	0.00
32   32	|	3	2	3	0	3	0.33
32   34	|	1	4	3	1	7	0.08
32   35	|	0	0	0	0	1	0.00
32   36	|	4	5	2	0	4	0.40
32   37	|	1	0	1	0	0	0.50
32   38	|	1	0	0	0	0	1.00
32   39	|	1	1	0	0	0	1.00
32   40	|	2	2	7	0	6	0.13
32   41	|	2	8	7	2	9	0.10
32   42	|	1	0	1	0	2	0.25
32   43	|	1	2	1	0	2	0.25
32   45	|	5	5	11	3	28	0.11
32   46	|	0	0	1	0	4	0.00
32   47	|	0	1	1	0	3	0.00
32   48	|	2	1	0	0	4	0.33
32   51	|	0	2	5	0	14	0.00
32   52	|	0	0	0	0	1	0.00
32   53	|	0	1	0	0	8	0.00

33   1	|	4	2	1	0	2	0.57
33   3	|	2	3	0	0	6	0.25
33   6	|	0	0	1	0	0	0.00
33   7	|	1	0	4	0	2	0.14
33   9	|	1	5	7	0	1	0.11
33   12	|	0	0	2	0	1	0.00
33   13	|	0	0	1	0	3	0.00
33   14	|	1	0	0	0	0	1.00
33   19	|	2	3	5	1	13	0.10
33   20	|	0	0	1	0	1	0.00
33   21	|	0	1	0	0	2	0.00
33   22	|	0	1	0	1	0	0.00
33   23	|	0	0	1	0	4	0.00
33   24	|	0	0	1	0	0	0.00
33   25	|	0	0	1	0	5	0.00
33   30	|	0	0	0	0	1	0.00
33   34	|	1	1	0	0	2	0.33
33   36	|	0	1	1	0	3	0.00
33   39	|	0	1	0	0	0	 - 
33   40	|	1	0	1	0	0	0.50
33   41	|	1	2	1	0	6	0.13
33   42	|	0	0	0	0	2	0.00
33   43	|	0	0	0	0	3	0.00
33   45	|	2	2	6	1	8	0.12
33   46	|	0	1	0	0	7	0.00
33   47	|	0	0	0	0	1	0.00
33   48	|	0	0	0	0	1	0.00
33   49	|	0	0	0	0	1	0.00
33   51	|	0	2	2	0	9	0.00
33   53	|	0	0	0	0	3	0.00

34   7	|	0	0	2	0	0	0.00
34   12	|	0	0	0	0	1	0.00
34   15	|	0	0	1	0	0	0.00
34   19	|	1	2	2	0	2	0.20
34   22	|	0	0	0	0	1	0.00
34   23	|	0	0	0	0	1	0.00
34   25	|	0	1	0	0	0	 - 
34   34	|	0	1	0	0	0	 - 
34   41	|	0	2	1	0	3	0.00
34   42	|	0	0	0	0	1	0.00
34   43	|	0	0	0	0	1	0.00
34   45	|	0	1	3	0	11	0.00
34   46	|	0	0	0	0	2	0.00
34   48	|	0	0	1	0	2	0.00
34   49	|	0	0	0	0	1	0.00
34   51	|	0	0	2	0	6	0.00
34   52	|	0	0	0	0	1	0.00
34   53	|	0	1	0	0	2	0.00

35   1	|	0	2	0	0	1	0.00
35   3	|	1	1	1	1	5	0.13
35   7	|	1	0	2	0	2	0.20
35   9	|	2	2	1	0	0	0.67
35   12	|	1	2	3	0	7	0.09
35   13	|	0	1	0	0	3	0.00
35   14	|	0	0	1	0	5	0.00
35   15	|	0	1	0	0	0	 - 
35   16	|	0	0	0	0	1	0.00
35   19	|	2	6	3	1	11	0.12
35   20	|	0	0	0	0	3	0.00
35   21	|	0	0	0	0	3	0.00
35   22	|	0	1	1	1	2	0.00
35   23	|	0	0	1	0	3	0.00
35   24	|	0	0	1	0	1	0.00
35   25	|	0	0	2	0	6	0.00
35   26	|	0	0	0	0	1	0.00
35   27	|	1	2	1	0	1	0.33
35   32	|	0	0	1	0	0	0.00
35   34	|	0	0	2	0	4	0.00
35   35	|	0	0	1	0	0	0.00
35   36	|	1	0	0	0	1	0.50
35   40	|	0	2	4	0	0	0.00
35   41	|	3	3	6	0	8	0.18
35   42	|	1	0	4	1	2	0.13
35   43	|	0	0	1	0	2	0.00
35   45	|	5	4	8	1	44	0.09
35   46	|	2	1	1	1	17	0.10
35   47	|	0	1	0	0	1	0.00
35   48	|	0	0	3	1	5	0.00
35   49	|	0	0	1	0	0	0.00
35   50	|	0	0	1	0	0	0.00
35   51	|	1	0	5	3	22	0.03
35   52	|	0	0	0	0	3	0.00
35   53	|	0	1	3	1	5	0.00

36   1	|	0	1	1	0	0	0.00
36   3	|	0	0	0	0	2	0.00
36   7	|	2	1	1	0	2	0.40
36   9	|	0	0	0	0	1	0.00
36   10	|	0	1	0	0	0	 - 
36   12	|	0	0	2	0	6	0.00
36   13	|	0	0	2	1	6	0.00
36   14	|	0	0	0	0	1	0.00
36   15	|	0	1	0	0	3	0.00
36   16	|	0	0	0	0	1	0.00
36   18	|	0	0	0	0	1	0.00
36   19	|	0	3	8	7	47	0.00
36   20	|	0	0	4	0	6	0.00
36   21	|	0	0	0	0	1	0.00
36   22	|	0	0	1	0	9	0.00
36   23	|	0	1	0	1	6	0.00
36   24	|	0	0	0	0	1	0.00
36   25	|	0	4	1	0	18	0.00
36   26	|	1	0	0	0	3	0.25
36   30	|	0	0	0	0	6	0.00
36   32	|	0	1	0	1	0	0.00
36   34	|	0	1	0	0	7	0.00
36   35	|	0	0	0	0	2	0.00
36   36	|	0	1	0	1	1	0.00
36   37	|	0	0	1	0	0	0.00
36   39	|	0	1	0	0	0	 - 
36   40	|	0	1	2	1	7	0.00
36   41	|	0	1	2	2	18	0.00
36   45	|	1	0	3	0	2	0.17
36   52	|	0	1	0	0	1	0.00
36   53	|	0	0	1	0	2	0.00

37   1	|	0	1	0	0	1	0.00
37   7	|	0	0	0	0	2	0.00
37   12	|	1	0	2	1	7	0.09
37   13	|	0	0	1	0	4	0.00
37   14	|	1	0	0	1	2	0.25
37   15	|	0	1	1	1	2	0.00
37   18	|	0	0	0	0	1	0.00
37   19	|	2	2	7	4	38	0.04
37   20	|	0	0	3	0	10	0.00
37   21	|	0	0	0	0	2	0.00
37   22	|	0	3	1	1	5	0.00
37   23	|	1	1	3	2	24	0.03
37   24	|	1	0	0	0	9	0.10
37   25	|	1	1	1	1	14	0.06
37   26	|	0	0	0	1	3	0.00
37   27	|	0	0	1	1	3	0.00
37   32	|	0	0	1	0	0	0.00
37   33	|	0	0	0	0	1	0.00
37   34	|	1	0	1	1	1	0.25
37   35	|	1	0	0	0	0	1.00
37   36	|	0	0	0	0	1	0.00
37   37	|	0	1	1	0	1	0.00
37   39	|	0	0	1	1	0	0.00
37   40	|	0	1	1	0	5	0.00
37   41	|	1	1	5	3	17	0.04
37   42	|	0	4	3	2	20	0.00
37   43	|	0	2	0	0	4	0.00
37   45	|	2	7	22	14	153	0.01
37   46	|	0	1	5	0	53	0.00
37   47	|	0	1	1	0	11	0.00
37   48	|	0	0	3	0	30	0.00
37   49	|	0	0	1	2	10	0.00
37   50	|	0	0	0	0	3	0.00
37   51	|	1	6	10	5	120	0.01
37   52	|	0	0	1	1	6	0.00
37   53	|	0	1	2	2	26	0.00

38   3	|	0	1	0	0	0	 - 
38   7	|	0	0	1	0	2	0.00
38   9	|	1	0	0	0	0	1.00
38   12	|	0	1	0	0	3	0.00
38   13	|	0	0	1	0	1	0.00
38   19	|	1	1	4	0	39	0.02
38   20	|	0	0	1	0	3	0.00
38   21	|	0	1	0	0	0	 - 
38   22	|	0	0	0	0	6	0.00
38   23	|	0	0	0	0	1	0.00
38   24	|	0	0	1	0	0	0.00
38   25	|	0	0	0	0	8	0.00
38   26	|	0	0	0	0	1	0.00
38   34	|	0	0	1	1	4	0.00
38   35	|	0	1	0	0	0	 - 
38   36	|	0	0	0	0	4	0.00
38   40	|	0	0	0	0	4	0.00
38   41	|	0	0	4	0	5	0.00
38   43	|	0	0	0	0	2	0.00
38   45	|	0	0	1	0	2	0.00
38   46	|	0	0	1	0	0	0.00
38   51	|	0	0	0	0	2	0.00
38   52	|	0	0	0	0	1	0.00

39   3	|	1	0	0	0	0	1.00
39   14	|	0	1	0	0	0	 - 
39   19	|	0	0	1	1	2	0.00
39   20	|	0	0	1	0	0	0.00
39   21	|	0	0	0	0	1	0.00
39   23	|	0	0	1	0	0	0.00
39   25	|	0	0	1	0	1	0.00
39   26	|	1	0	0	0	1	0.50
39   27	|	0	0	0	0	1	0.00
39   45	|	1	1	0	0	8	0.11
39   46	|	0	0	1	0	3	0.00
39   47	|	0	0	0	0	1	0.00
39   48	|	0	0	1	0	0	0.00
39   49	|	0	0	0	0	2	0.00
39   51	|	0	0	1	0	3	0.00
39   52	|	0	0	1	0	0	0.00
39   53	|	0	1	0	0	3	0.00

40   1	|	0	2	1	0	1	0.00
40   3	|	1	3	3	0	2	0.17
40   5	|	0	0	0	0	1	0.00
40   7	|	3	6	2	0	3	0.38
40   9	|	2	2	1	0	3	0.33
40   12	|	0	3	3	0	2	0.00
40   14	|	1	3	1	0	1	0.33
40   22	|	0	2	1	0	3	0.00
40   32	|	0	1	1	0	0	0.00
40   34	|	2	6	0	0	1	0.67
40   36	|	1	1	1	0	0	0.50
40   37	|	0	0	2	0	1	0.00
40   40	|	1	2	2	0	4	0.14
40   41	|	5	1	6	2	9	0.23

41   1	|	6	1	3	0	2	0.55
41   3	|	2	4	2	0	2	0.33
41   6	|	0	0	0	0	1	0.00
41   7	|	11	13	11	1	5	0.39
41   9	|	4	7	2	0	5	0.36
41   11	|	0	2	0	0	0	 - 
41   29	|	1	0	0	0	0	1.00
41   36	|	2	4	1	0	3	0.33
41   38	|	0	0	1	0	0	0.00
41   40	|	2	2	0	1	11	0.14
41   44	|	0	2	1	0	1	0.00

42   1	|	2	5	1	0	1	0.50
42   3	|	7	3	5	0	4	0.44
42   7	|	4	9	8	0	3	0.27
42   8	|	0	0	0	0	1	0.00
42   9	|	4	1	1	0	6	0.36
42   11	|	1	0	0	0	0	1.00
42   30	|	0	0	0	0	1	0.00
42   32	|	1	0	2	0	2	0.20
42   36	|	0	4	2	0	1	0.00
42   39	|	0	0	0	0	1	0.00
42   40	|	1	3	3	1	6	0.09

43   1	|	0	1	1	0	0	0.00
43   3	|	0	0	1	0	0	0.00
43   9	|	0	1	0	0	2	0.00
43   11	|	0	1	1	0	0	0.00
43   44	|	0	0	1	0	0	0.00

44   1	|	1	0	0	0	0	1.00
44   3	|	2	2	1	0	2	0.40
44   4	|	1	1	0	0	0	1.00
44   8	|	0	0	0	0	1	0.00
44   9	|	0	0	1	0	1	0.00
44   35	|	0	0	1	0	0	0.00
44   37	|	0	0	1	1	2	0.00
44   44	|	0	0	0	0	1	0.00
44   48	|	0	0	0	0	2	0.00

45   9	|	0	1	1	0	0	0.00
45   34	|	1	0	0	0	0	1.00
45   41	|	2	0	0	0	1	0.67

46   1	|	2	0	2	0	1	0.40
46   11	|	0	0	1	0	0	0.00
46   37	|	0	2	3	0	1	0.00

47   3	|	1	1	0	0	0	1.00
47   7	|	0	0	0	0	1	0.00
47   35	|	0	1	0	0	0	 - 
47   42	|	0	0	1	0	0	0.00

48   1	|	1	0	0	0	0	1.00
48   7	|	0	1	0	0	0	 - 
48   12	|	0	0	1	0	0	0.00
48   22	|	0	1	0	0	0	 - 
48   41	|	2	0	1	0	0	0.67

50   1	|	8	7	8	0	7	0.35
50   3	|	5	8	10	0	6	0.24
50   5	|	0	0	1	0	0	0.00
50   7	|	2	10	5	0	6	0.15
50   9	|	7	4	4	1	3	0.47
50   12	|	3	6	2	0	4	0.33
50   14	|	2	1	2	0	0	0.50
50   28	|	0	0	0	0	1	0.00
50   29	|	0	1	0	0	0	 - 
50   30	|	0	0	1	0	0	0.00
50   32	|	2	2	2	0	2	0.33
50   34	|	3	1	5	0	1	0.33
50   36	|	3	3	1	0	2	0.50
50   40	|	1	1	5	0	2	0.13
50   43	|	1	1	0	0	0	1.00
50   44	|	0	1	0	0	1	0.00

51   1	|	13	14	12	0	5	0.43
51   2	|	0	0	1	0	3	0.00
51   3	|	17	21	24	2	27	0.24
51   9	|	14	15	18	1	13	0.30
51   10	|	0	0	0	0	4	0.00
51   11	|	1	1	1	0	1	0.33
51   14	|	2	5	3	0	6	0.18
51   29	|	1	1	0	0	1	0.50
51   33	|	1	0	0	0	0	1.00

52   1	|	9	9	10	0	5	0.38
52   2	|	0	1	1	0	0	0.00
52   3	|	10	14	13	2	5	0.33
52   5	|	2	0	0	0	1	0.67
52   9	|	6	8	9	0	10	0.24
52   10	|	0	0	0	0	1	0.00
52   11	|	0	1	0	0	0	 - 
52   18	|	0	0	1	0	3	0.00
52   38	|	0	0	0	1	2	0.00
52   44	|	0	1	1	0	1	0.00

53   1	|	1	2	3	0	3	0.14
53   16	|	1	0	1	0	0	0.50
53   36	|	1	3	3	1	8	0.08
53   44	|	0	0	0	0	1	0.00

54   1	|	1	2	2	0	1	0.25

55   1	|	0	0	1	0	1	0.00
55   3	|	1	0	0	0	0	1.00
55   7	|	1	0	0	0	2	0.33
55   9	|	0	0	0	0	1	0.00
55   34	|	0	1	0	0	0	 - 


57   1	|	0	1	1	0	0	0.00
57   8	|	0	0	1	0	0	0.00
57   10	|	0	0	0	0	1	0.00
57   30	|	0	0	0	0	1	0.00

58   1	|	1	1	0	0	1	0.50
58   3	|	2	1	2	0	0	0.50
58   8	|	1	0	0	0	0	1.00
58   48	|	0	1	0	0	1	0.00

60   2	|	1	0	0	0	0	1.00
60   3	|	1	0	0	0	0	1.00
60   7	|	0	0	1	0	0	0.00
60   12	|	0	0	1	0	1	0.00
60   13	|	0	0	0	0	2	0.00
60   22	|	1	1	0	0	2	0.33
60   23	|	0	0	0	1	5	0.00
60   30	|	0	0	1	0	0	0.00
60   32	|	1	0	0	0	1	0.50
60   34	|	0	0	0	0	1	0.00
60   36	|	0	0	1	0	1	0.00
60   37	|	1	0	0	0	0	1.00
60   39	|	0	0	0	1	0	0.00
60   40	|	0	0	0	0	1	0.00
60   41	|	0	3	3	0	7	0.00
60   42	|	0	2	2	0	4	0.00
60   43	|	0	1	0	1	1	0.00
60   48	|	1	0	2	1	4	0.13
60   49	|	0	0	0	0	1	0.00
60   50	|	0	0	0	1	0	0.00
60   52	|	0	0	1	0	2	0.00
60   53	|	1	3	1	0	3	0.20

61   3	|	0	0	1	0	0	0.00
61   12	|	0	0	1	0	0	0.00
61   13	|	0	0	1	0	2	0.00
61   15	|	1	2	1	0	0	0.50
61   22	|	0	0	0	0	1	0.00
61   23	|	1	0	1	0	1	0.33
61   29	|	0	0	0	1	0	0.00
61   34	|	0	2	0	0	0	 - 
61   36	|	0	0	1	0	0	0.00
61   37	|	0	0	1	0	0	0.00
61   40	|	0	0	0	0	1	0.00
61   41	|	1	1	3	0	4	0.13
61   42	|	1	1	1	0	1	0.33
61   43	|	0	0	1	0	0	0.00
61   48	|	0	0	3	0	1	0.00
61   50	|	0	0	1	0	0	0.00
61   52	|	0	0	1	0	1	0.00

71   3	|	0	0	0	1	0	0.00
71   12	|	1	0	0	0	1	0.50
71   15	|	0	0	3	0	0	0.00
71   18	|	0	0	0	0	1	0.00
71   22	|	0	0	2	0	0	0.00
71   23	|	0	0	1	0	1	0.00
71   24	|	0	0	1	0	0	0.00
71   30	|	0	0	0	1	0	0.00
71   32	|	0	0	0	1	0	0.00
71   36	|	0	1	1	0	0	0.00
71   40	|	0	0	0	0	1	0.00
71   41	|	2	1	2	0	0	0.50
71   42	|	0	0	0	1	0	0.00
71   48	|	0	0	0	0	2	0.00
71   49	|	0	0	0	0	1	0.00
71   53	|	1	0	3	0	3	0.14

72   1	|	0	0	0	0	1	0.00
72   12	|	0	0	0	0	1	0.00
72   15	|	0	0	0	0	1	0.00
72   22	|	0	0	1	0	2	0.00
72   23	|	0	1	0	0	1	0.00
72   24	|	0	0	1	0	0	0.00
72   29	|	1	0	0	0	0	1.00
72   36	|	0	0	1	0	1	0.00
72   41	|	0	0	1	0	0	0.00
72   42	|	0	0	0	0	1	0.00
72   43	|	0	0	0	0	2	0.00
72   48	|	0	0	0	0	1	0.00
72   49	|	0	0	1	0	0	0.00
72   53	|	0	0	0	0	2	0.00

80   1	|	0	3	0	0	0	 - 
80   3	|	0	1	1	0	3	0.00
80   4	|	1	0	0	0	0	1.00
80   7	|	1	1	2	0	1	0.25
80   9	|	1	1	1	1	1	0.25
80   12	|	2	0	1	0	1	0.50
80   13	|	0	0	2	0	0	0.00
80   14	|	0	0	1	0	1	0.00
80   19	|	0	1	0	0	3	0.00
80   22	|	1	0	0	0	1	0.50
80   23	|	0	3	0	0	1	0.00
80   25	|	0	0	1	1	3	0.00
80   27	|	0	0	1	0	2	0.00
80   32	|	0	0	0	0	2	0.00
80   34	|	1	0	0	0	2	0.33
80   36	|	2	0	0	0	2	0.50
80   38	|	1	0	0	0	0	1.00
80   40	|	0	0	1	0	0	0.00
80   41	|	2	1	0	1	0	0.67
80   42	|	1	0	0	0	1	0.50
80   43	|	0	0	0	0	1	0.00
80   45	|	0	1	4	0	23	0.00
80   46	|	0	0	0	1	5	0.00
80   49	|	0	0	1	0	0	0.00
80   50	|	0	0	0	0	2	0.00
80   51	|	1	1	2	0	7	0.10
80   52	|	0	0	0	0	2	0.00
80   53	|	0	0	0	0	4	0.00

81   1	|	1	0	0	0	0	1.00
81   3	|	0	1	0	0	2	0.00
81   7	|	0	0	0	1	0	0.00
81   19	|	0	0	1	0	0	0.00
81   25	|	0	0	1	0	0	0.00
81   27	|	1	0	0	0	0	1.00
81   32	|	0	0	0	0	1	0.00
81   34	|	1	0	0	0	0	1.00
81   41	|	0	0	1	0	0	0.00
81   45	|	0	0	1	0	3	0.00
81   51	|	0	0	1	0	0	0.00
81   53	|	0	0	0	0	1	0.00

82   1	|	0	0	2	0	0	0.00
82   3	|	4	1	1	0	3	0.50
82   4	|	0	1	0	0	0	 - 
82   5	|	1	0	0	0	0	1.00
82   7	|	1	1	2	0	3	0.17
82   9	|	1	0	1	0	1	0.33
82   12	|	1	4	0	0	1	0.50
82   13	|	1	0	1	0	0	0.50
82   14	|	1	0	0	0	1	0.50
82   19	|	1	1	4	1	10	0.06
82   20	|	0	0	0	0	1	0.00
82   21	|	0	0	0	0	1	0.00
82   22	|	0	2	0	0	2	0.00
82   23	|	0	0	0	0	1	0.00
82   24	|	0	0	0	0	1	0.00
82   25	|	0	0	1	0	3	0.00
82   26	|	0	0	1	0	1	0.00
82   32	|	0	0	1	0	0	0.00
82   34	|	0	1	0	1	2	0.00
82   35	|	0	0	0	0	1	0.00
82   36	|	0	1	1	0	1	0.00
82   37	|	0	0	1	0	2	0.00
82   39	|	0	0	0	0	1	0.00
82   40	|	1	0	2	0	0	0.33
82   41	|	2	1	2	0	3	0.29
82   42	|	0	2	1	0	2	0.00
82   44	|	0	0	0	0	1	0.00
82   45	|	0	1	5	1	19	0.00
82   46	|	0	0	0	0	7	0.00
82   47	|	0	1	0	0	1	0.00
82   48	|	0	1	0	0	1	0.00
82   49	|	0	0	1	0	1	0.00
82   50	|	1	0	0	0	0	1.00
82   51	|	0	0	0	0	10	0.00
82   52	|	0	0	0	0	1	0.00
82   53	|	0	1	1	0	2	0.00

83   3	|	0	1	0	0	1	0.00
83   7	|	0	1	0	0	0	 - 
83   14	|	0	0	0	0	1	0.00
83   22	|	0	0	1	0	0	0.00
83   23	|	0	0	0	0	1	0.00
83   25	|	0	0	1	0	0	0.00
83   41	|	0	0	1	0	1	0.00
83   45	|	0	1	0	0	2	0.00
83   48	|	0	0	1	0	0	0.00
83   51	|	0	0	0	1	1	0.00
83   52	|	0	0	1	0	0	0.00

84   1	|	1	0	1	0	0	0.50
84   3	|	2	0	1	0	0	0.67
84   7	|	0	0	1	0	0	0.00
84   19	|	1	0	1	0	2	0.25
84   37	|	0	0	1	0	0	0.00
84   41	|	0	1	0	0	1	0.00
84   42	|	0	1	0	0	0	 - 
84   45	|	0	0	1	0	0	0.00
84   53	|	0	0	1	0	0	0.00

86   12	|	0	1	2	0	0	0.00
86   14	|	0	0	0	0	1	0.00
86   19	|	0	2	1	1	6	0.00
86   20	|	0	0	1	0	4	0.00
86   21	|	0	0	0	0	1	0.00
86   22	|	0	0	0	0	3	0.00
86   23	|	0	0	1	0	3	0.00
86   24	|	0	0	1	0	0	0.00
86   25	|	0	0	0	0	1	0.00
86   26	|	0	0	1	0	3	0.00
86   34	|	0	0	0	0	2	0.00
86   35	|	0	0	0	0	1	0.00
86   36	|	0	0	0	0	2	0.00
86   37	|	1	0	0	0	1	0.50
86   40	|	0	1	0	0	0	 - 
86   41	|	0	1	0	0	5	0.00
86   42	|	0	0	0	1	3	0.00
86   45	|	0	1	0	1	22	0.00
86   46	|	0	0	0	1	7	0.00
86   48	|	0	0	1	0	2	0.00
86   51	|	0	0	0	0	15	0.00
86   52	|	0	0	0	0	1	0.00
86   53	|	0	0	1	1	3	0.00

