0.0 - 0.2	0.00000
0.2 - 0.3	0.99301
0.3 - 0.4	0.99797
0.4 - 0.5	0.99981
0.5 - 0.6	1.00109
0.6 - 0.7	1.00005
0.7 - 0.8	1.00138
0.8 - 0.9	0.99844
0.9 - 1.0	1.00119
1.0 - 1.1	1.00096
1.1 - 1.2	0.99886
1.2 - 1.3	0.99597
1.3 - 1.4	1.00819
1.4 - 1.5	0.99937
1.5 - 1.6	0.99469
1.6 - 1.7	0.99235
1.7 - 1.8	0.99497
1.8 - 1.9	0.99816
1.9 - 2.0	0.99256
2.0 - 2.1	0.99842
2.1 - 2.2	1.00405
2.2 - 2.3	0.99818
2.3 - 2.4	0.99354
2.4 - 2.5	0.99747
2.5 - 2.6	0.99664
2.6 - 2.7	0.99859
2.7 - 2.8	0.99409
2.8 - 2.9	0.99624
2.9 - 3.0	0.99797
3.0 - 3.1	0.99920
3.1 - 3.2	0.99659
3.2 - 3.3	0.99179
3.3 - 3.4	0.99494
3.4 - 3.5	0.99954
3.5 - 3.6	0.99483
3.6 - 3.7	0.99294
3.7 - 3.8	1.00578
3.8 - 3.9	1.00832
3.9 - 4.0	0.99434
4.0 - 4.1	1.00263
4.1 - 4.2	1.01557
4.2 - 4.3	1.01052
4.3 - 4.4	0.99474
4.4 - 4.5	0.99502
4.5 - 4.8	1.00741
4.8 - 5.5	1.00507
5.5 - 10.0	1.00357
