0.0012	1
0.0036	1
0.006	1
0.0084	1
0.0108	1
0.0132	1
0.0156	1
0.018	1
0.0204	1
0.0228	1
0.0252	1
0.0276	1
0.03	1
0.0324	1
0.0348	1
0.0372	1
0.0396	1
0.042	1
0.0444	1
0.0468	1
0.0492	1
0.0516	1
0.054	1
0.0564	1
0.0588	1
0.0612	1
0.0636	1
0.066	1
0.0684	1
0.0708	1
0.0732	1
0.0756	1
0.078	1
0.0804	1
0.0828	1
0.0852	1
0.0876	1
0.09	1
0.0924	1
0.0948	1
0.0972	1
0.0996	1
0.102	1
0.1044	1
0.1068	1
0.1092	1
0.1116	1
0.114	1
0.1164	1
0.1188	1
0.1212	1
0.1236	1
0.126	1
0.1284	1
0.1308	1
0.1332	1
0.1356	1
0.138	1
0.1404	1
0.1428	1
0.1452	1
0.1476	1
0.15	1
0.1524	1
0.1548	1
0.1572	1
0.1596	1
0.162	1
0.1644	1
0.1668	1
0.1692	1
0.1716	1
0.174	1
0.1764	1
0.1788	1
0.1812	1
0.1836	1
0.186	1
0.1884	1
0.1908	1
0.1932	1
0.1956	1
0.198	1
0.2004	1
0.2028	1
0.2052	1
0.2076	1
0.21	1
0.2124	1
0.2148	1
0.2172	1
0.2196	1
0.222	1
0.2244	1
0.2268	1
0.2292	1
0.2316	1
0.234	1
0.2364	1
0.2388	1
0.2412	1
0.2436	1
0.246	1
0.2484	1
0.2508	1
0.2532	1
0.2556	1
0.258	1
0.2604	1
0.2628	1
0.2652	1
0.2676	1
0.27	1
0.2724	1
0.2748	1
0.2772	1
0.2796	1
0.282	1
0.2844	1
0.2868	1
0.2892	1
0.2916	1
0.294	1
0.2964	1
0.2988	1
0.3012	1
0.3036	1
0.306	1
0.3084	1
0.3108	1
0.3132	1
0.3156	1
0.318	1
0.3204	1
0.3228	1
0.3252	1
0.3276	1
0.33	1
0.3324	1
0.3348	1
0.3372	1
0.3396	1
0.342	1
0.3444	1
0.3468	1
0.3492	1
0.3516	1
0.354	1
0.3564	1
0.3588	1
0.3612	1
0.3636	1
0.366	1
0.3684	1
0.3708	1
0.3732	1
0.3756	1
0.378	1
0.3804	1
0.3828	1
0.3852	1
0.3876	1
0.39	1
0.3924	1
0.3948	1
0.3972	1
0.3996	1
0.402	1
0.4044	1
0.4068	1
0.4092	1
0.4116	1
0.414	1
0.4164	1
0.4188	1
0.4212	1
0.4236	1
0.426	1
0.4284	1
0.4308	1
0.4332	1
0.4356	1
0.438	1
0.4404	1
0.4428	1
0.4452	1
0.4476	1
0.45	1
0.4524	1
0.4548	1
0.4572	1
0.4596	1
0.462	1
0.4644	1
0.4668	1
0.4692	1
0.4716	1
0.474	1
0.4764	1
0.4788	1
0.4812	1
0.4836	1
0.486	1
0.4884	1
0.4908	1
0.4932	1
0.4956	1
0.498	1
0.5004	1
0.5028	1
0.5052	1
0.5076	1
0.51	1
0.5124	1
0.5148	1
0.5172	1
0.5196	1
0.522	1
0.5244	1
0.5268	1
0.5292	1
0.5316	1
0.534	1
0.5364	1
0.5388	1
0.5412	1
0.5436	1
0.546	1
0.5484	1
0.5508	1
0.5532	1
0.5556	1
0.558	1
0.5604	1
0.5628	1
0.5652	1
0.5676	1
0.57	1
0.5724	1
0.5748	1
0.5772	1
0.5796	1
0.582	1
0.5844	1
0.5868	1
0.5892	1
0.5916	1
0.594	1
0.5964	1
0.5988	1
0.6012	1
0.6036	1
0.606	1
0.6084	1
0.6108	1
0.6132	1
0.6156	1
0.618	1
0.6204	1
0.6228	1
0.6252	1
0.6276	1
0.63	1
0.6324	1
0.6348	1
0.6372	1
0.6396	1
0.642	1
0.6444	1
0.6468	1
0.6492	1
0.6516	1
0.654	1
0.6564	1
0.6588	1
0.6612	1
0.6636	1
0.666	1
0.6684	1
0.6708	1
0.6732	1
0.6756	1
0.678	1
0.6804	1
0.6828	1
0.6852	1
0.6876	1
0.69	1
0.6924	1
0.6948	1
0.6972	1
0.6996	1
0.702	1
0.7044	1
0.7068	1
0.7092	1
0.7116	1
0.714	1
0.7164	1
0.7188	1
0.7212	1
0.7236	1
0.726	1
0.7284	1
0.7308	1
0.7332	1
0.7356	1
0.738	1
0.7404	1
0.7428	1
0.7452	1
0.7476	1
0.75	1
0.7524	1
0.7548	1
0.7572	1
0.7596	1
0.762	1
0.7644	1
0.7668	1
0.7692	1
0.7716	1
0.774	1
0.7764	1
0.7788	1
0.7812	1
0.7836	1
0.786	1
0.7884	1
0.7908	1
0.7932	1
0.7956	1
0.798	1
0.8004	1
0.8028	1
0.8052	1
0.8076	1
0.81	1
0.8124	1
0.8148	1
0.8172	1
0.8196	1
0.822	1
0.8244	1
0.8268	1
0.8292	1
0.8316	1
0.834	1
0.8364	1
0.8388	1
0.8412	1
0.8436	1
0.846	1
0.8484	1
0.8508	1
0.8532	1
0.8556	1
0.858	1
0.8604	1
0.8628	1
0.8652	1
0.8676	1
0.87	1
0.8724	1
0.8748	1
0.8772	1
0.8796	1
0.882	1
0.8844	1
0.8868	1
0.8892	1
0.8916	1
0.894	1
0.8964	1
0.8988	1
0.9012	1
0.9036	1
0.906	1
0.9084	1
0.9108	1
0.9132	1
0.9156	1
0.918	1
0.9204	1
0.9228	1
0.9252	1
0.9276	1
0.93	1
0.9324	1
0.9348	1
0.9372	1
0.9396	1
0.942	1
0.9444	1
0.9468	1
0.9492	1
0.9516	1
0.954	1
0.9564	1
0.9588	1
0.9612	1
0.9636	1
0.966	1
0.9684	1
0.9708	1
0.9732	1
0.9756	1
0.978	1
0.9804	1
0.9828	1
0.9852	1
0.9876	1
0.99	1
0.9924	1
0.9948	1
0.9972	1
0.9996	1
1.002	1
1.0044	1
1.0068	1
1.0092	1
1.0116	1
1.014	1
1.0164	1
1.0188	1
1.0212	1
1.0236	1
1.026	1
1.0284	1
1.0308	1
1.0332	1
1.0356	1
1.038	1
1.0404	1
1.0428	1
1.0452	1
1.0476	1
1.05	1
1.0524	1
1.0548	1
1.0572	1
1.0596	1
1.062	1
1.0644	1
1.0668	1
1.0692	1
1.0716	1
1.074	1
1.0764	1
1.0788	1
1.0812	1
1.0836	1
1.086	1
1.0884	1
1.0908	1
1.0932	1
1.0956	1
1.098	1
1.1004	1
1.1028	1
1.1052	1
1.1076	1
1.11	1
1.1124	1
1.1148	1
1.1172	1
1.1196	1
1.122	1
1.1244	1
1.1268	1
1.1292	1
1.1316	1
1.134	1
1.1364	1
1.1388	1
1.1412	1
1.1436	1
1.146	1
1.1484	1
1.1508	1
1.1532	1
1.1556	1
1.158	1
1.1604	1
1.1628	1
1.1652	1
1.1676	1
1.17	1
1.1724	1
1.1748	1
1.1772	1
1.1796	1
1.182	1
1.1844	1
1.1868	1
1.1892	1
1.1916	1
1.194	1
1.1964	1
1.1988	1
1.2012	1
1.2036	1
1.206	1
1.2084	1
1.2108	1
1.2132	1
1.2156	1
1.218	1
1.2204	1
1.2228	1
1.2252	1
1.2276	1
1.23	1
1.2324	1
1.2348	1
1.2372	1
1.2396	1
1.242	1
1.2444	1
1.2468	1
1.2492	1
1.2516	1
1.254	1
1.2564	1
1.2588	1
1.2612	1
1.2636	1
1.266	1
1.2684	1
1.2708	1
1.2732	1
1.2756	1
1.278	1
1.2804	1
1.2828	1
1.2852	1
1.2876	1
1.29	1
1.2924	1
1.2948	1
1.2972	1
1.2996	1
1.302	1
1.3044	1
1.3068	1
1.3092	1
1.3116	1
1.314	1
1.3164	1
1.3188	1
1.3212	1
1.3236	1
1.326	1
1.3284	1
1.3308	1
1.3332	1
1.3356	1
1.338	1
1.3404	1
1.3428	1
1.3452	1
1.3476	1
1.35	1
1.3524	1
1.3548	1
1.3572	1
1.3596	1
1.362	1
1.3644	1
1.3668	1
1.3692	1
1.3716	1
1.374	1
1.3764	1
1.3788	1
1.3812	1
1.3836	1
1.386	1
1.3884	1
1.3908	1
1.3932	1
1.3956	1
1.398	1
1.4004	1
1.4028	1
1.4052	1
1.4076	1
1.41	1
1.4124	1
1.4148	1
1.4172	1
1.4196	1
1.422	1
1.4244	1
1.4268	1
1.4292	1
1.4316	1
1.434	1
1.4364	1
1.4388	1
1.4412	1
1.4436	1
1.446	1
1.4484	1
1.4508	1
1.4532	1
1.4556	1
1.458	1
1.4604	1
1.4628	1
1.4652	1
1.4676	1
1.47	1
1.4724	1
1.4748	1
1.4772	1
1.4796	1
1.482	1
1.4844	1
1.4868	1
1.4892	1
1.4916	1
1.494	1
1.4964	1
1.4988	1
1.5012	1
1.5036	1
1.506	1
1.5084	1
1.5108	1
1.5132	1
1.5156	1
1.518	1
1.5204	1
1.5228	1
1.5252	1
1.5276	1
1.53	1
1.5324	1
1.5348	1
1.5372	1
1.5396	1
1.542	1
1.5444	1
1.5468	1
1.5492	1
1.5516	1
1.554	1
1.5564	1
1.5588	1
1.5612	1
1.5636	1
1.566	1
1.5684	1
1.5708	1
1.5732	1
1.5756	1
1.578	1
1.5804	1
1.5828	1
1.5852	1
1.5876	1
1.59	1
1.5924	1
1.5948	1
1.5972	1
1.5996	1
1.602	1
1.6044	1
1.6068	1
1.6092	1
1.6116	1
1.614	1
1.6164	1
1.6188	1
1.6212	1
1.6236	1
1.626	1
1.6284	1
1.6308	1
1.6332	1
1.6356	1
1.638	1
1.6404	1
1.6428	1
1.6452	1
1.6476	1
1.65	1
1.6524	1
1.6548	1
1.6572	1
1.6596	1
1.662	1
1.6644	1
1.6668	1
1.6692	1
1.6716	1
1.674	1
1.6764	1
1.6788	1
1.6812	1
1.6836	1
1.686	1
1.6884	1
1.6908	1
1.6932	1
1.6956	1
1.698	1
1.7004	1
1.7028	1
1.7052	1
1.7076	1
1.71	1
1.7124	1
1.7148	1
1.7172	1
1.7196	1
1.722	1
1.7244	1
1.7268	1
1.7292	1
1.7316	1
1.734	1
1.7364	1
1.7388	1
1.7412	1
1.7436	1
1.746	1
1.7484	1
1.7508	1
1.7532	1
1.7556	1
1.758	1
1.7604	1
1.7628	1
1.7652	1
1.7676	1
1.77	1
1.7724	1
1.7748	1
1.7772	1
1.7796	1
1.782	1
1.7844	1
1.7868	1
1.7892	1
1.7916	1
1.794	1
1.7964	1
1.7988	1
1.8012	1
1.8036	1
1.806	1
1.8084	1
1.8108	1
1.8132	1
1.8156	1
1.818	1
1.8204	1
1.8228	1
1.8252	1
1.8276	1
1.83	1
1.8324	1
1.8348	1
1.8372	1
1.8396	1
1.842	1
1.8444	1
1.8468	1
1.8492	1
1.8516	1
1.854	1
1.8564	1
1.8588	1
1.8612	1
1.8636	1
1.866	1
1.8684	1
1.8708	1
1.8732	1
1.8756	1
1.878	1
1.8804	1
1.8828	1
1.8852	1
1.8876	1
1.89	1
1.8924	1
1.8948	1
1.8972	1
1.8996	1
1.902	1
1.9044	1
1.9068	1
1.9092	1
1.9116	1
1.914	1
1.9164	1
1.9188	1
1.9212	1
1.9236	1
1.926	1
1.9284	1
1.9308	1
1.9332	1
1.9356	1
1.938	1
1.9404	1
1.9428	1
1.9452	1
1.9476	1
1.95	1
1.9524	1
1.9548	1
1.9572	1
1.9596	1
1.962	1
1.9644	1
1.9668	1
1.9692	1
1.9716	1
1.974	1
1.9764	1
1.9788	1
1.9812	1
1.9836	1
1.986	1
1.9884	1
1.9908	1
1.9932	1
1.9956	1
1.998	1
2.0004	1
2.0028	1
2.0052	1
2.0076	1
2.01	1
2.0124	1
2.0148	1
2.0172	1
2.0196	1
2.022	1
2.0244	1
2.0268	1
2.0292	1
2.0316	1
2.034	1
2.0364	1
2.0388	1
2.0412	1
2.0436	1
2.046	1
2.0484	1
2.0508	1
2.0532	1
2.0556	1
2.058	1
2.0604	1
2.0628	1
2.0652	1
2.0676	1
2.07	1
2.0724	1
2.0748	1
2.0772	1
2.0796	1
2.082	1
2.0844	1
2.0868	1
2.0892	1
2.0916	1
2.094	1
2.0964	1
2.0988	1
2.1012	1
2.1036	1
2.106	1
2.1084	1
2.1108	1
2.1132	1
2.1156	1
2.118	1
2.1204	1
2.1228	1
2.1252	1
2.1276	1
2.13	1
2.1324	1
2.1348	1
2.1372	1
2.1396	1
2.142	1
2.1444	1
2.1468	1
2.1492	1
2.1516	1
2.154	1
2.1564	1
2.1588	1
2.1612	1
2.1636	1
2.166	1
2.1684	1
2.1708	1
2.1732	1
2.1756	1
2.178	1
2.1804	1
2.1828	1
2.1852	1
2.1876	1
2.19	1
2.1924	1
2.1948	1
2.1972	1
2.1996	1
2.202	1
2.2044	1
2.2068	1
2.2092	1
2.2116	1
2.214	1
2.2164	1
2.2188	1
2.2212	1
2.2236	1
2.226	1
2.2284	1
2.2308	1
2.2332	1
2.2356	1
2.238	1
2.2404	1
2.2428	1
2.2452	1
2.2476	1
2.25	1
2.2524	1
2.2548	1
2.2572	1
2.2596	1
2.262	1
2.2644	1
2.2668	1
2.2692	1
2.2716	1
2.274	1
2.2764	1
2.2788	1
2.2812	1
2.2836	1
2.286	1
2.2884	1
2.2908	1
2.2932	1
2.2956	1
2.298	1
2.3004	1
2.3028	1
2.3052	1
2.3076	1
2.31	1
2.3124	1
2.3148	1
2.3172	1
2.3196	1
2.322	1
2.3244	1
2.3268	1
2.3292	1
2.3316	1
2.334	1
2.3364	1
2.3388	1
2.3412	1
2.3436	1
2.346	1
2.3484	1
2.3508	1
2.3532	1
2.3556	1
2.358	1
2.3604	1
2.3628	1
2.3652	1
2.3676	1
2.37	1
2.3724	1
2.3748	1
2.3772	1
2.3796	1
2.382	1
2.3844	1
2.3868	1
2.3892	1
2.3916	1
2.394	1
2.3964	1
2.3988	1
0.0012	1
0.0036	1
0.006	1
0.0084	1
0.0108	1
0.0132	1
0.0156	1
0.018	1
0.0204	1
0.0228	1
0.0252	1
0.0276	1
0.03	1
0.0324	1
0.0348	1
0.0372	1
0.0396	1
0.042	1
0.0444	1
0.0468	1
0.0492	1
0.0516	1
0.054	1
0.0564	1
0.0588	1
0.0612	1
0.0636	1
0.066	1
0.0684	1
0.0708	1
0.0732	1
0.0756	1
0.078	1
0.0804	1
0.0828	1
0.0852	1
0.0876	1
0.09	1
0.0924	1
0.0948	1
0.0972	1
0.0996	1
0.102	1
0.1044	1
0.1068	1
0.1092	1
0.1116	1
0.114	1
0.1164	1
0.1188	1
0.1212	1
0.1236	1
0.126	1
0.1284	1
0.1308	1
0.1332	1
0.1356	1
0.138	1
0.1404	1
0.1428	1
0.1452	1
0.1476	1
0.15	1
0.1524	1
0.1548	1
0.1572	1
0.1596	1
0.162	1
0.1644	1
0.1668	1
0.1692	1
0.1716	1
0.174	1
0.1764	1
0.1788	1
0.1812	1
0.1836	1
0.186	1
0.1884	1
0.1908	1
0.1932	1
0.1956	1
0.198	1
0.2004	1
0.2028	1
0.2052	1
0.2076	1
0.21	1
0.2124	1
0.2148	1
0.2172	1
0.2196	1
0.222	1
0.2244	1
0.2268	1
0.2292	1
0.2316	1
0.234	1
0.2364	1
0.2388	1
0.2412	1
0.2436	1
0.246	1
0.2484	1
0.2508	1
0.2532	1
0.2556	1
0.258	1
0.2604	1
0.2628	1
0.2652	1
0.2676	1
0.27	1
0.2724	1
0.2748	1
0.2772	1
0.2796	1
0.282	1
0.2844	1
0.2868	1
0.2892	1
0.2916	1
0.294	1
0.2964	1
0.2988	1
0.3012	1
0.3036	1
0.306	1
0.3084	1
0.3108	1
0.3132	1
0.3156	1
0.318	1
0.3204	1
0.3228	1
0.3252	1
0.3276	1
0.33	1
0.3324	1
0.3348	1
0.3372	1
0.3396	1
0.342	1
0.3444	1
0.3468	1
0.3492	1
0.3516	1
0.354	1
0.3564	1
0.3588	1
0.3612	1
0.3636	1
0.366	1
0.3684	1
0.3708	1
0.3732	1
0.3756	1
0.378	1
0.3804	1
0.3828	1
0.3852	1
0.3876	1
0.39	1
0.3924	1
0.3948	1
0.3972	1
0.3996	1
0.402	1
0.4044	1
0.4068	1
0.4092	1
0.4116	1
0.414	1
0.4164	1
0.4188	1
0.4212	1
0.4236	1
0.426	1
0.4284	1
0.4308	1
0.4332	1
0.4356	1
0.438	1
0.4404	1
0.4428	1
0.4452	1
0.4476	1
0.45	1
0.4524	1
0.4548	1
0.4572	1
0.4596	1
0.462	1
0.4644	1
0.4668	1
0.4692	1
0.4716	1
0.474	1
0.4764	1
0.4788	1
0.4812	1
0.4836	1
0.486	1
0.4884	1
0.4908	1
0.4932	1
0.4956	1
0.498	1
0.5004	1
0.5028	1
0.5052	1
0.5076	1
0.51	1
0.5124	1
0.5148	1
0.5172	1
0.5196	1
0.522	1
0.5244	1
0.5268	1
0.5292	1
0.5316	1
0.534	1
0.5364	1
0.5388	1
0.5412	1
0.5436	1
0.546	1
0.5484	1
0.5508	1
0.5532	1
0.5556	1
0.558	1
0.5604	1
0.5628	1
0.5652	1
0.5676	1
0.57	1
0.5724	1
0.5748	1
0.5772	1
0.5796	1
0.582	1
0.5844	1
0.5868	1
0.5892	1
0.5916	1
0.594	1
0.5964	1
0.5988	1
0.6012	1
0.6036	1
0.606	1
0.6084	1
0.6108	1
0.6132	1
0.6156	1
0.618	1
0.6204	1
0.6228	1
0.6252	1
0.6276	1
0.63	1
0.6324	1
0.6348	1
0.6372	1
0.6396	1
0.642	1
0.6444	1
0.6468	1
0.6492	1
0.6516	1
0.654	1
0.6564	1
0.6588	1
0.6612	1
0.6636	1
0.666	1
0.6684	1
0.6708	1
0.6732	1
0.6756	1
0.678	1
0.6804	1
0.6828	1
0.6852	1
0.6876	1
0.69	1
0.6924	1
0.6948	1
0.6972	1
0.6996	1
0.702	1
0.7044	1
0.7068	1
0.7092	1
0.7116	1
0.714	1
0.7164	1
0.7188	1
0.7212	1
0.7236	1
0.726	1
0.7284	1
0.7308	1
0.7332	1
0.7356	1
0.738	1
0.7404	1
0.7428	1
0.7452	1
0.7476	1
0.75	1
0.7524	1
0.7548	1
0.7572	1
0.7596	1
0.762	1
0.7644	1
0.7668	1
0.7692	1
0.7716	1
0.774	1
0.7764	1
0.7788	1
0.7812	1
0.7836	1
0.786	1
0.7884	1
0.7908	1
0.7932	1
0.7956	1
0.798	1
0.8004	1
0.8028	1
0.8052	1
0.8076	1
0.81	1
0.8124	1
0.8148	1
0.8172	1
0.8196	1
0.822	1
0.8244	1
0.8268	1
0.8292	1
0.8316	1
0.834	1
0.8364	1
0.8388	1
0.8412	1
0.8436	1
0.846	1
0.8484	1
0.8508	1
0.8532	1
0.8556	1
0.858	1
0.8604	1
0.8628	1
0.8652	1
0.8676	1
0.87	1
0.8724	1
0.8748	1
0.8772	1
0.8796	1
0.882	1
0.8844	1
0.8868	1
0.8892	1
0.8916	1
0.894	1
0.8964	1
0.8988	1
0.9012	1
0.9036	1
0.906	1
0.9084	1
0.9108	1
0.9132	1
0.9156	1
0.918	1
0.9204	1
0.9228	1
0.9252	1
0.9276	1
0.93	1
0.9324	1
0.9348	1
0.9372	1
0.9396	1
0.942	1
0.9444	1
0.9468	1
0.9492	1
0.9516	1
0.954	1
0.9564	1
0.9588	1
0.9612	1
0.9636	1
0.966	1
0.9684	1
0.9708	1
0.9732	1
0.9756	1
0.978	1
0.9804	1
0.9828	1
0.9852	1
0.9876	1
0.99	1
0.9924	1
0.9948	1
0.9972	1
0.9996	1
1.002	1
1.0044	1
1.0068	1
1.0092	1
1.0116	1
1.014	1
1.0164	1
1.0188	1
1.0212	1
1.0236	1
1.026	1
1.0284	1
1.0308	1
1.0332	1
1.0356	1
1.038	1
1.0404	1
1.0428	1
1.0452	1
1.0476	1
1.05	1
1.0524	1
1.0548	1
1.0572	1
1.0596	1
1.062	1
1.0644	1
1.0668	1
1.0692	1
1.0716	1
1.074	1
1.0764	1
1.0788	1
1.0812	1
1.0836	1
1.086	1
1.0884	1
1.0908	1
1.0932	1
1.0956	1
1.098	1
1.1004	1
1.1028	1
1.1052	1
1.1076	1
1.11	1
1.1124	1
1.1148	1
1.1172	1
1.1196	1
1.122	1
1.1244	1
1.1268	1
1.1292	1
1.1316	1
1.134	1
1.1364	1
1.1388	1
1.1412	1
1.1436	1
1.146	1
1.1484	1
1.1508	1
1.1532	1
1.1556	1
1.158	1
1.1604	1
1.1628	1
1.1652	1
1.1676	1
1.17	1
1.1724	1
1.1748	1
1.1772	1
1.1796	1
1.182	1
1.1844	1
1.1868	1
1.1892	1
1.1916	1
1.194	1
1.1964	1
1.1988	1
1.2012	1
1.2036	1
1.206	1
1.2084	1
1.2108	1
1.2132	1
1.2156	1
1.218	1
1.2204	1
1.2228	1
1.2252	1
1.2276	1
1.23	1
1.2324	1
1.2348	1
1.2372	1
1.2396	1
1.242	1
1.2444	1
1.2468	1
1.2492	1
1.2516	1
1.254	1
1.2564	1
1.2588	1
1.2612	1
1.2636	1
1.266	1
1.2684	1
1.2708	1
1.2732	1
1.2756	1
1.278	1
1.2804	1
1.2828	1
1.2852	1
1.2876	1
1.29	1
1.2924	1
1.2948	1
1.2972	1
1.2996	1
1.302	1
1.3044	1
1.3068	1
1.3092	1
1.3116	1
1.314	1
1.3164	1
1.3188	1
1.3212	1
1.3236	1
1.326	1
1.3284	1
1.3308	1
1.3332	1
1.3356	1
1.338	1
1.3404	1
1.3428	1
1.3452	1
1.3476	1
1.35	1
1.3524	1
1.3548	1
1.3572	1
1.3596	1
1.362	1
1.3644	1
1.3668	1
1.3692	1
1.3716	1
1.374	1
1.3764	1
1.3788	1
1.3812	1
1.3836	1
1.386	1
1.3884	1
1.3908	1
1.3932	1
1.3956	1
1.398	1
1.4004	1
1.4028	1
1.4052	1
1.4076	1
1.41	1
1.4124	1
1.4148	1
1.4172	1
1.4196	1
1.422	1
1.4244	1
1.4268	1
1.4292	1
1.4316	1
1.434	1
1.4364	1
1.4388	1
1.4412	1
1.4436	1
1.446	1
1.4484	1
1.4508	1
1.4532	1
1.4556	1
1.458	1
1.4604	1
1.4628	1
1.4652	1
1.4676	1
1.47	1
1.4724	1
1.4748	1
1.4772	1
1.4796	1
1.482	1
1.4844	1
1.4868	1
1.4892	1
1.4916	1
1.494	1
1.4964	1
1.4988	1
1.5012	1
1.5036	1
1.506	1
1.5084	1
1.5108	1
1.5132	1
1.5156	1
1.518	1
1.5204	1
1.5228	1
1.5252	1
1.5276	1
1.53	1
1.5324	1
1.5348	1
1.5372	1
1.5396	1
1.542	1
1.5444	1
1.5468	1
1.5492	1
1.5516	1
1.554	1
1.5564	1
1.5588	1
1.5612	1
1.5636	1
1.566	1
1.5684	1
1.5708	1
1.5732	1
1.5756	1
1.578	1
1.5804	1
1.5828	1
1.5852	1
1.5876	1
1.59	1
1.5924	1
1.5948	1
1.5972	1
1.5996	1
1.602	1
1.6044	1
1.6068	1
1.6092	1
1.6116	1
1.614	1
1.6164	1
1.6188	1
1.6212	1
1.6236	1
1.626	1
1.6284	1
1.6308	1
1.6332	1
1.6356	1
1.638	1
1.6404	1
1.6428	1
1.6452	1
1.6476	1
1.65	1
1.6524	1
1.6548	1
1.6572	1
1.6596	1
1.662	1
1.6644	1
1.6668	1
1.6692	1
1.6716	1
1.674	1
1.6764	1
1.6788	1
1.6812	1
1.6836	1
1.686	1
1.6884	1
1.6908	1
1.6932	1
1.6956	1
1.698	1
1.7004	1
1.7028	1
1.7052	1
1.7076	1
1.71	1
1.7124	1
1.7148	1
1.7172	1
1.7196	1
1.722	1
1.7244	1
1.7268	1
1.7292	1
1.7316	1
1.734	1
1.7364	1
1.7388	1
1.7412	1
1.7436	1
1.746	1
1.7484	1
1.7508	1
1.7532	1
1.7556	1
1.758	1
1.7604	1
1.7628	1
1.7652	1
1.7676	1
1.77	1
1.7724	1
1.7748	1
1.7772	1
1.7796	1
1.782	1
1.7844	1
1.7868	1
1.7892	1
1.7916	1
1.794	1
1.7964	1
1.7988	1
1.8012	1
1.8036	1
1.806	1
1.8084	1
1.8108	1
1.8132	1
1.8156	1
1.818	1
1.8204	1
1.8228	1
1.8252	1
1.8276	1
1.83	1
1.8324	1
1.8348	1
1.8372	1
1.8396	1
1.842	1
1.8444	1
1.8468	1
1.8492	1
1.8516	1
1.854	1
1.8564	1
1.8588	1
1.8612	1
1.8636	1
1.866	1
1.8684	1
1.8708	1
1.8732	1
1.8756	1
1.878	1
1.8804	1
1.8828	1
1.8852	1
1.8876	1
1.89	1
1.8924	1
1.8948	1
1.8972	1
1.8996	1
1.902	1
1.9044	1
1.9068	1
1.9092	1
1.9116	1
1.914	1
1.9164	1
1.9188	1
1.9212	1
1.9236	1
1.926	1
1.9284	1
1.9308	1
1.9332	1
1.9356	1
1.938	1
1.9404	1
1.9428	1
1.9452	1
1.9476	1
1.95	1
1.9524	1
1.9548	1
1.9572	1
1.9596	1
1.962	1
1.9644	1
1.9668	1
1.9692	1
1.9716	1
1.974	1
1.9764	1
1.9788	1
1.9812	1
1.9836	1
1.986	1
1.9884	1
1.9908	1
1.9932	1
1.9956	1
1.998	1
2.0004	1
2.0028	1
2.0052	1
2.0076	1
2.01	1
2.0124	1
2.0148	1
2.0172	1
2.0196	1
2.022	1
2.0244	1
2.0268	1
2.0292	1
2.0316	1
2.034	1
2.0364	1
2.0388	1
2.0412	1
2.0436	1
2.046	1
2.0484	1
2.0508	1
2.0532	1
2.0556	1
2.058	1
2.0604	1
2.0628	1
2.0652	1
2.0676	1
2.07	1
2.0724	1
2.0748	1
2.0772	1
2.0796	1
2.082	1
2.0844	1
2.0868	1
2.0892	1
2.0916	1
2.094	1
2.0964	1
2.0988	1
2.1012	1
2.1036	1
2.106	1
2.1084	1
2.1108	1
2.1132	1
2.1156	1
2.118	1
2.1204	1
2.1228	1
2.1252	1
2.1276	1
2.13	1
2.1324	1
2.1348	1
2.1372	1
2.1396	1
2.142	1
2.1444	1
2.1468	1
2.1492	1
2.1516	1
2.154	1
2.1564	1
2.1588	1
2.1612	1
2.1636	1
2.166	1
2.1684	1
2.1708	1
2.1732	1
2.1756	1
2.178	1
2.1804	1
2.1828	1
2.1852	1
2.1876	1
2.19	1
2.1924	1
2.1948	1
2.1972	1
2.1996	1
2.202	1
2.2044	1
2.2068	1
2.2092	1
2.2116	1
2.214	1
2.2164	1
2.2188	1
2.2212	1
2.2236	1
2.226	1
2.2284	1
2.2308	1
2.2332	1
2.2356	1
2.238	1
2.2404	1
2.2428	1
2.2452	1
2.2476	1
2.25	1
2.2524	1
2.2548	1
2.2572	1
2.2596	1
2.262	1
2.2644	1
2.2668	1
2.2692	1
2.2716	1
2.274	1
2.2764	1
2.2788	1
2.2812	1
2.2836	1
2.286	1
2.2884	1
2.2908	1
2.2932	1
2.2956	1
2.298	1
2.3004	1
2.3028	1
2.3052	1
2.3076	1
2.31	1
2.3124	1
2.3148	1
2.3172	1
2.3196	1
2.322	1
2.3244	1
2.3268	1
2.3292	1
2.3316	1
2.334	1
2.3364	1
2.3388	1
2.3412	1
2.3436	1
2.346	1
2.3484	1
2.3508	1
2.3532	1
2.3556	1
2.358	1
2.3604	1
2.3628	1
2.3652	1
2.3676	1
2.37	1
2.3724	1
2.3748	1
2.3772	1
2.3796	1
2.382	1
2.3844	1
2.3868	1
2.3892	1
2.3916	1
2.394	1
2.3964	1
2.3988	1
0.0012	1
0.0036	1
0.006	1
0.0084	1
0.0108	1
0.0132	1
0.0156	1
0.018	1
0.0204	1
0.0228	1
0.0252	1
0.0276	1
0.03	1
0.0324	1
0.0348	1
0.0372	1
0.0396	1
0.042	1
0.0444	1
0.0468	1
0.0492	1
0.0516	1
0.054	1
0.0564	1
0.0588	1
0.0612	1
0.0636	1
0.066	1
0.0684	1
0.0708	1
0.0732	1
0.0756	1
0.078	1
0.0804	1
0.0828	1
0.0852	1
0.0876	1
0.09	1
0.0924	1
0.0948	1
0.0972	1
0.0996	1
0.102	1
0.1044	1
0.1068	1
0.1092	1
0.1116	1
0.114	1
0.1164	1
0.1188	1
0.1212	1
0.1236	1
0.126	1
0.1284	1
0.1308	1
0.1332	1
0.1356	1
0.138	1
0.1404	1
0.1428	1
0.1452	1
0.1476	1
0.15	1
0.1524	1
0.1548	1
0.1572	1
0.1596	1
0.162	1
0.1644	1
0.1668	1
0.1692	1
0.1716	1
0.174	1
0.1764	1
0.1788	1
0.1812	1
0.1836	1
0.186	1
0.1884	1
0.1908	1
0.1932	1
0.1956	1
0.198	1
0.2004	1
0.2028	1
0.2052	1
0.2076	1
0.21	1
0.2124	1
0.2148	1
0.2172	1
0.2196	1
0.222	1
0.2244	1
0.2268	1
0.2292	1
0.2316	1
0.234	1
0.2364	1
0.2388	1
0.2412	1
0.2436	1
0.246	1
0.2484	1
0.2508	1
0.2532	1
0.2556	1
0.258	1
0.2604	1
0.2628	1
0.2652	1
0.2676	1
0.27	1
0.2724	1
0.2748	1
0.2772	1
0.2796	1
0.282	1
0.2844	1
0.2868	1
0.2892	1
0.2916	1
0.294	1
0.2964	1
0.2988	1
0.3012	1
0.3036	1
0.306	1
0.3084	1
0.3108	1
0.3132	1
0.3156	1
0.318	1
0.3204	1
0.3228	1
0.3252	1
0.3276	1
0.33	1
0.3324	1
0.3348	1
0.3372	1
0.3396	1
0.342	1
0.3444	1
0.3468	1
0.3492	1
0.3516	1
0.354	1
0.3564	1
0.3588	1
0.3612	1
0.3636	1
0.366	1
0.3684	1
0.3708	1
0.3732	1
0.3756	1
0.378	1
0.3804	1
0.3828	1
0.3852	1
0.3876	1
0.39	1
0.3924	1
0.3948	1
0.3972	1
0.3996	1
0.402	1
0.4044	1
0.4068	1
0.4092	1
0.4116	1
0.414	1
0.4164	1
0.4188	1
0.4212	1
0.4236	1
0.426	1
0.4284	1
0.4308	1
0.4332	1
0.4356	1
0.438	1
0.4404	1
0.4428	1
0.4452	1
0.4476	1
0.45	1
0.4524	1
0.4548	1
0.4572	1
0.4596	1
0.462	1
0.4644	1
0.4668	1
0.4692	1
0.4716	1
0.474	1
0.4764	1
0.4788	1
0.4812	1
0.4836	1
0.486	1
0.4884	1
0.4908	1
0.4932	1
0.4956	1
0.498	1
0.5004	1
0.5028	1
0.5052	1
0.5076	1
0.51	1
0.5124	1
0.5148	1
0.5172	1
0.5196	1
0.522	1
0.5244	1
0.5268	1
0.5292	1
0.5316	1
0.534	1
0.5364	1
0.5388	1
0.5412	1
0.5436	1
0.546	1
0.5484	1
0.5508	1
0.5532	1
0.5556	1
0.558	1
0.5604	1
0.5628	1
0.5652	1
0.5676	1
0.57	1
0.5724	1
0.5748	1
0.5772	1
0.5796	1
0.582	1
0.5844	1
0.5868	1
0.5892	1
0.5916	1
0.594	1
0.5964	1
0.5988	1
0.6012	1
0.6036	1
0.606	1
0.6084	1
0.6108	1
0.6132	1
0.6156	1
0.618	1
0.6204	1
0.6228	1
0.6252	1
0.6276	1
0.63	1
0.6324	1
0.6348	1
0.6372	1
0.6396	1
0.642	1
0.6444	1
0.6468	1
0.6492	1
0.6516	1
0.654	1
0.6564	1
0.6588	1
0.6612	1
0.6636	1
0.666	1
0.6684	1
0.6708	1
0.6732	1
0.6756	1
0.678	1
0.6804	1
0.6828	1
0.6852	1
0.6876	1
0.69	1
0.6924	1
0.6948	1
0.6972	1
0.6996	1
0.702	1
0.7044	1
0.7068	1
0.7092	1
0.7116	1
0.714	1
0.7164	1
0.7188	1
0.7212	1
0.7236	1
0.726	1
0.7284	1
0.7308	1
0.7332	1
0.7356	1
0.738	1
0.7404	1
0.7428	1
0.7452	1
0.7476	1
0.75	1
0.7524	1
0.7548	1
0.7572	1
0.7596	1
0.762	1
0.7644	1
0.7668	1
0.7692	1
0.7716	1
0.774	1
0.7764	1
0.7788	1
0.7812	1
0.7836	1
0.786	1
0.7884	1
0.7908	1
0.7932	1
0.7956	1
0.798	1
0.8004	1
0.8028	1
0.8052	1
0.8076	1
0.81	1
0.8124	1
0.8148	1
0.8172	1
0.8196	1
0.822	1
0.8244	1
0.8268	1
0.8292	1
0.8316	1
0.834	1
0.8364	1
0.8388	1
0.8412	1
0.8436	1
0.846	1
0.8484	1
0.8508	1
0.8532	1
0.8556	1
0.858	1
0.8604	1
0.8628	1
0.8652	1
0.8676	1
0.87	1
0.8724	1
0.8748	1
0.8772	1
0.8796	1
0.882	1
0.8844	1
0.8868	1
0.8892	1
0.8916	1
0.894	1
0.8964	1
0.8988	1
0.9012	1
0.9036	1
0.906	1
0.9084	1
0.9108	1
0.9132	1
0.9156	1
0.918	1
0.9204	1
0.9228	1
0.9252	1
0.9276	1
0.93	1
0.9324	1
0.9348	1
0.9372	1
0.9396	1
0.942	1
0.9444	1
0.9468	1
0.9492	1
0.9516	1
0.954	1
0.9564	1
0.9588	1
0.9612	1
0.9636	1
0.966	1
0.9684	1
0.9708	1
0.9732	1
0.9756	1
0.978	1
0.9804	1
0.9828	1
0.9852	1
0.9876	1
0.99	1
0.9924	1
0.9948	1
0.9972	1
0.9996	1
1.002	1
1.0044	1
1.0068	1
1.0092	1
1.0116	1
1.014	1
1.0164	1
1.0188	1
1.0212	1
1.0236	1
1.026	1
1.0284	1
1.0308	1
1.0332	1
1.0356	1
1.038	1
1.0404	1
1.0428	1
1.0452	1
1.0476	1
1.05	1
1.0524	1
1.0548	1
1.0572	1
1.0596	1
1.062	1
1.0644	1
1.0668	1
1.0692	1
1.0716	1
1.074	1
1.0764	1
1.0788	1
1.0812	1
1.0836	1
1.086	1
1.0884	1
1.0908	1
1.0932	1
1.0956	1
1.098	1
1.1004	1
1.1028	1
1.1052	1
1.1076	1
1.11	1
1.1124	1
1.1148	1
1.1172	1
1.1196	1
1.122	1
1.1244	1
1.1268	1
1.1292	1
1.1316	1
1.134	1
1.1364	1
1.1388	1
1.1412	1
1.1436	1
1.146	1
1.1484	1
1.1508	1
1.1532	1
1.1556	1
1.158	1
1.1604	1
1.1628	1
1.1652	1
1.1676	1
1.17	1
1.1724	1
1.1748	1
1.1772	1
1.1796	1
1.182	1
1.1844	1
1.1868	1
1.1892	1
1.1916	1
1.194	1
1.1964	1
1.1988	1
1.2012	1
1.2036	1
1.206	1
1.2084	1
1.2108	1
1.2132	1
1.2156	1
1.218	1
1.2204	1
1.2228	1
1.2252	1
1.2276	1
1.23	1
1.2324	1
1.2348	1
1.2372	1
1.2396	1
1.242	1
1.2444	1
1.2468	1
1.2492	1
1.2516	1
1.254	1
1.2564	1
1.2588	1
1.2612	1
1.2636	1
1.266	1
1.2684	1
1.2708	1
1.2732	1
1.2756	1
1.278	1
1.2804	1
1.2828	1
1.2852	1
1.2876	1
1.29	1
1.2924	1
1.2948	1
1.2972	1
1.2996	1
1.302	1
1.3044	1
1.3068	1
1.3092	1
1.3116	1
1.314	1
1.3164	1
1.3188	1
1.3212	1
1.3236	1
1.326	1
1.3284	1
1.3308	1
1.3332	1
1.3356	1
1.338	1
1.3404	1
1.3428	1
1.3452	1
1.3476	1
1.35	1
1.3524	1
1.3548	1
1.3572	1
1.3596	1
1.362	1
1.3644	1
1.3668	1
1.3692	1
1.3716	1
1.374	1
1.3764	1
1.3788	1
1.3812	1
1.3836	1
1.386	1
1.3884	1
1.3908	1
1.3932	1
1.3956	1
1.398	1
1.4004	1
1.4028	1
1.4052	1
1.4076	1
1.41	1
1.4124	1
1.4148	1
1.4172	1
1.4196	1
1.422	1
1.4244	1
1.4268	1
1.4292	1
1.4316	1
1.434	1
1.4364	1
1.4388	1
1.4412	1
1.4436	1
1.446	1
1.4484	1
1.4508	1
1.4532	1
1.4556	1
1.458	1
1.4604	1
1.4628	1
1.4652	1
1.4676	1
1.47	1
1.4724	1
1.4748	1
1.4772	1
1.4796	1
1.482	1
1.4844	1
1.4868	1
1.4892	1
1.4916	1
1.494	1
1.4964	1
1.4988	1
1.5012	1
1.5036	1
1.506	1
1.5084	1
1.5108	1
1.5132	1
1.5156	1
1.518	1
1.5204	1
1.5228	1
1.5252	1
1.5276	1
1.53	1
1.5324	1
1.5348	1
1.5372	1
1.5396	1
1.542	1
1.5444	1
1.5468	1
1.5492	1
1.5516	1
1.554	1
1.5564	1
1.5588	1
1.5612	1
1.5636	1
1.566	1
1.5684	1
1.5708	1
1.5732	1
1.5756	1
1.578	1
1.5804	1
1.5828	1
1.5852	1
1.5876	1
1.59	1
1.5924	1
1.5948	1
1.5972	1
1.5996	1
1.602	1
1.6044	1
1.6068	1
1.6092	1
1.6116	1
1.614	1
1.6164	1
1.6188	1
1.6212	1
1.6236	1
1.626	1
1.6284	1
1.6308	1
1.6332	1
1.6356	1
1.638	1
1.6404	1
1.6428	1
1.6452	1
1.6476	1
1.65	1
1.6524	1
1.6548	1
1.6572	1
1.6596	1
1.662	1
1.6644	1
1.6668	1
1.6692	1
1.6716	1
1.674	1
1.6764	1
1.6788	1
1.6812	1
1.6836	1
1.686	1
1.6884	1
1.6908	1
1.6932	1
1.6956	1
1.698	1
1.7004	1
1.7028	1
1.7052	1
1.7076	1
1.71	1
1.7124	1
1.7148	1
1.7172	1
1.7196	1
1.722	1
1.7244	1
1.7268	1
1.7292	1
1.7316	1
1.734	1
1.7364	1
1.7388	1
1.7412	1
1.7436	1
1.746	1
1.7484	1
1.7508	1
1.7532	1
1.7556	1
1.758	1
1.7604	1
1.7628	1
1.7652	1
1.7676	1
1.77	1
1.7724	1
1.7748	1
1.7772	1
1.7796	1
1.782	1
1.7844	1
1.7868	1
1.7892	1
1.7916	1
1.794	1
1.7964	1
1.7988	1
1.8012	1
1.8036	1
1.806	1
1.8084	1
1.8108	1
1.8132	1
1.8156	1
1.818	1
1.8204	1
1.8228	1
1.8252	1
1.8276	1
1.83	1
1.8324	1
1.8348	1
1.8372	1
1.8396	1
1.842	1
1.8444	1
1.8468	1
1.8492	1
1.8516	1
1.854	1
1.8564	1
1.8588	1
1.8612	1
1.8636	1
1.866	1
1.8684	1
1.8708	1
1.8732	1
1.8756	1
1.878	1
1.8804	1
1.8828	1
1.8852	1
1.8876	1
1.89	1
1.8924	1
1.8948	1
1.8972	1
1.8996	1
1.902	1
1.9044	1
1.9068	1
1.9092	1
1.9116	1
1.914	1
1.9164	1
1.9188	1
1.9212	1
1.9236	1
1.926	1
1.9284	1
1.9308	1
1.9332	1
1.9356	1
1.938	1
1.9404	1
1.9428	1
1.9452	1
1.9476	1
1.95	1
1.9524	1
1.9548	1
1.9572	1
1.9596	1
1.962	1
1.9644	1
1.9668	1
1.9692	1
1.9716	1
1.974	1
1.9764	1
1.9788	1
1.9812	1
1.9836	1
1.986	1
1.9884	1
1.9908	1
1.9932	1
1.9956	1
1.998	1
2.0004	1
2.0028	1
2.0052	1
2.0076	1
2.01	1
2.0124	1
2.0148	1
2.0172	1
2.0196	1
2.022	1
2.0244	1
2.0268	1
2.0292	1
2.0316	1
2.034	1
2.0364	1
2.0388	1
2.0412	1
2.0436	1
2.046	1
2.0484	1
2.0508	1
2.0532	1
2.0556	1
2.058	1
2.0604	1
2.0628	1
2.0652	1
2.0676	1
2.07	1
2.0724	1
2.0748	1
2.0772	1
2.0796	1
2.082	1
2.0844	1
2.0868	1
2.0892	1
2.0916	1
2.094	1
2.0964	1
2.0988	1
2.1012	1
2.1036	1
2.106	1
2.1084	1
2.1108	1
2.1132	1
2.1156	1
2.118	1
2.1204	1
2.1228	1
2.1252	1
2.1276	1
2.13	1
2.1324	1
2.1348	1
2.1372	1
2.1396	1
2.142	1
2.1444	1
2.1468	1
2.1492	1
2.1516	1
2.154	1
2.1564	1
2.1588	1
2.1612	1
2.1636	1
2.166	1
2.1684	1
2.1708	1
2.1732	1
2.1756	1
2.178	1
2.1804	1
2.1828	1
2.1852	1
2.1876	1
2.19	1
2.1924	1
2.1948	1
2.1972	1
2.1996	1
2.202	1
2.2044	1
2.2068	1
2.2092	1
2.2116	1
2.214	1
2.2164	1
2.2188	1
2.2212	1
2.2236	1
2.226	1
2.2284	1
2.2308	1
2.2332	1
2.2356	1
2.238	1
2.2404	1
2.2428	1
2.2452	1
2.2476	1
2.25	1
2.2524	1
2.2548	1
2.2572	1
2.2596	1
2.262	1
2.2644	1
2.2668	1
2.2692	1
2.2716	1
2.274	1
2.2764	1
2.2788	1
2.2812	1
2.2836	1
2.286	1
2.2884	1
2.2908	1
2.2932	1
2.2956	1
2.298	1
2.3004	1
2.3028	1
2.3052	1
2.3076	1
2.31	1
2.3124	1
2.3148	1
2.3172	1
2.3196	1
2.322	1
2.3244	1
2.3268	1
2.3292	1
2.3316	1
2.334	1
2.3364	1
2.3388	1
2.3412	1
2.3436	1
2.346	1
2.3484	1
2.3508	1
2.3532	1
2.3556	1
2.358	1
2.3604	1
2.3628	1
2.3652	1
2.3676	1
2.37	1
2.3724	1
2.3748	1
2.3772	1
2.3796	1
2.382	1
2.3844	1
2.3868	1
2.3892	1
2.3916	1
2.394	1
2.3964	1
2.3988	1     
0.0012	1
0.0036	1
0.006	1
0.0084	1
0.0108	1
0.0132	1
0.0156	1
0.018	1
0.0204	1
0.0228	1
0.0252	1
0.0276	1
0.03	1
0.0324	1
0.0348	1
0.0372	1
0.0396	1
0.042	1
0.0444	1
0.0468	1
0.0492	1
0.0516	1
0.054	1
0.0564	1
0.0588	1
0.0612	1
0.0636	1
0.066	1
0.0684	1
0.0708	1
0.0732	1
0.0756	1
0.078	1
0.0804	1
0.0828	1
0.0852	1
0.0876	1
0.09	1
0.0924	1
0.0948	1
0.0972	1
0.0996	1
0.102	1
0.1044	1
0.1068	1
0.1092	1
0.1116	1
0.114	1
0.1164	1
0.1188	1
0.1212	1
0.1236	1
0.126	1
0.1284	1
0.1308	1
0.1332	1
0.1356	1
0.138	1
0.1404	1
0.1428	1
0.1452	1
0.1476	1
0.15	1
0.1524	1
0.1548	1
0.1572	1
0.1596	1
0.162	1
0.1644	1
0.1668	1
0.1692	1
0.1716	1
0.174	1
0.1764	1
0.1788	1
0.1812	1
0.1836	1
0.186	1
0.1884	1
0.1908	1
0.1932	1
0.1956	1
0.198	1
0.2004	1
0.2028	1
0.2052	1
0.2076	1
0.21	1
0.2124	1
0.2148	1
0.2172	1
0.2196	1
0.222	1
0.2244	1
0.2268	1
0.2292	1
0.2316	1
0.234	1
0.2364	1
0.2388	1
0.2412	1
0.2436	1
0.246	1
0.2484	1
0.2508	1
0.2532	1
0.2556	1
0.258	1
0.2604	1
0.2628	1
0.2652	1
0.2676	1
0.27	1
0.2724	1
0.2748	1
0.2772	1
0.2796	1
0.282	1
0.2844	1
0.2868	1
0.2892	1
0.2916	1
0.294	1
0.2964	1
0.2988	1
0.3012	1
0.3036	1
0.306	1
0.3084	1
0.3108	1
0.3132	1
0.3156	1
0.318	1
0.3204	1
0.3228	1
0.3252	1
0.3276	1
0.33	1
0.3324	1
0.3348	1
0.3372	1
0.3396	1
0.342	1
0.3444	1
0.3468	1
0.3492	1
0.3516	1
0.354	1
0.3564	1
0.3588	1
0.3612	1
0.3636	1
0.366	1
0.3684	1
0.3708	1
0.3732	1
0.3756	1
0.378	1
0.3804	1
0.3828	1
0.3852	1
0.3876	1
0.39	1
0.3924	1
0.3948	1
0.3972	1
0.3996	1
0.402	1
0.4044	1
0.4068	1
0.4092	1
0.4116	1
0.414	1
0.4164	1
0.4188	1
0.4212	1
0.4236	1
0.426	1
0.4284	1
0.4308	1
0.4332	1
0.4356	1
0.438	1
0.4404	1
0.4428	1
0.4452	1
0.4476	1
0.45	1
0.4524	1
0.4548	1
0.4572	1
0.4596	1
0.462	1
0.4644	1
0.4668	1
0.4692	1
0.4716	1
0.474	1
0.4764	1
0.4788	1
0.4812	1
0.4836	1
0.486	1
0.4884	1
0.4908	1
0.4932	1
0.4956	1
0.498	1
0.5004	1
0.5028	1
0.5052	1
0.5076	1
0.51	1
0.5124	1
0.5148	1
0.5172	1
0.5196	1
0.522	1
0.5244	1
0.5268	1
0.5292	1
0.5316	1
0.534	1
0.5364	1
0.5388	1
0.5412	1
0.5436	1
0.546	1
0.5484	1
0.5508	1
0.5532	1
0.5556	1
0.558	1
0.5604	1
0.5628	1
0.5652	1
0.5676	1
0.57	1
0.5724	1
0.5748	1
0.5772	1
0.5796	1
0.582	1
0.5844	1
0.5868	1
0.5892	1
0.5916	1
0.594	1
0.5964	1
0.5988	1
0.6012	1
0.6036	1
0.606	1
0.6084	1
0.6108	1
0.6132	1
0.6156	1
0.618	1
0.6204	1
0.6228	1
0.6252	1
0.6276	1
0.63	1
0.6324	1
0.6348	1
0.6372	1
0.6396	1
0.642	1
0.6444	1
0.6468	1
0.6492	1
0.6516	1
0.654	1
0.6564	1
0.6588	1
0.6612	1
0.6636	1
0.666	1
0.6684	1
0.6708	1
0.6732	1
0.6756	1
0.678	1
0.6804	1
0.6828	1
0.6852	1
0.6876	1
0.69	1
0.6924	1
0.6948	1
0.6972	1
0.6996	1
0.702	1
0.7044	1
0.7068	1
0.7092	1
0.7116	1
0.714	1
0.7164	1
0.7188	1
0.7212	1
0.7236	1
0.726	1
0.7284	1
0.7308	1
0.7332	1
0.7356	1
0.738	1
0.7404	1
0.7428	1
0.7452	1
0.7476	1
0.75	1
0.7524	1
0.7548	1
0.7572	1
0.7596	1
0.762	1
0.7644	1
0.7668	1
0.7692	1
0.7716	1
0.774	1
0.7764	1
0.7788	1
0.7812	1
0.7836	1
0.786	1
0.7884	1
0.7908	1
0.7932	1
0.7956	1
0.798	1
0.8004	1
0.8028	1
0.8052	1
0.8076	1
0.81	1
0.8124	1
0.8148	1
0.8172	1
0.8196	1
0.822	1
0.8244	1
0.8268	1
0.8292	1
0.8316	1
0.834	1
0.8364	1
0.8388	1
0.8412	1
0.8436	1
0.846	1
0.8484	1
0.8508	1
0.8532	1
0.8556	1
0.858	1
0.8604	1
0.8628	1
0.8652	1
0.8676	1
0.87	1
0.8724	1
0.8748	1
0.8772	1
0.8796	1
0.882	1
0.8844	1
0.8868	1
0.8892	1
0.8916	1
0.894	1
0.8964	1
0.8988	1
0.9012	1
0.9036	1
0.906	1
0.9084	1
0.9108	1
0.9132	1
0.9156	1
0.918	1
0.9204	1
0.9228	1
0.9252	1
0.9276	1
0.93	1
0.9324	1
0.9348	1
0.9372	1
0.9396	1
0.942	1
0.9444	1
0.9468	1
0.9492	1
0.9516	1
0.954	1
0.9564	1
0.9588	1
0.9612	1
0.9636	1
0.966	1
0.9684	1
0.9708	1
0.9732	1
0.9756	1
0.978	1
0.9804	1
0.9828	1
0.9852	1
0.9876	1
0.99	1
0.9924	1
0.9948	1
0.9972	1
0.9996	1
1.002	1
1.0044	1
1.0068	1
1.0092	1
1.0116	1
1.014	1
1.0164	1
1.0188	1
1.0212	1
1.0236	1
1.026	1
1.0284	1
1.0308	1
1.0332	1
1.0356	1
1.038	1
1.0404	1
1.0428	1
1.0452	1
1.0476	1
1.05	1
1.0524	1
1.0548	1
1.0572	1
1.0596	1
1.062	1
1.0644	1
1.0668	1
1.0692	1
1.0716	1
1.074	1
1.0764	1
1.0788	1
1.0812	1
1.0836	1
1.086	1
1.0884	1
1.0908	1
1.0932	1
1.0956	1
1.098	1
1.1004	1
1.1028	1
1.1052	1
1.1076	1
1.11	1
1.1124	1
1.1148	1
1.1172	1
1.1196	1
1.122	1
1.1244	1
1.1268	1
1.1292	1
1.1316	1
1.134	1
1.1364	1
1.1388	1
1.1412	1
1.1436	1
1.146	1
1.1484	1
1.1508	1
1.1532	1
1.1556	1
1.158	1
1.1604	1
1.1628	1
1.1652	1
1.1676	1
1.17	1
1.1724	1
1.1748	1
1.1772	1
1.1796	1
1.182	1
1.1844	1
1.1868	1
1.1892	1
1.1916	1
1.194	1
1.1964	1
1.1988	1
1.2012	1
1.2036	1
1.206	1
1.2084	1
1.2108	1
1.2132	1
1.2156	1
1.218	1
1.2204	1
1.2228	1
1.2252	1
1.2276	1
1.23	1
1.2324	1
1.2348	1
1.2372	1
1.2396	1
1.242	1
1.2444	1
1.2468	1
1.2492	1
1.2516	1
1.254	1
1.2564	1
1.2588	1
1.2612	1
1.2636	1
1.266	1
1.2684	1
1.2708	1
1.2732	1
1.2756	1
1.278	1
1.2804	1
1.2828	1
1.2852	1
1.2876	1
1.29	1
1.2924	1
1.2948	1
1.2972	1
1.2996	1
1.302	1
1.3044	1
1.3068	1
1.3092	1
1.3116	1
1.314	1
1.3164	1
1.3188	1
1.3212	1
1.3236	1
1.326	1
1.3284	1
1.3308	1
1.3332	1
1.3356	1
1.338	1
1.3404	1
1.3428	1
1.3452	1
1.3476	1
1.35	1
1.3524	1
1.3548	1
1.3572	1
1.3596	1
1.362	1
1.3644	1
1.3668	1
1.3692	1
1.3716	1
1.374	1
1.3764	1
1.3788	1
1.3812	1
1.3836	1
1.386	1
1.3884	1
1.3908	1
1.3932	1
1.3956	1
1.398	1
1.4004	1
1.4028	1
1.4052	1
1.4076	1
1.41	1
1.4124	1
1.4148	1
1.4172	1
1.4196	1
1.422	1
1.4244	1
1.4268	1
1.4292	1
1.4316	1
1.434	1
1.4364	1
1.4388	1
1.4412	1
1.4436	1
1.446	1
1.4484	1
1.4508	1
1.4532	1
1.4556	1
1.458	1
1.4604	1
1.4628	1
1.4652	1
1.4676	1
1.47	1
1.4724	1
1.4748	1
1.4772	1
1.4796	1
1.482	1
1.4844	1
1.4868	1
1.4892	1
1.4916	1
1.494	1
1.4964	1
1.4988	1
1.5012	1
1.5036	1
1.506	1
1.5084	1
1.5108	1
1.5132	1
1.5156	1
1.518	1
1.5204	1
1.5228	1
1.5252	1
1.5276	1
1.53	1
1.5324	1
1.5348	1
1.5372	1
1.5396	1
1.542	1
1.5444	1
1.5468	1
1.5492	1
1.5516	1
1.554	1
1.5564	1
1.5588	1
1.5612	1
1.5636	1
1.566	1
1.5684	1
1.5708	1
1.5732	1
1.5756	1
1.578	1
1.5804	1
1.5828	1
1.5852	1
1.5876	1
1.59	1
1.5924	1
1.5948	1
1.5972	1
1.5996	1
1.602	1
1.6044	1
1.6068	1
1.6092	1
1.6116	1
1.614	1
1.6164	1
1.6188	1
1.6212	1
1.6236	1
1.626	1
1.6284	1
1.6308	1
1.6332	1
1.6356	1
1.638	1
1.6404	1
1.6428	1
1.6452	1
1.6476	1
1.65	1
1.6524	1
1.6548	1
1.6572	1
1.6596	1
1.662	1
1.6644	1
1.6668	1
1.6692	1
1.6716	1
1.674	1
1.6764	1
1.6788	1
1.6812	1
1.6836	1
1.686	1
1.6884	1
1.6908	1
1.6932	1
1.6956	1
1.698	1
1.7004	1
1.7028	1
1.7052	1
1.7076	1
1.71	1
1.7124	1
1.7148	1
1.7172	1
1.7196	1
1.722	1
1.7244	1
1.7268	1
1.7292	1
1.7316	1
1.734	1
1.7364	1
1.7388	1
1.7412	1
1.7436	1
1.746	1
1.7484	1
1.7508	1
1.7532	1
1.7556	1
1.758	1
1.7604	1
1.7628	1
1.7652	1
1.7676	1
1.77	1
1.7724	1
1.7748	1
1.7772	1
1.7796	1
1.782	1
1.7844	1
1.7868	1
1.7892	1
1.7916	1
1.794	1
1.7964	1
1.7988	1
1.8012	1
1.8036	1
1.806	1
1.8084	1
1.8108	1
1.8132	1
1.8156	1
1.818	1
1.8204	1
1.8228	1
1.8252	1
1.8276	1
1.83	1
1.8324	1
1.8348	1
1.8372	1
1.8396	1
1.842	1
1.8444	1
1.8468	1
1.8492	1
1.8516	1
1.854	1
1.8564	1
1.8588	1
1.8612	1
1.8636	1
1.866	1
1.8684	1
1.8708	1
1.8732	1
1.8756	1
1.878	1
1.8804	1
1.8828	1
1.8852	1
1.8876	1
1.89	1
1.8924	1
1.8948	1
1.8972	1
1.8996	1
1.902	1
1.9044	1
1.9068	1
1.9092	1
1.9116	1
1.914	1
1.9164	1
1.9188	1
1.9212	1
1.9236	1
1.926	1
1.9284	1
1.9308	1
1.9332	1
1.9356	1
1.938	1
1.9404	1
1.9428	1
1.9452	1
1.9476	1
1.95	1
1.9524	1
1.9548	1
1.9572	1
1.9596	1
1.962	1
1.9644	1
1.9668	1
1.9692	1
1.9716	1
1.974	1
1.9764	1
1.9788	1
1.9812	1
1.9836	1
1.986	1
1.9884	1
1.9908	1
1.9932	1
1.9956	1
1.998	1
2.0004	1
2.0028	1
2.0052	1
2.0076	1
2.01	1
2.0124	1
2.0148	1
2.0172	1
2.0196	1
2.022	1
2.0244	1
2.0268	1
2.0292	1
2.0316	1
2.034	1
2.0364	1
2.0388	1
2.0412	1
2.0436	1
2.046	1
2.0484	1
2.0508	1
2.0532	1
2.0556	1
2.058	1
2.0604	1
2.0628	1
2.0652	1
2.0676	1
2.07	1
2.0724	1
2.0748	1
2.0772	1
2.0796	1
2.082	1
2.0844	1
2.0868	1
2.0892	1
2.0916	1
2.094	1
2.0964	1
2.0988	1
2.1012	1
2.1036	1
2.106	1
2.1084	1
2.1108	1
2.1132	1
2.1156	1
2.118	1
2.1204	1
2.1228	1
2.1252	1
2.1276	1
2.13	1
2.1324	1
2.1348	1
2.1372	1
2.1396	1
2.142	1
2.1444	1
2.1468	1
2.1492	1
2.1516	1
2.154	1
2.1564	1
2.1588	1
2.1612	1
2.1636	1
2.166	1
2.1684	1
2.1708	1
2.1732	1
2.1756	1
2.178	1
2.1804	1
2.1828	1
2.1852	1
2.1876	1
2.19	1
2.1924	1
2.1948	1
2.1972	1
2.1996	1
2.202	1
2.2044	1
2.2068	1
2.2092	1
2.2116	1
2.214	1
2.2164	1
2.2188	1
2.2212	1
2.2236	1
2.226	1
2.2284	1
2.2308	1
2.2332	1
2.2356	1
2.238	1
2.2404	1
2.2428	1
2.2452	1
2.2476	1
2.25	1
2.2524	1
2.2548	1
2.2572	1
2.2596	1
2.262	1
2.2644	1
2.2668	1
2.2692	1
2.2716	1
2.274	1
2.2764	1
2.2788	1
2.2812	1
2.2836	1
2.286	1
2.2884	1
2.2908	1
2.2932	1
2.2956	1
2.298	1
2.3004	1
2.3028	1
2.3052	1
2.3076	1
2.31	1
2.3124	1
2.3148	1
2.3172	1
2.3196	1
2.322	1
2.3244	1
2.3268	1
2.3292	1
2.3316	1
2.334	1
2.3364	1
2.3388	1
2.3412	1
2.3436	1
2.346	1
2.3484	1
2.3508	1
2.3532	1
2.3556	1
2.358	1
2.3604	1
2.3628	1
2.3652	1
2.3676	1
2.37	1
2.3724	1
2.3748	1
2.3772	1
2.3796	1
2.382	1
2.3844	1
2.3868	1
2.3892	1
2.3916	1
2.394	1
2.3964	1
2.3988	1    
