
tanB/mH		     R(D)		     R(D*)

0.000		0.440 +- 0.072 		0.332 +- 0.030
0.001		0.440 +- 0.072 		0.332 +- 0.030
0.002		0.440 +- 0.072 		0.332 +- 0.030
0.003		0.440 +- 0.072 		0.332 +- 0.030
0.004		0.440 +- 0.072 		0.332 +- 0.030
0.005		0.440 +- 0.072 		0.332 +- 0.030
0.006		0.440 +- 0.072 		0.332 +- 0.030
0.007		0.440 +- 0.072 		0.332 +- 0.030
0.008		0.440 +- 0.072 		0.332 +- 0.030
0.009		0.440 +- 0.072 		0.332 +- 0.030
0.010		0.440 +- 0.072 		0.332 +- 0.030
0.011		0.440 +- 0.072 		0.332 +- 0.030
0.012		0.440 +- 0.072 		0.332 +- 0.030
0.013		0.440 +- 0.072 		0.332 +- 0.030
0.014		0.440 +- 0.072 		0.332 +- 0.030
0.015		0.441 +- 0.072 		0.332 +- 0.030
0.016		0.441 +- 0.072 		0.332 +- 0.030
0.017		0.441 +- 0.072 		0.332 +- 0.030
0.018		0.441 +- 0.072 		0.332 +- 0.030
0.019		0.441 +- 0.072 		0.332 +- 0.030
0.020		0.441 +- 0.072 		0.332 +- 0.030
0.021		0.441 +- 0.072 		0.332 +- 0.030
0.022		0.441 +- 0.072 		0.332 +- 0.030
0.023		0.441 +- 0.072 		0.332 +- 0.030
0.024		0.441 +- 0.072 		0.332 +- 0.030
0.025		0.441 +- 0.072 		0.332 +- 0.030
0.026		0.441 +- 0.072 		0.332 +- 0.030
0.027		0.441 +- 0.072 		0.332 +- 0.030
0.028		0.441 +- 0.072 		0.332 +- 0.030
0.029		0.441 +- 0.072 		0.332 +- 0.030
0.030		0.441 +- 0.072 		0.332 +- 0.030
0.031		0.441 +- 0.072 		0.332 +- 0.030
0.032		0.441 +- 0.072 		0.332 +- 0.030
0.033		0.441 +- 0.072 		0.332 +- 0.030
0.034		0.441 +- 0.072 		0.332 +- 0.030
0.035		0.441 +- 0.072 		0.332 +- 0.030
0.036		0.441 +- 0.072 		0.332 +- 0.030
0.037		0.441 +- 0.072 		0.332 +- 0.030
0.038		0.441 +- 0.072 		0.332 +- 0.030
0.039		0.441 +- 0.072 		0.332 +- 0.030
0.040		0.442 +- 0.072 		0.332 +- 0.030
0.041		0.442 +- 0.072 		0.332 +- 0.030
0.042		0.442 +- 0.072 		0.332 +- 0.030
0.043		0.442 +- 0.072 		0.332 +- 0.030
0.044		0.442 +- 0.072 		0.332 +- 0.030
0.045		0.442 +- 0.072 		0.332 +- 0.030
0.046		0.442 +- 0.072 		0.332 +- 0.030
0.047		0.442 +- 0.072 		0.332 +- 0.030
0.048		0.442 +- 0.072 		0.332 +- 0.030
0.049		0.442 +- 0.072 		0.332 +- 0.030
0.050		0.442 +- 0.072 		0.332 +- 0.030
0.051		0.442 +- 0.072 		0.332 +- 0.030
0.052		0.442 +- 0.072 		0.332 +- 0.030
0.053		0.442 +- 0.072 		0.332 +- 0.030
0.054		0.442 +- 0.072 		0.332 +- 0.030
0.055		0.442 +- 0.072 		0.332 +- 0.030
0.056		0.443 +- 0.072 		0.332 +- 0.030
0.057		0.443 +- 0.072 		0.332 +- 0.030
0.058		0.443 +- 0.072 		0.332 +- 0.030
0.059		0.443 +- 0.072 		0.332 +- 0.030
0.060		0.443 +- 0.072 		0.332 +- 0.030
0.061		0.443 +- 0.072 		0.332 +- 0.030
0.062		0.443 +- 0.072 		0.332 +- 0.030
0.063		0.443 +- 0.072 		0.332 +- 0.030
0.064		0.443 +- 0.072 		0.332 +- 0.030
0.065		0.443 +- 0.072 		0.332 +- 0.030
0.066		0.443 +- 0.072 		0.332 +- 0.030
0.067		0.443 +- 0.072 		0.332 +- 0.030
0.068		0.443 +- 0.072 		0.332 +- 0.030
0.069		0.444 +- 0.072 		0.332 +- 0.030
0.070		0.444 +- 0.072 		0.332 +- 0.030
0.071		0.444 +- 0.072 		0.332 +- 0.030
0.072		0.444 +- 0.072 		0.332 +- 0.030
0.073		0.444 +- 0.072 		0.332 +- 0.030
0.074		0.444 +- 0.072 		0.332 +- 0.030
0.075		0.444 +- 0.072 		0.332 +- 0.030
0.076		0.444 +- 0.072 		0.332 +- 0.030
0.077		0.444 +- 0.072 		0.332 +- 0.030
0.078		0.444 +- 0.072 		0.332 +- 0.030
0.079		0.444 +- 0.072 		0.332 +- 0.030
0.080		0.445 +- 0.072 		0.332 +- 0.030
0.081		0.445 +- 0.072 		0.332 +- 0.030
0.082		0.445 +- 0.072 		0.332 +- 0.030
0.083		0.445 +- 0.072 		0.332 +- 0.030
0.084		0.445 +- 0.072 		0.332 +- 0.030
0.085		0.445 +- 0.072 		0.332 +- 0.030
0.086		0.445 +- 0.072 		0.332 +- 0.030
0.087		0.445 +- 0.072 		0.332 +- 0.030
0.088		0.445 +- 0.072 		0.332 +- 0.030
0.089		0.445 +- 0.072 		0.332 +- 0.030
0.090		0.446 +- 0.072 		0.332 +- 0.030
0.091		0.446 +- 0.072 		0.332 +- 0.030
0.092		0.446 +- 0.072 		0.332 +- 0.030
0.093		0.446 +- 0.072 		0.332 +- 0.030
0.094		0.446 +- 0.072 		0.332 +- 0.030
0.095		0.446 +- 0.072 		0.332 +- 0.030
0.096		0.446 +- 0.072 		0.332 +- 0.030
0.097		0.446 +- 0.072 		0.332 +- 0.030
0.098		0.447 +- 0.072 		0.332 +- 0.030
0.099		0.447 +- 0.072 		0.332 +- 0.030
0.100		0.447 +- 0.072 		0.332 +- 0.030
0.101		0.447 +- 0.072 		0.332 +- 0.030
0.102		0.447 +- 0.072 		0.332 +- 0.030
0.103		0.447 +- 0.072 		0.332 +- 0.030
0.104		0.447 +- 0.072 		0.332 +- 0.030
0.105		0.447 +- 0.072 		0.332 +- 0.030
0.106		0.448 +- 0.072 		0.332 +- 0.030
0.107		0.448 +- 0.072 		0.332 +- 0.030
0.108		0.448 +- 0.072 		0.332 +- 0.030
0.109		0.448 +- 0.072 		0.332 +- 0.030
0.110		0.448 +- 0.072 		0.332 +- 0.030
0.111		0.448 +- 0.072 		0.333 +- 0.030
0.112		0.448 +- 0.072 		0.333 +- 0.030
0.113		0.449 +- 0.072 		0.333 +- 0.030
0.114		0.449 +- 0.072 		0.333 +- 0.030
0.115		0.449 +- 0.072 		0.333 +- 0.030
0.116		0.449 +- 0.072 		0.333 +- 0.030
0.117		0.449 +- 0.072 		0.333 +- 0.030
0.118		0.449 +- 0.072 		0.333 +- 0.030
0.119		0.449 +- 0.072 		0.333 +- 0.030
0.120		0.450 +- 0.072 		0.333 +- 0.030
0.121		0.450 +- 0.072 		0.333 +- 0.030
0.122		0.450 +- 0.072 		0.333 +- 0.030
0.123		0.450 +- 0.072 		0.333 +- 0.030
0.124		0.450 +- 0.072 		0.333 +- 0.030
0.125		0.450 +- 0.072 		0.333 +- 0.030
0.126		0.450 +- 0.072 		0.333 +- 0.030
0.127		0.451 +- 0.072 		0.333 +- 0.030
0.128		0.451 +- 0.072 		0.333 +- 0.030
0.129		0.451 +- 0.072 		0.333 +- 0.030
0.130		0.451 +- 0.072 		0.333 +- 0.030
0.131		0.451 +- 0.072 		0.333 +- 0.030
0.132		0.451 +- 0.072 		0.333 +- 0.030
0.133		0.452 +- 0.072 		0.333 +- 0.030
0.134		0.452 +- 0.072 		0.333 +- 0.030
0.135		0.452 +- 0.072 		0.333 +- 0.030
0.136		0.452 +- 0.072 		0.333 +- 0.030
0.137		0.452 +- 0.072 		0.333 +- 0.030
0.138		0.452 +- 0.072 		0.333 +- 0.030
0.139		0.453 +- 0.072 		0.333 +- 0.030
0.140		0.453 +- 0.072 		0.333 +- 0.030
0.141		0.453 +- 0.072 		0.333 +- 0.030
0.142		0.453 +- 0.072 		0.333 +- 0.030
0.143		0.453 +- 0.072 		0.333 +- 0.030
0.144		0.453 +- 0.072 		0.333 +- 0.030
0.145		0.453 +- 0.072 		0.333 +- 0.030
0.146		0.454 +- 0.072 		0.333 +- 0.030
0.147		0.454 +- 0.072 		0.333 +- 0.030
0.148		0.454 +- 0.072 		0.333 +- 0.030
0.149		0.454 +- 0.072 		0.333 +- 0.030
0.150		0.454 +- 0.072 		0.334 +- 0.030
0.151		0.454 +- 0.072 		0.334 +- 0.030
0.152		0.455 +- 0.072 		0.334 +- 0.030
0.153		0.455 +- 0.072 		0.334 +- 0.030
0.154		0.455 +- 0.072 		0.334 +- 0.030
0.155		0.455 +- 0.072 		0.334 +- 0.030
0.156		0.455 +- 0.072 		0.334 +- 0.030
0.157		0.455 +- 0.072 		0.334 +- 0.030
0.158		0.456 +- 0.072 		0.334 +- 0.030
0.159		0.456 +- 0.072 		0.334 +- 0.030
0.160		0.456 +- 0.073 		0.334 +- 0.030
0.161		0.456 +- 0.073 		0.334 +- 0.030
0.162		0.456 +- 0.073 		0.334 +- 0.030
0.163		0.456 +- 0.073 		0.334 +- 0.030
0.164		0.457 +- 0.073 		0.334 +- 0.030
0.165		0.457 +- 0.073 		0.334 +- 0.030
0.166		0.457 +- 0.073 		0.334 +- 0.030
0.167		0.457 +- 0.073 		0.334 +- 0.030
0.168		0.457 +- 0.073 		0.334 +- 0.030
0.169		0.457 +- 0.073 		0.334 +- 0.030
0.170		0.458 +- 0.073 		0.334 +- 0.030
0.171		0.458 +- 0.073 		0.334 +- 0.030
0.172		0.458 +- 0.073 		0.334 +- 0.030
0.173		0.458 +- 0.073 		0.334 +- 0.030
0.174		0.458 +- 0.073 		0.334 +- 0.030
0.175		0.458 +- 0.073 		0.334 +- 0.030
0.176		0.459 +- 0.073 		0.334 +- 0.030
0.177		0.459 +- 0.073 		0.334 +- 0.030
0.178		0.459 +- 0.073 		0.335 +- 0.030
0.179		0.459 +- 0.073 		0.335 +- 0.030
0.180		0.459 +- 0.073 		0.335 +- 0.030
0.181		0.459 +- 0.073 		0.335 +- 0.030
0.182		0.460 +- 0.073 		0.335 +- 0.030
0.183		0.460 +- 0.073 		0.335 +- 0.030
0.184		0.460 +- 0.073 		0.335 +- 0.030
0.185		0.460 +- 0.073 		0.335 +- 0.030
0.186		0.460 +- 0.073 		0.335 +- 0.030
0.187		0.460 +- 0.073 		0.335 +- 0.030
0.188		0.460 +- 0.073 		0.335 +- 0.030
0.189		0.461 +- 0.073 		0.335 +- 0.030
0.190		0.461 +- 0.073 		0.335 +- 0.030
0.191		0.461 +- 0.073 		0.335 +- 0.030
0.192		0.461 +- 0.073 		0.335 +- 0.030
0.193		0.461 +- 0.073 		0.335 +- 0.030
0.194		0.461 +- 0.073 		0.335 +- 0.030
0.195		0.462 +- 0.073 		0.335 +- 0.030
0.196		0.462 +- 0.073 		0.335 +- 0.030
0.197		0.462 +- 0.073 		0.335 +- 0.030
0.198		0.462 +- 0.073 		0.335 +- 0.030
0.199		0.462 +- 0.073 		0.335 +- 0.030
0.200		0.462 +- 0.073 		0.336 +- 0.030
0.201		0.462 +- 0.073 		0.336 +- 0.030
0.202		0.463 +- 0.073 		0.336 +- 0.030
0.203		0.463 +- 0.073 		0.336 +- 0.030
0.204		0.463 +- 0.073 		0.336 +- 0.030
0.205		0.463 +- 0.073 		0.336 +- 0.030
0.206		0.463 +- 0.073 		0.336 +- 0.030
0.207		0.463 +- 0.073 		0.336 +- 0.030
0.208		0.463 +- 0.073 		0.336 +- 0.030
0.209		0.464 +- 0.073 		0.336 +- 0.030
0.210		0.464 +- 0.073 		0.336 +- 0.030
0.211		0.464 +- 0.073 		0.336 +- 0.030
0.212		0.464 +- 0.073 		0.336 +- 0.030
0.213		0.464 +- 0.073 		0.336 +- 0.030
0.214		0.464 +- 0.073 		0.336 +- 0.030
0.215		0.464 +- 0.073 		0.336 +- 0.030
0.216		0.465 +- 0.073 		0.336 +- 0.030
0.217		0.465 +- 0.073 		0.336 +- 0.030
0.218		0.465 +- 0.073 		0.336 +- 0.030
0.219		0.465 +- 0.073 		0.336 +- 0.030
0.220		0.465 +- 0.073 		0.336 +- 0.030
0.221		0.465 +- 0.073 		0.336 +- 0.030
0.222		0.465 +- 0.073 		0.337 +- 0.030
0.223		0.465 +- 0.073 		0.337 +- 0.030
0.224		0.466 +- 0.073 		0.337 +- 0.030
0.225		0.466 +- 0.073 		0.337 +- 0.030
0.226		0.466 +- 0.073 		0.337 +- 0.030
0.227		0.466 +- 0.073 		0.337 +- 0.030
0.228		0.466 +- 0.073 		0.337 +- 0.030
0.229		0.466 +- 0.073 		0.337 +- 0.030
0.230		0.466 +- 0.073 		0.337 +- 0.030
0.231		0.467 +- 0.073 		0.337 +- 0.030
0.232		0.467 +- 0.073 		0.337 +- 0.030
0.233		0.467 +- 0.073 		0.337 +- 0.030
0.234		0.467 +- 0.073 		0.337 +- 0.030
0.235		0.467 +- 0.073 		0.337 +- 0.030
0.236		0.467 +- 0.073 		0.337 +- 0.030
0.237		0.467 +- 0.073 		0.337 +- 0.030
0.238		0.467 +- 0.073 		0.337 +- 0.030
0.239		0.468 +- 0.073 		0.337 +- 0.030
0.240		0.468 +- 0.073 		0.337 +- 0.030
0.241		0.468 +- 0.073 		0.337 +- 0.030
0.242		0.468 +- 0.074 		0.337 +- 0.030
0.243		0.468 +- 0.074 		0.337 +- 0.030
0.244		0.468 +- 0.074 		0.337 +- 0.030
0.245		0.468 +- 0.074 		0.337 +- 0.030
0.246		0.468 +- 0.074 		0.337 +- 0.030
0.247		0.469 +- 0.074 		0.337 +- 0.030
0.248		0.469 +- 0.074 		0.337 +- 0.030
0.249		0.469 +- 0.074 		0.337 +- 0.030
0.250		0.469 +- 0.074 		0.337 +- 0.030
0.251		0.469 +- 0.074 		0.337 +- 0.030
0.252		0.469 +- 0.074 		0.337 +- 0.030
0.253		0.469 +- 0.074 		0.337 +- 0.030
0.254		0.469 +- 0.074 		0.337 +- 0.030
0.255		0.470 +- 0.074 		0.337 +- 0.030
0.256		0.470 +- 0.074 		0.337 +- 0.030
0.257		0.470 +- 0.074 		0.337 +- 0.030
0.258		0.470 +- 0.074 		0.337 +- 0.030
0.259		0.470 +- 0.074 		0.337 +- 0.030
0.260		0.470 +- 0.074 		0.337 +- 0.030
0.261		0.470 +- 0.074 		0.337 +- 0.030
0.262		0.470 +- 0.074 		0.337 +- 0.030
0.263		0.470 +- 0.074 		0.337 +- 0.030
0.264		0.471 +- 0.074 		0.337 +- 0.030
0.265		0.471 +- 0.074 		0.337 +- 0.030
0.266		0.471 +- 0.074 		0.337 +- 0.030
0.267		0.471 +- 0.074 		0.337 +- 0.030
0.268		0.471 +- 0.074 		0.337 +- 0.030
0.269		0.471 +- 0.074 		0.337 +- 0.030
0.270		0.471 +- 0.074 		0.337 +- 0.030
0.271		0.471 +- 0.074 		0.337 +- 0.030
0.272		0.471 +- 0.074 		0.337 +- 0.030
0.273		0.471 +- 0.074 		0.337 +- 0.030
0.274		0.471 +- 0.074 		0.337 +- 0.030
0.275		0.471 +- 0.074 		0.337 +- 0.030
0.276		0.471 +- 0.074 		0.337 +- 0.030
0.277		0.471 +- 0.074 		0.337 +- 0.030
0.278		0.472 +- 0.074 		0.337 +- 0.030
0.279		0.472 +- 0.074 		0.337 +- 0.030
0.280		0.472 +- 0.074 		0.336 +- 0.030
0.281		0.472 +- 0.074 		0.336 +- 0.030
0.282		0.472 +- 0.074 		0.336 +- 0.030
0.283		0.472 +- 0.074 		0.336 +- 0.030
0.284		0.472 +- 0.074 		0.336 +- 0.030
0.285		0.472 +- 0.074 		0.336 +- 0.030
0.286		0.472 +- 0.075 		0.336 +- 0.030
0.287		0.472 +- 0.075 		0.336 +- 0.030
0.288		0.472 +- 0.075 		0.336 +- 0.030
0.289		0.472 +- 0.075 		0.336 +- 0.030
0.290		0.471 +- 0.075 		0.336 +- 0.030
0.291		0.471 +- 0.075 		0.336 +- 0.030
0.292		0.471 +- 0.075 		0.336 +- 0.030
0.293		0.471 +- 0.075 		0.335 +- 0.030
0.294		0.471 +- 0.075 		0.335 +- 0.030
0.295		0.471 +- 0.075 		0.335 +- 0.030
0.296		0.471 +- 0.075 		0.335 +- 0.030
0.297		0.471 +- 0.075 		0.335 +- 0.030
0.298		0.471 +- 0.075 		0.335 +- 0.030
0.299		0.471 +- 0.075 		0.335 +- 0.030
0.300		0.470 +- 0.075 		0.335 +- 0.030
0.301		0.470 +- 0.075 		0.335 +- 0.030
0.302		0.470 +- 0.075 		0.334 +- 0.030
0.303		0.470 +- 0.075 		0.334 +- 0.030
0.304		0.470 +- 0.075 		0.334 +- 0.030
0.305		0.470 +- 0.075 		0.334 +- 0.030
0.306		0.469 +- 0.075 		0.334 +- 0.030
0.307		0.469 +- 0.075 		0.334 +- 0.030
0.308		0.469 +- 0.075 		0.334 +- 0.030
0.309		0.469 +- 0.075 		0.334 +- 0.030
0.310		0.468 +- 0.075 		0.333 +- 0.030
0.311		0.468 +- 0.075 		0.333 +- 0.030
0.312		0.468 +- 0.075 		0.333 +- 0.030
0.313		0.467 +- 0.075 		0.333 +- 0.030
0.314		0.467 +- 0.075 		0.333 +- 0.030
0.315		0.467 +- 0.075 		0.333 +- 0.030
0.316		0.466 +- 0.075 		0.333 +- 0.030
0.317		0.466 +- 0.075 		0.332 +- 0.030
0.318		0.466 +- 0.075 		0.332 +- 0.030
0.319		0.465 +- 0.075 		0.332 +- 0.030
0.320		0.465 +- 0.076 		0.332 +- 0.030
0.321		0.464 +- 0.076 		0.332 +- 0.030
0.322		0.464 +- 0.076 		0.332 +- 0.030
0.323		0.463 +- 0.076 		0.332 +- 0.030
0.324		0.463 +- 0.076 		0.331 +- 0.030
0.325		0.462 +- 0.076 		0.331 +- 0.030
0.326		0.462 +- 0.076 		0.331 +- 0.030
0.327		0.461 +- 0.076 		0.331 +- 0.030
0.328		0.461 +- 0.076 		0.331 +- 0.030
0.329		0.460 +- 0.076 		0.331 +- 0.030
0.330		0.459 +- 0.076 		0.331 +- 0.030
0.331		0.459 +- 0.076 		0.330 +- 0.030
0.332		0.458 +- 0.076 		0.330 +- 0.030
0.333		0.457 +- 0.076 		0.330 +- 0.030
0.334		0.456 +- 0.076 		0.330 +- 0.030
0.335		0.456 +- 0.076 		0.330 +- 0.030
0.336		0.455 +- 0.076 		0.330 +- 0.030
0.337		0.454 +- 0.076 		0.330 +- 0.030
0.338		0.453 +- 0.076 		0.330 +- 0.030
0.339		0.452 +- 0.076 		0.330 +- 0.030
0.340		0.451 +- 0.076 		0.330 +- 0.030
0.341		0.451 +- 0.076 		0.329 +- 0.030
0.342		0.450 +- 0.076 		0.329 +- 0.030
0.343		0.449 +- 0.076 		0.329 +- 0.030
0.344		0.448 +- 0.076 		0.329 +- 0.030
0.345		0.447 +- 0.075 		0.329 +- 0.030
0.346		0.445 +- 0.075 		0.329 +- 0.030
0.347		0.444 +- 0.075 		0.329 +- 0.030
0.348		0.443 +- 0.075 		0.329 +- 0.030
0.349		0.442 +- 0.075 		0.329 +- 0.030
0.350		0.441 +- 0.075 		0.329 +- 0.030
0.351		0.440 +- 0.075 		0.329 +- 0.030
0.352		0.438 +- 0.075 		0.329 +- 0.030
0.353		0.437 +- 0.075 		0.329 +- 0.030
0.354		0.436 +- 0.075 		0.329 +- 0.030
0.355		0.434 +- 0.075 		0.329 +- 0.030
0.356		0.433 +- 0.075 		0.329 +- 0.030
0.357		0.432 +- 0.075 		0.329 +- 0.030
0.358		0.430 +- 0.075 		0.329 +- 0.030
0.359		0.429 +- 0.075 		0.329 +- 0.030
0.360		0.427 +- 0.075 		0.329 +- 0.030
0.361		0.426 +- 0.075 		0.329 +- 0.030
0.362		0.424 +- 0.075 		0.329 +- 0.030
0.363		0.423 +- 0.074 		0.329 +- 0.030
0.364		0.421 +- 0.074 		0.329 +- 0.030
0.365		0.420 +- 0.074 		0.329 +- 0.030
0.366		0.418 +- 0.074 		0.329 +- 0.030
0.367		0.417 +- 0.074 		0.329 +- 0.030
0.368		0.415 +- 0.074 		0.329 +- 0.030
0.369		0.413 +- 0.074 		0.329 +- 0.030
0.370		0.412 +- 0.074 		0.329 +- 0.030
0.371		0.410 +- 0.074 		0.329 +- 0.030
0.372		0.408 +- 0.074 		0.330 +- 0.030
0.373		0.407 +- 0.074 		0.330 +- 0.030
0.374		0.405 +- 0.073 		0.330 +- 0.030
0.375		0.403 +- 0.073 		0.330 +- 0.030
0.376		0.401 +- 0.073 		0.330 +- 0.030
0.377		0.400 +- 0.073 		0.330 +- 0.030
0.378		0.398 +- 0.073 		0.330 +- 0.030
0.379		0.396 +- 0.073 		0.330 +- 0.030
0.380		0.394 +- 0.073 		0.330 +- 0.030
0.381		0.393 +- 0.073 		0.330 +- 0.030
0.382		0.391 +- 0.073 		0.330 +- 0.030
0.383		0.389 +- 0.072 		0.331 +- 0.030
0.384		0.387 +- 0.072 		0.331 +- 0.030
0.385		0.386 +- 0.072 		0.331 +- 0.030
0.386		0.384 +- 0.072 		0.331 +- 0.030
0.387		0.382 +- 0.072 		0.331 +- 0.030
0.388		0.380 +- 0.072 		0.331 +- 0.030
0.389		0.378 +- 0.072 		0.331 +- 0.030
0.390		0.377 +- 0.072 		0.331 +- 0.030
0.391		0.375 +- 0.071 		0.332 +- 0.030
0.392		0.373 +- 0.071 		0.332 +- 0.030
0.393		0.371 +- 0.071 		0.332 +- 0.030
0.394		0.370 +- 0.071 		0.332 +- 0.030
0.395		0.368 +- 0.071 		0.332 +- 0.030
0.396		0.366 +- 0.071 		0.332 +- 0.031
0.397		0.364 +- 0.071 		0.332 +- 0.031
0.398		0.363 +- 0.070 		0.333 +- 0.031
0.399		0.361 +- 0.070 		0.333 +- 0.031
0.400		0.359 +- 0.070 		0.333 +- 0.031
0.401		0.358 +- 0.070 		0.333 +- 0.031
0.402		0.356 +- 0.070 		0.333 +- 0.031
0.403		0.354 +- 0.070 		0.333 +- 0.031
0.404		0.353 +- 0.070 		0.333 +- 0.031
0.405		0.351 +- 0.070 		0.334 +- 0.031
0.406		0.349 +- 0.069 		0.334 +- 0.031
0.407		0.348 +- 0.069 		0.334 +- 0.031
0.408		0.346 +- 0.069 		0.334 +- 0.031
0.409		0.345 +- 0.069 		0.334 +- 0.031
0.410		0.343 +- 0.069 		0.334 +- 0.031
0.411		0.341 +- 0.069 		0.335 +- 0.031
0.412		0.340 +- 0.069 		0.335 +- 0.031
0.413		0.338 +- 0.068 		0.335 +- 0.031
0.414		0.337 +- 0.068 		0.335 +- 0.031
0.415		0.335 +- 0.068 		0.335 +- 0.031
0.416		0.334 +- 0.068 		0.335 +- 0.031
0.417		0.332 +- 0.068 		0.335 +- 0.031
0.418		0.331 +- 0.068 		0.336 +- 0.031
0.419		0.330 +- 0.068 		0.336 +- 0.031
0.420		0.328 +- 0.068 		0.336 +- 0.031
0.421		0.327 +- 0.067 		0.336 +- 0.031
0.422		0.325 +- 0.067 		0.336 +- 0.031
0.423		0.324 +- 0.067 		0.336 +- 0.031
0.424		0.323 +- 0.067 		0.336 +- 0.031
0.425		0.321 +- 0.067 		0.337 +- 0.031
0.426		0.320 +- 0.067 		0.337 +- 0.031
0.427		0.318 +- 0.067 		0.337 +- 0.031
0.428		0.317 +- 0.066 		0.337 +- 0.031
0.429		0.316 +- 0.066 		0.337 +- 0.031
0.430		0.315 +- 0.066 		0.337 +- 0.031
0.431		0.313 +- 0.066 		0.337 +- 0.031
0.432		0.312 +- 0.066 		0.338 +- 0.031
0.433		0.311 +- 0.066 		0.338 +- 0.031
0.434		0.310 +- 0.066 		0.338 +- 0.031
0.435		0.308 +- 0.066 		0.338 +- 0.031
0.436		0.307 +- 0.065 		0.338 +- 0.031
0.437		0.306 +- 0.065 		0.338 +- 0.031
0.438		0.305 +- 0.065 		0.338 +- 0.031
0.439		0.304 +- 0.065 		0.338 +- 0.031
0.440		0.303 +- 0.065 		0.339 +- 0.031
0.441		0.302 +- 0.065 		0.339 +- 0.031
0.442		0.301 +- 0.065 		0.339 +- 0.031
0.443		0.299 +- 0.065 		0.339 +- 0.031
0.444		0.298 +- 0.065 		0.339 +- 0.031
0.445		0.297 +- 0.064 		0.339 +- 0.031
0.446		0.296 +- 0.064 		0.339 +- 0.031
0.447		0.295 +- 0.064 		0.339 +- 0.031
0.448		0.294 +- 0.064 		0.339 +- 0.031
0.449		0.293 +- 0.064 		0.340 +- 0.031
0.450		0.292 +- 0.064 		0.340 +- 0.031
0.451		0.292 +- 0.064 		0.340 +- 0.031
0.452		0.291 +- 0.064 		0.340 +- 0.031
0.453		0.290 +- 0.064 		0.340 +- 0.031
0.454		0.289 +- 0.063 		0.340 +- 0.031
0.455		0.288 +- 0.063 		0.340 +- 0.031
0.456		0.287 +- 0.063 		0.340 +- 0.031
0.457		0.286 +- 0.063 		0.340 +- 0.031
0.458		0.286 +- 0.063 		0.340 +- 0.031
0.459		0.285 +- 0.063 		0.340 +- 0.031
0.460		0.284 +- 0.063 		0.340 +- 0.031
0.461		0.283 +- 0.063 		0.340 +- 0.031
0.462		0.283 +- 0.063 		0.340 +- 0.031
0.463		0.282 +- 0.063 		0.340 +- 0.031
0.464		0.281 +- 0.063 		0.340 +- 0.031
0.465		0.280 +- 0.062 		0.341 +- 0.031
0.466		0.280 +- 0.062 		0.341 +- 0.031
0.467		0.279 +- 0.062 		0.341 +- 0.031
0.468		0.278 +- 0.062 		0.341 +- 0.031
0.469		0.278 +- 0.062 		0.341 +- 0.031
0.470		0.277 +- 0.062 		0.341 +- 0.031
0.471		0.277 +- 0.062 		0.341 +- 0.031
0.472		0.276 +- 0.062 		0.341 +- 0.031
0.473		0.275 +- 0.062 		0.341 +- 0.031
0.474		0.275 +- 0.062 		0.341 +- 0.031
0.475		0.274 +- 0.062 		0.341 +- 0.031
0.476		0.274 +- 0.062 		0.341 +- 0.031
0.477		0.273 +- 0.062 		0.341 +- 0.031
0.478		0.273 +- 0.061 		0.341 +- 0.031
0.479		0.272 +- 0.061 		0.341 +- 0.031
0.480		0.272 +- 0.061 		0.341 +- 0.031
0.481		0.271 +- 0.061 		0.341 +- 0.031
0.482		0.271 +- 0.061 		0.341 +- 0.031
0.483		0.270 +- 0.061 		0.341 +- 0.031
0.484		0.270 +- 0.061 		0.341 +- 0.031
0.485		0.269 +- 0.061 		0.341 +- 0.031
0.486		0.269 +- 0.061 		0.341 +- 0.031
0.487		0.269 +- 0.061 		0.341 +- 0.031
0.488		0.268 +- 0.061 		0.341 +- 0.031
0.489		0.268 +- 0.061 		0.341 +- 0.031
0.490		0.267 +- 0.061 		0.341 +- 0.031
0.491		0.267 +- 0.061 		0.341 +- 0.031
0.492		0.267 +- 0.061 		0.341 +- 0.031
0.493		0.266 +- 0.061 		0.341 +- 0.031
0.494		0.266 +- 0.060 		0.341 +- 0.031
0.495		0.266 +- 0.060 		0.341 +- 0.031
0.496		0.265 +- 0.060 		0.341 +- 0.031
0.497		0.265 +- 0.060 		0.341 +- 0.031
0.498		0.265 +- 0.060 		0.341 +- 0.031
0.499		0.264 +- 0.060 		0.341 +- 0.031
0.500		0.264 +- 0.060 		0.341 +- 0.031
0.501		0.264 +- 0.060 		0.341 +- 0.031
0.502		0.263 +- 0.060 		0.341 +- 0.031
0.503		0.263 +- 0.060 		0.341 +- 0.031
0.504		0.263 +- 0.060 		0.341 +- 0.031
0.505		0.262 +- 0.060 		0.341 +- 0.031
0.506		0.262 +- 0.060 		0.341 +- 0.031
0.507		0.262 +- 0.060 		0.341 +- 0.031
0.508		0.262 +- 0.060 		0.340 +- 0.031
0.509		0.261 +- 0.060 		0.340 +- 0.031
0.510		0.261 +- 0.060 		0.340 +- 0.031
0.511		0.261 +- 0.060 		0.340 +- 0.031
0.512		0.261 +- 0.060 		0.340 +- 0.031
0.513		0.260 +- 0.060 		0.340 +- 0.031
0.514		0.260 +- 0.060 		0.340 +- 0.031
0.515		0.260 +- 0.060 		0.340 +- 0.031
0.516		0.260 +- 0.059 		0.340 +- 0.031
0.517		0.260 +- 0.059 		0.340 +- 0.031
0.518		0.259 +- 0.059 		0.340 +- 0.031
0.519		0.259 +- 0.059 		0.340 +- 0.031
0.520		0.259 +- 0.059 		0.340 +- 0.031
0.521		0.259 +- 0.059 		0.340 +- 0.031
0.522		0.259 +- 0.059 		0.340 +- 0.031
0.523		0.258 +- 0.059 		0.340 +- 0.031
0.524		0.258 +- 0.059 		0.340 +- 0.031
0.525		0.258 +- 0.059 		0.340 +- 0.031
0.526		0.258 +- 0.059 		0.340 +- 0.031
0.527		0.258 +- 0.059 		0.340 +- 0.031
0.528		0.257 +- 0.059 		0.340 +- 0.031
0.529		0.257 +- 0.059 		0.340 +- 0.031
0.530		0.257 +- 0.059 		0.340 +- 0.031
0.531		0.257 +- 0.059 		0.340 +- 0.031
0.532		0.257 +- 0.059 		0.339 +- 0.031
0.533		0.257 +- 0.059 		0.339 +- 0.031
0.534		0.257 +- 0.059 		0.339 +- 0.031
0.535		0.256 +- 0.059 		0.339 +- 0.031
0.536		0.256 +- 0.059 		0.339 +- 0.031
0.537		0.256 +- 0.059 		0.339 +- 0.031
0.538		0.256 +- 0.059 		0.339 +- 0.031
0.539		0.256 +- 0.059 		0.339 +- 0.031
0.540		0.256 +- 0.059 		0.339 +- 0.031
0.541		0.256 +- 0.059 		0.339 +- 0.031
0.542		0.256 +- 0.059 		0.339 +- 0.031
0.543		0.256 +- 0.059 		0.339 +- 0.031
0.544		0.255 +- 0.059 		0.339 +- 0.031
0.545		0.255 +- 0.059 		0.339 +- 0.031
0.546		0.255 +- 0.059 		0.339 +- 0.031
0.547		0.255 +- 0.059 		0.339 +- 0.031
0.548		0.255 +- 0.059 		0.339 +- 0.031
0.549		0.255 +- 0.059 		0.339 +- 0.031
0.550		0.255 +- 0.059 		0.339 +- 0.031
0.551		0.255 +- 0.059 		0.338 +- 0.031
0.552		0.255 +- 0.059 		0.338 +- 0.031
0.553		0.255 +- 0.059 		0.338 +- 0.031
0.554		0.255 +- 0.059 		0.338 +- 0.031
0.555		0.255 +- 0.058 		0.338 +- 0.031
0.556		0.254 +- 0.058 		0.338 +- 0.031
0.557		0.254 +- 0.058 		0.338 +- 0.031
0.558		0.254 +- 0.058 		0.338 +- 0.031
0.559		0.254 +- 0.058 		0.338 +- 0.031
0.560		0.254 +- 0.058 		0.338 +- 0.031
0.561		0.254 +- 0.058 		0.338 +- 0.031
0.562		0.254 +- 0.058 		0.338 +- 0.031
0.563		0.254 +- 0.058 		0.338 +- 0.031
0.564		0.254 +- 0.058 		0.338 +- 0.031
0.565		0.254 +- 0.058 		0.338 +- 0.031
0.566		0.254 +- 0.058 		0.337 +- 0.031
0.567		0.254 +- 0.058 		0.337 +- 0.031
0.568		0.254 +- 0.058 		0.337 +- 0.031
0.569		0.254 +- 0.058 		0.337 +- 0.031
0.570		0.254 +- 0.058 		0.337 +- 0.031
0.571		0.254 +- 0.058 		0.337 +- 0.031
0.572		0.254 +- 0.058 		0.337 +- 0.031
0.573		0.254 +- 0.058 		0.337 +- 0.031
0.574		0.254 +- 0.058 		0.337 +- 0.031
0.575		0.254 +- 0.058 		0.337 +- 0.031
0.576		0.253 +- 0.058 		0.337 +- 0.031
0.577		0.253 +- 0.058 		0.337 +- 0.031
0.578		0.253 +- 0.058 		0.337 +- 0.031
0.579		0.253 +- 0.058 		0.337 +- 0.031
0.580		0.253 +- 0.058 		0.337 +- 0.031
0.581		0.253 +- 0.058 		0.336 +- 0.031
0.582		0.253 +- 0.058 		0.336 +- 0.031
0.583		0.253 +- 0.058 		0.336 +- 0.031
0.584		0.253 +- 0.058 		0.336 +- 0.031
0.585		0.253 +- 0.058 		0.336 +- 0.031
0.586		0.253 +- 0.058 		0.336 +- 0.031
0.587		0.253 +- 0.058 		0.336 +- 0.031
0.588		0.253 +- 0.058 		0.336 +- 0.031
0.589		0.253 +- 0.058 		0.336 +- 0.031
0.590		0.253 +- 0.058 		0.336 +- 0.031
0.591		0.253 +- 0.058 		0.336 +- 0.031
0.592		0.253 +- 0.058 		0.336 +- 0.031
0.593		0.253 +- 0.058 		0.336 +- 0.031
0.594		0.253 +- 0.058 		0.336 +- 0.031
0.595		0.253 +- 0.058 		0.335 +- 0.031
0.596		0.253 +- 0.058 		0.335 +- 0.031
0.597		0.253 +- 0.058 		0.335 +- 0.031
0.598		0.253 +- 0.058 		0.335 +- 0.031
0.599		0.253 +- 0.058 		0.335 +- 0.031
0.600		0.253 +- 0.058 		0.335 +- 0.031
0.601		0.253 +- 0.058 		0.335 +- 0.031
0.602		0.253 +- 0.058 		0.335 +- 0.031
0.603		0.253 +- 0.058 		0.335 +- 0.031
0.604		0.253 +- 0.058 		0.335 +- 0.031
0.605		0.253 +- 0.058 		0.335 +- 0.031
0.606		0.253 +- 0.058 		0.335 +- 0.031
0.607		0.253 +- 0.058 		0.335 +- 0.031
0.608		0.253 +- 0.058 		0.335 +- 0.031
0.609		0.253 +- 0.058 		0.334 +- 0.031
0.610		0.253 +- 0.058 		0.334 +- 0.031
0.611		0.253 +- 0.058 		0.334 +- 0.031
0.612		0.253 +- 0.058 		0.334 +- 0.031
0.613		0.253 +- 0.058 		0.334 +- 0.031
0.614		0.253 +- 0.058 		0.334 +- 0.031
0.615		0.253 +- 0.058 		0.334 +- 0.031
0.616		0.253 +- 0.058 		0.334 +- 0.031
0.617		0.253 +- 0.058 		0.334 +- 0.031
0.618		0.253 +- 0.058 		0.334 +- 0.031
0.619		0.253 +- 0.058 		0.334 +- 0.031
0.620		0.253 +- 0.058 		0.334 +- 0.031
0.621		0.253 +- 0.058 		0.334 +- 0.031
0.622		0.253 +- 0.058 		0.333 +- 0.031
0.623		0.253 +- 0.058 		0.333 +- 0.031
0.624		0.253 +- 0.058 		0.333 +- 0.031
0.625		0.253 +- 0.058 		0.333 +- 0.030
0.626		0.253 +- 0.058 		0.333 +- 0.030
0.627		0.253 +- 0.058 		0.333 +- 0.030
0.628		0.253 +- 0.058 		0.333 +- 0.030
0.629		0.253 +- 0.058 		0.333 +- 0.030
0.630		0.253 +- 0.058 		0.333 +- 0.030
0.631		0.253 +- 0.058 		0.333 +- 0.030
0.632		0.253 +- 0.058 		0.333 +- 0.030
0.633		0.253 +- 0.058 		0.333 +- 0.030
0.634		0.253 +- 0.058 		0.333 +- 0.030
0.635		0.253 +- 0.058 		0.333 +- 0.030
0.636		0.253 +- 0.058 		0.332 +- 0.030
0.637		0.253 +- 0.058 		0.332 +- 0.030
0.638		0.253 +- 0.058 		0.332 +- 0.030
0.639		0.253 +- 0.058 		0.332 +- 0.030
0.640		0.253 +- 0.058 		0.332 +- 0.030
0.641		0.253 +- 0.058 		0.332 +- 0.030
0.642		0.253 +- 0.058 		0.332 +- 0.030
0.643		0.253 +- 0.058 		0.332 +- 0.030
0.644		0.253 +- 0.058 		0.332 +- 0.030
0.645		0.253 +- 0.058 		0.332 +- 0.030
0.646		0.253 +- 0.058 		0.332 +- 0.030
0.647		0.253 +- 0.058 		0.332 +- 0.030
0.648		0.253 +- 0.058 		0.332 +- 0.030
0.649		0.253 +- 0.058 		0.332 +- 0.030
0.650		0.253 +- 0.058 		0.332 +- 0.030
0.651		0.253 +- 0.058 		0.331 +- 0.030
0.652		0.253 +- 0.058 		0.331 +- 0.030
0.653		0.253 +- 0.058 		0.331 +- 0.030
0.654		0.253 +- 0.058 		0.331 +- 0.030
0.655		0.253 +- 0.058 		0.331 +- 0.030
0.656		0.253 +- 0.058 		0.331 +- 0.030
0.657		0.253 +- 0.058 		0.331 +- 0.030
0.658		0.253 +- 0.058 		0.331 +- 0.030
0.659		0.253 +- 0.058 		0.331 +- 0.030
0.660		0.253 +- 0.058 		0.331 +- 0.030
0.661		0.253 +- 0.058 		0.331 +- 0.030
0.662		0.253 +- 0.058 		0.331 +- 0.030
0.663		0.253 +- 0.058 		0.331 +- 0.030
0.664		0.253 +- 0.058 		0.331 +- 0.030
0.665		0.253 +- 0.058 		0.330 +- 0.030
0.666		0.254 +- 0.058 		0.330 +- 0.030
0.667		0.254 +- 0.058 		0.330 +- 0.030
0.668		0.254 +- 0.058 		0.330 +- 0.030
0.669		0.254 +- 0.058 		0.330 +- 0.030
0.670		0.254 +- 0.058 		0.330 +- 0.030
0.671		0.254 +- 0.058 		0.330 +- 0.030
0.672		0.254 +- 0.058 		0.330 +- 0.030
0.673		0.254 +- 0.058 		0.330 +- 0.030
0.674		0.254 +- 0.058 		0.330 +- 0.030
0.675		0.254 +- 0.058 		0.330 +- 0.030
0.676		0.254 +- 0.058 		0.330 +- 0.030
0.677		0.254 +- 0.058 		0.330 +- 0.030
0.678		0.254 +- 0.058 		0.330 +- 0.030
0.679		0.254 +- 0.058 		0.330 +- 0.030
0.680		0.254 +- 0.058 		0.330 +- 0.030
0.681		0.254 +- 0.058 		0.329 +- 0.030
0.682		0.254 +- 0.058 		0.329 +- 0.030
0.683		0.254 +- 0.058 		0.329 +- 0.030
0.684		0.254 +- 0.058 		0.329 +- 0.030
0.685		0.254 +- 0.058 		0.329 +- 0.030
0.686		0.254 +- 0.058 		0.329 +- 0.030
0.687		0.254 +- 0.058 		0.329 +- 0.030
0.688		0.254 +- 0.058 		0.329 +- 0.030
0.689		0.254 +- 0.058 		0.329 +- 0.030
0.690		0.254 +- 0.058 		0.329 +- 0.030
0.691		0.254 +- 0.058 		0.329 +- 0.030
0.692		0.254 +- 0.058 		0.329 +- 0.030
0.693		0.254 +- 0.058 		0.329 +- 0.030
0.694		0.254 +- 0.058 		0.329 +- 0.030
0.695		0.254 +- 0.058 		0.329 +- 0.030
0.696		0.254 +- 0.058 		0.329 +- 0.030
0.697		0.254 +- 0.058 		0.328 +- 0.030
0.698		0.254 +- 0.058 		0.328 +- 0.030
0.699		0.254 +- 0.058 		0.328 +- 0.030
0.700		0.254 +- 0.058 		0.328 +- 0.030
0.701		0.254 +- 0.058 		0.328 +- 0.030
0.702		0.254 +- 0.058 		0.328 +- 0.030
0.703		0.254 +- 0.058 		0.328 +- 0.030
0.704		0.254 +- 0.058 		0.328 +- 0.030
0.705		0.254 +- 0.058 		0.328 +- 0.030
0.706		0.254 +- 0.058 		0.328 +- 0.030
0.707		0.254 +- 0.058 		0.328 +- 0.030
0.708		0.254 +- 0.058 		0.328 +- 0.030
0.709		0.254 +- 0.058 		0.328 +- 0.030
0.710		0.254 +- 0.058 		0.328 +- 0.030
0.711		0.254 +- 0.058 		0.328 +- 0.030
0.712		0.254 +- 0.058 		0.328 +- 0.030
0.713		0.254 +- 0.058 		0.328 +- 0.030
0.714		0.254 +- 0.058 		0.327 +- 0.030
0.715		0.254 +- 0.058 		0.327 +- 0.030
0.716		0.254 +- 0.058 		0.327 +- 0.030
0.717		0.254 +- 0.058 		0.327 +- 0.030
0.718		0.254 +- 0.058 		0.327 +- 0.030
0.719		0.254 +- 0.058 		0.327 +- 0.030
0.720		0.254 +- 0.058 		0.327 +- 0.030
0.721		0.254 +- 0.058 		0.327 +- 0.030
0.722		0.254 +- 0.058 		0.327 +- 0.030
0.723		0.254 +- 0.058 		0.327 +- 0.030
0.724		0.254 +- 0.058 		0.327 +- 0.030
0.725		0.254 +- 0.058 		0.327 +- 0.030
0.726		0.254 +- 0.058 		0.327 +- 0.030
0.727		0.254 +- 0.058 		0.327 +- 0.030
0.728		0.254 +- 0.058 		0.327 +- 0.030
0.729		0.254 +- 0.058 		0.327 +- 0.030
0.730		0.254 +- 0.058 		0.326 +- 0.030
0.731		0.254 +- 0.058 		0.326 +- 0.030
0.732		0.254 +- 0.058 		0.326 +- 0.030
0.733		0.254 +- 0.058 		0.326 +- 0.030
0.734		0.254 +- 0.058 		0.326 +- 0.030
0.735		0.254 +- 0.058 		0.326 +- 0.030
0.736		0.254 +- 0.058 		0.326 +- 0.030
0.737		0.254 +- 0.058 		0.326 +- 0.030
0.738		0.254 +- 0.058 		0.326 +- 0.030
0.739		0.254 +- 0.058 		0.326 +- 0.030
0.740		0.254 +- 0.058 		0.326 +- 0.030
0.741		0.254 +- 0.058 		0.326 +- 0.030
0.742		0.254 +- 0.058 		0.326 +- 0.030
0.743		0.254 +- 0.058 		0.326 +- 0.030
0.744		0.254 +- 0.058 		0.326 +- 0.030
0.745		0.254 +- 0.058 		0.326 +- 0.030
0.746		0.254 +- 0.058 		0.326 +- 0.030
0.747		0.254 +- 0.058 		0.325 +- 0.030
0.748		0.254 +- 0.058 		0.325 +- 0.030
0.749		0.254 +- 0.058 		0.325 +- 0.030
0.750		0.254 +- 0.058 		0.325 +- 0.030
0.751		0.254 +- 0.058 		0.325 +- 0.030
0.752		0.254 +- 0.058 		0.325 +- 0.030
0.753		0.254 +- 0.058 		0.325 +- 0.030
0.754		0.254 +- 0.058 		0.325 +- 0.030
0.755		0.254 +- 0.058 		0.325 +- 0.030
0.756		0.254 +- 0.058 		0.325 +- 0.030
0.757		0.254 +- 0.058 		0.325 +- 0.030
0.758		0.254 +- 0.058 		0.325 +- 0.030
0.759		0.254 +- 0.058 		0.325 +- 0.030
0.760		0.254 +- 0.058 		0.325 +- 0.030
0.761		0.254 +- 0.058 		0.325 +- 0.030
0.762		0.254 +- 0.058 		0.325 +- 0.030
0.763		0.254 +- 0.058 		0.325 +- 0.030
0.764		0.254 +- 0.058 		0.325 +- 0.030
0.765		0.254 +- 0.058 		0.324 +- 0.030
0.766		0.254 +- 0.058 		0.324 +- 0.030
0.767		0.254 +- 0.058 		0.324 +- 0.030
0.768		0.254 +- 0.058 		0.324 +- 0.030
0.769		0.254 +- 0.058 		0.324 +- 0.030
0.770		0.254 +- 0.058 		0.324 +- 0.030
0.771		0.254 +- 0.058 		0.324 +- 0.030
0.772		0.254 +- 0.058 		0.324 +- 0.030
0.773		0.254 +- 0.058 		0.324 +- 0.030
0.774		0.254 +- 0.058 		0.324 +- 0.030
0.775		0.254 +- 0.058 		0.324 +- 0.030
0.776		0.254 +- 0.058 		0.324 +- 0.030
0.777		0.254 +- 0.058 		0.324 +- 0.030
0.778		0.254 +- 0.058 		0.324 +- 0.030
0.779		0.254 +- 0.058 		0.324 +- 0.030
0.780		0.254 +- 0.058 		0.324 +- 0.030
0.781		0.254 +- 0.058 		0.324 +- 0.030
0.782		0.254 +- 0.058 		0.324 +- 0.030
0.783		0.254 +- 0.058 		0.323 +- 0.030
0.784		0.254 +- 0.058 		0.323 +- 0.030
0.785		0.254 +- 0.058 		0.323 +- 0.030
0.786		0.254 +- 0.058 		0.323 +- 0.030
0.787		0.254 +- 0.058 		0.323 +- 0.030
0.788		0.254 +- 0.058 		0.323 +- 0.030
0.789		0.254 +- 0.058 		0.323 +- 0.030
0.790		0.254 +- 0.058 		0.323 +- 0.030
0.791		0.254 +- 0.058 		0.323 +- 0.030
0.792		0.254 +- 0.058 		0.323 +- 0.030
0.793		0.254 +- 0.058 		0.323 +- 0.030
0.794		0.254 +- 0.058 		0.323 +- 0.030
0.795		0.254 +- 0.058 		0.323 +- 0.030
0.796		0.254 +- 0.058 		0.323 +- 0.030
0.797		0.254 +- 0.058 		0.323 +- 0.030
0.798		0.254 +- 0.058 		0.323 +- 0.030
0.799		0.254 +- 0.058 		0.323 +- 0.030
0.800		0.254 +- 0.058 		0.323 +- 0.030
0.801		0.254 +- 0.058 		0.322 +- 0.030
0.802		0.254 +- 0.058 		0.322 +- 0.030
0.803		0.254 +- 0.058 		0.322 +- 0.030
0.804		0.254 +- 0.058 		0.322 +- 0.030
0.805		0.254 +- 0.058 		0.322 +- 0.030
0.806		0.254 +- 0.058 		0.322 +- 0.030
0.807		0.254 +- 0.058 		0.322 +- 0.030
0.808		0.254 +- 0.058 		0.322 +- 0.030
0.809		0.254 +- 0.058 		0.322 +- 0.030
0.810		0.254 +- 0.058 		0.322 +- 0.030
0.811		0.254 +- 0.058 		0.322 +- 0.030
0.812		0.254 +- 0.058 		0.322 +- 0.030
0.813		0.254 +- 0.058 		0.322 +- 0.030
0.814		0.254 +- 0.058 		0.322 +- 0.030
0.815		0.254 +- 0.058 		0.322 +- 0.030
0.816		0.254 +- 0.058 		0.322 +- 0.030
0.817		0.254 +- 0.058 		0.322 +- 0.030
0.818		0.254 +- 0.058 		0.321 +- 0.030
0.819		0.254 +- 0.058 		0.321 +- 0.030
0.820		0.254 +- 0.058 		0.321 +- 0.030
0.821		0.254 +- 0.058 		0.321 +- 0.030
0.822		0.254 +- 0.058 		0.321 +- 0.030
0.823		0.254 +- 0.058 		0.321 +- 0.030
0.824		0.254 +- 0.058 		0.321 +- 0.030
0.825		0.254 +- 0.058 		0.321 +- 0.030
0.826		0.254 +- 0.058 		0.321 +- 0.030
0.827		0.254 +- 0.058 		0.321 +- 0.030
0.828		0.254 +- 0.058 		0.321 +- 0.030
0.829		0.254 +- 0.058 		0.321 +- 0.030
0.830		0.254 +- 0.058 		0.321 +- 0.030
0.831		0.254 +- 0.058 		0.321 +- 0.030
0.832		0.254 +- 0.058 		0.321 +- 0.030
0.833		0.254 +- 0.058 		0.321 +- 0.030
0.834		0.254 +- 0.058 		0.321 +- 0.030
0.835		0.254 +- 0.058 		0.320 +- 0.030
0.836		0.254 +- 0.058 		0.320 +- 0.030
0.837		0.254 +- 0.058 		0.320 +- 0.030
0.838		0.254 +- 0.058 		0.320 +- 0.030
0.839		0.254 +- 0.058 		0.320 +- 0.030
0.840		0.254 +- 0.058 		0.320 +- 0.030
0.841		0.254 +- 0.058 		0.320 +- 0.030
0.842		0.254 +- 0.058 		0.320 +- 0.030
0.843		0.254 +- 0.058 		0.320 +- 0.030
0.844		0.254 +- 0.058 		0.320 +- 0.030
0.845		0.254 +- 0.058 		0.320 +- 0.030
0.846		0.254 +- 0.058 		0.320 +- 0.030
0.847		0.254 +- 0.058 		0.320 +- 0.030
0.848		0.254 +- 0.058 		0.320 +- 0.030
0.849		0.254 +- 0.058 		0.320 +- 0.030
0.850		0.254 +- 0.058 		0.320 +- 0.030
0.851		0.254 +- 0.058 		0.320 +- 0.030
0.852		0.254 +- 0.058 		0.319 +- 0.030
0.853		0.254 +- 0.058 		0.319 +- 0.030
0.854		0.254 +- 0.058 		0.319 +- 0.030
0.855		0.254 +- 0.058 		0.319 +- 0.030
0.856		0.254 +- 0.058 		0.319 +- 0.030
0.857		0.254 +- 0.058 		0.319 +- 0.030
0.858		0.254 +- 0.058 		0.319 +- 0.030
0.859		0.254 +- 0.058 		0.319 +- 0.030
0.860		0.254 +- 0.058 		0.319 +- 0.030
0.861		0.254 +- 0.058 		0.319 +- 0.030
0.862		0.254 +- 0.058 		0.319 +- 0.030
0.863		0.255 +- 0.058 		0.319 +- 0.030
0.864		0.255 +- 0.058 		0.319 +- 0.030
0.865		0.255 +- 0.058 		0.319 +- 0.030
0.866		0.255 +- 0.058 		0.319 +- 0.030
0.867		0.255 +- 0.058 		0.319 +- 0.030
0.868		0.255 +- 0.058 		0.319 +- 0.030
0.869		0.255 +- 0.058 		0.318 +- 0.030
0.870		0.255 +- 0.058 		0.318 +- 0.030
0.871		0.255 +- 0.058 		0.318 +- 0.030
0.872		0.255 +- 0.058 		0.318 +- 0.030
0.873		0.255 +- 0.058 		0.318 +- 0.030
0.874		0.255 +- 0.058 		0.318 +- 0.030
0.875		0.255 +- 0.058 		0.318 +- 0.030
0.876		0.255 +- 0.058 		0.318 +- 0.030
0.877		0.255 +- 0.058 		0.318 +- 0.030
0.878		0.255 +- 0.058 		0.318 +- 0.030
0.879		0.255 +- 0.058 		0.318 +- 0.030
0.880		0.255 +- 0.058 		0.318 +- 0.030
0.881		0.255 +- 0.058 		0.318 +- 0.030
0.882		0.255 +- 0.058 		0.318 +- 0.030
0.883		0.255 +- 0.058 		0.318 +- 0.030
0.884		0.255 +- 0.058 		0.318 +- 0.030
0.885		0.255 +- 0.058 		0.318 +- 0.030
0.886		0.255 +- 0.058 		0.317 +- 0.030
0.887		0.255 +- 0.058 		0.317 +- 0.030
0.888		0.255 +- 0.058 		0.317 +- 0.030
0.889		0.255 +- 0.058 		0.317 +- 0.030
0.890		0.255 +- 0.058 		0.317 +- 0.030
0.891		0.255 +- 0.058 		0.317 +- 0.030
0.892		0.255 +- 0.058 		0.317 +- 0.030
0.893		0.255 +- 0.058 		0.317 +- 0.030
0.894		0.255 +- 0.058 		0.317 +- 0.030
0.895		0.255 +- 0.058 		0.317 +- 0.030
0.896		0.255 +- 0.058 		0.317 +- 0.030
0.897		0.255 +- 0.058 		0.317 +- 0.030
0.898		0.255 +- 0.058 		0.317 +- 0.030
0.899		0.255 +- 0.058 		0.317 +- 0.030
0.900		0.255 +- 0.058 		0.317 +- 0.030
0.901		0.255 +- 0.058 		0.317 +- 0.030
0.902		0.255 +- 0.058 		0.317 +- 0.030
0.903		0.255 +- 0.058 		0.317 +- 0.030
0.904		0.255 +- 0.058 		0.316 +- 0.030
0.905		0.255 +- 0.058 		0.316 +- 0.029
0.906		0.255 +- 0.058 		0.316 +- 0.029
0.907		0.255 +- 0.058 		0.316 +- 0.029
0.908		0.255 +- 0.058 		0.316 +- 0.029
0.909		0.255 +- 0.058 		0.316 +- 0.029
0.910		0.256 +- 0.058 		0.316 +- 0.029
0.911		0.256 +- 0.058 		0.316 +- 0.029
0.912		0.256 +- 0.058 		0.316 +- 0.029
0.913		0.256 +- 0.058 		0.316 +- 0.029
0.914		0.256 +- 0.058 		0.316 +- 0.029
0.915		0.256 +- 0.058 		0.316 +- 0.029
0.916		0.256 +- 0.058 		0.316 +- 0.029
0.917		0.256 +- 0.058 		0.316 +- 0.029
0.918		0.256 +- 0.058 		0.316 +- 0.029
0.919		0.256 +- 0.058 		0.316 +- 0.029
0.920		0.256 +- 0.058 		0.316 +- 0.029
0.921		0.256 +- 0.058 		0.316 +- 0.029
0.922		0.256 +- 0.058 		0.316 +- 0.029
0.923		0.256 +- 0.058 		0.316 +- 0.029
0.924		0.256 +- 0.058 		0.315 +- 0.029
0.925		0.256 +- 0.058 		0.315 +- 0.029
0.926		0.256 +- 0.058 		0.315 +- 0.029
0.927		0.256 +- 0.058 		0.315 +- 0.029
0.928		0.256 +- 0.058 		0.315 +- 0.029
0.929		0.256 +- 0.058 		0.315 +- 0.029
0.930		0.256 +- 0.058 		0.315 +- 0.029
0.931		0.256 +- 0.058 		0.315 +- 0.029
0.932		0.256 +- 0.058 		0.315 +- 0.029
0.933		0.256 +- 0.058 		0.315 +- 0.029
0.934		0.256 +- 0.058 		0.315 +- 0.029
0.935		0.256 +- 0.058 		0.315 +- 0.029
0.936		0.256 +- 0.058 		0.315 +- 0.029
0.937		0.256 +- 0.058 		0.315 +- 0.029
0.938		0.256 +- 0.058 		0.315 +- 0.029
0.939		0.256 +- 0.058 		0.315 +- 0.029
0.940		0.256 +- 0.058 		0.315 +- 0.029
0.941		0.256 +- 0.058 		0.314 +- 0.029
0.942		0.256 +- 0.058 		0.314 +- 0.029
0.943		0.256 +- 0.058 		0.314 +- 0.029
0.944		0.256 +- 0.058 		0.314 +- 0.029
0.945		0.256 +- 0.058 		0.314 +- 0.029
0.946		0.256 +- 0.058 		0.314 +- 0.029
0.947		0.256 +- 0.058 		0.314 +- 0.029
0.948		0.257 +- 0.058 		0.314 +- 0.029
0.949		0.257 +- 0.058 		0.314 +- 0.029
0.950		0.257 +- 0.058 		0.314 +- 0.029
0.951		0.257 +- 0.058 		0.314 +- 0.029
0.952		0.257 +- 0.058 		0.314 +- 0.029
0.953		0.257 +- 0.058 		0.314 +- 0.029
0.954		0.257 +- 0.058 		0.314 +- 0.029
0.955		0.257 +- 0.058 		0.314 +- 0.029
0.956		0.257 +- 0.058 		0.313 +- 0.029
0.957		0.257 +- 0.058 		0.313 +- 0.029
0.958		0.257 +- 0.058 		0.313 +- 0.029
0.959		0.257 +- 0.058 		0.313 +- 0.029
0.960		0.257 +- 0.058 		0.313 +- 0.029
0.961		0.257 +- 0.058 		0.313 +- 0.029
0.962		0.257 +- 0.058 		0.313 +- 0.029
0.963		0.257 +- 0.058 		0.313 +- 0.029
0.964		0.257 +- 0.058 		0.313 +- 0.029
0.965		0.257 +- 0.058 		0.313 +- 0.029
0.966		0.257 +- 0.058 		0.313 +- 0.029
0.967		0.257 +- 0.058 		0.313 +- 0.029
0.968		0.257 +- 0.058 		0.313 +- 0.029
0.969		0.257 +- 0.058 		0.313 +- 0.029
0.970		0.258 +- 0.058 		0.312 +- 0.029
0.971		0.258 +- 0.058 		0.312 +- 0.029
0.972		0.258 +- 0.058 		0.312 +- 0.029
0.973		0.258 +- 0.058 		0.312 +- 0.029
0.974		0.258 +- 0.058 		0.312 +- 0.029
0.975		0.258 +- 0.058 		0.312 +- 0.029
0.976		0.258 +- 0.058 		0.312 +- 0.029
0.977		0.258 +- 0.058 		0.312 +- 0.029
0.978		0.258 +- 0.058 		0.312 +- 0.029
0.979		0.258 +- 0.058 		0.312 +- 0.029
0.980		0.258 +- 0.058 		0.312 +- 0.029
0.981		0.258 +- 0.058 		0.312 +- 0.029
0.982		0.258 +- 0.058 		0.312 +- 0.029
0.983		0.258 +- 0.058 		0.312 +- 0.029
0.984		0.258 +- 0.058 		0.312 +- 0.029
0.985		0.258 +- 0.058 		0.312 +- 0.029
0.986		0.258 +- 0.058 		0.312 +- 0.029
0.987		0.258 +- 0.058 		0.311 +- 0.029
0.988		0.258 +- 0.058 		0.311 +- 0.029
0.989		0.258 +- 0.058 		0.311 +- 0.029
0.990		0.258 +- 0.058 		0.311 +- 0.029
0.991		0.258 +- 0.058 		0.311 +- 0.029
0.992		0.258 +- 0.058 		0.311 +- 0.029
0.993		0.258 +- 0.058 		0.311 +- 0.029
0.994		0.258 +- 0.058 		0.311 +- 0.029
0.995		0.258 +- 0.058 		0.311 +- 0.029
0.996		0.258 +- 0.058 		0.311 +- 0.029
0.997		0.258 +- 0.058 		0.311 +- 0.029
0.998		0.258 +- 0.058 		0.311 +- 0.029
0.999		0.258 +- 0.058 		0.311 +- 0.029
1.000		0.258 +- 0.058 		0.311 +- 0.029
