0.0012	3.14347
0.0036	2.54359
0.006	2.71706
0.0084	2.89924
0.0108	2.53751
0.0132	2.39352
0.0156	2.54124
0.018	2.25348
0.0204	2.189
0.0228	2.30806
0.0252	2.43316
0.0276	2.45334
0.03	2.39685
0.0324	2.51346
0.0348	2.36119
0.0372	2.41692
0.0396	2.48194
0.042	2.54083
0.0444	2.64131
0.0468	2.70523
0.0492	2.79244
0.0516	2.84005
0.054	2.89128
0.0564	2.94288
0.0588	2.98999
0.0612	3.02389
0.0636	3.04365
0.066	3.07028
0.0684	3.08754
0.0708	3.11759
0.0732	3.14101
0.0756	3.17078
0.078	3.18873
0.0804	3.20574
0.0828	3.21847
0.0852	3.22781
0.0876	3.23174
0.09	3.23086
0.0924	3.22489
0.0948	3.21379
0.0972	3.19766
0.0996	3.1766
0.102	3.15104
0.1044	3.12125
0.1068	3.08757
0.1092	3.05038
0.1116	3.01008
0.114	2.96706
0.1164	2.92168
0.1188	2.87432
0.1212	2.82532
0.1236	2.775
0.126	2.72367
0.1284	2.67161
0.1308	2.61905
0.1332	2.56622
0.1356	2.51333
0.138	2.46056
0.1404	2.40805
0.1428	2.35596
0.1452	2.30439
0.1476	2.25346
0.15	2.20326
0.1524	2.15386
0.1548	2.10534
0.1572	2.05774
0.1596	2.01112
0.162	1.96551
0.1644	1.92094
0.1668	1.87744
0.1692	1.83503
0.1716	1.79371
0.174	1.75351
0.1764	1.71441
0.1788	1.67643
0.1812	1.63957
0.1836	1.60381
0.186	1.56916
0.1884	1.5356
0.1908	1.50313
0.1932	1.47174
0.1956	1.44141
0.198	1.41214
0.2004	1.38392
0.2028	1.35673
0.2052	1.33056
0.2076	1.30541
0.21	1.28125
0.2124	1.25808
0.2148	1.23589
0.2172	1.21466
0.2196	1.19439
0.222	1.17506
0.2244	1.15667
0.2268	1.1392
0.2292	1.12263
0.2316	1.10698
0.234	1.09221
0.2364	1.07832
0.2388	1.0653
0.2412	1.05315
0.2436	1.04185
0.246	1.03139
0.2484	1.02176
0.2508	1.01295
0.2532	1.00496
0.2556	0.997759
0.258	0.991351
0.2604	0.985716
0.2628	0.980871
0.2652	0.976762
0.2676	0.973379
0.27	0.97067
0.2724	0.968665
0.2748	0.967284
0.2772	0.966543
0.2796	0.96636
0.282	0.966735
0.2844	0.967603
0.2868	0.96893
0.2892	0.97062
0.2916	0.972645
0.294	0.974953
0.2964	0.977481
0.2988	0.980141
0.3012	0.982909
0.3036	0.98569
0.306	0.988432
0.3084	0.991085
0.3108	0.993595
0.3132	0.995924
0.3156	0.99803
0.318	0.999879
0.3204	1.00144
0.3228	1.00269
0.3252	1.00361
0.3276	1.00419
0.33	1.00443
0.3324	1.00433
0.3348	1.00389
0.3372	1.00312
0.3396	1.00208
0.342	1.00078
0.3444	0.999273
0.3468	0.997619
0.3492	0.99588
0.3516	0.994122
0.354	0.992417
0.3564	0.990811
0.3588	0.989411
0.3612	0.988248
0.3636	0.987366
0.366	0.98679
0.3684	0.986524
0.3708	0.98657
0.3732	0.986905
0.3756	0.987484
0.378	0.988252
0.3804	0.989146
0.3828	0.990094
0.3852	0.991027
0.3876	0.991874
0.39	0.992576
0.3924	0.99308
0.3948	0.993348
0.3972	0.993355
0.3996	0.993091
0.402	0.992557
0.4044	0.991768
0.4068	0.990746
0.4092	0.989517
0.4116	0.988112
0.414	0.986556
0.4164	0.984873
0.4188	0.98308
0.4212	0.981183
0.4236	0.979184
0.426	0.977077
0.4284	0.974848
0.4308	0.972485
0.4332	0.969973
0.4356	0.9673
0.438	0.964463
0.4404	0.961463
0.4428	0.958312
0.4452	0.955029
0.4476	0.951639
0.45	0.948175
0.4524	0.944668
0.4548	0.941153
0.4572	0.937659
0.4596	0.934209
0.462	0.930823
0.4644	0.927512
0.4668	0.924279
0.4692	0.921127
0.4716	0.91805
0.474	0.915045
0.4764	0.912108
0.4788	0.909241
0.4812	0.906448
0.4836	0.903741
0.486	0.901137
0.4884	0.898662
0.4908	0.896345
0.4932	0.894223
0.4956	0.892333
0.498	0.890713
0.5004	0.889402
0.5028	0.88843
0.5052	0.887824
0.5076	0.8876
0.51	0.887764
0.5124	0.888308
0.5148	0.889212
0.5172	0.890443
0.5196	0.891956
0.522	0.893695
0.5244	0.895598
0.5268	0.897598
0.5292	0.899628
0.5316	0.901623
0.534	0.903523
0.5364	0.905279
0.5388	0.906848
0.5412	0.908202
0.5436	0.909321
0.546	0.9102
0.5484	0.910837
0.5508	0.911242
0.5532	0.911429
0.5556	0.911413
0.558	0.911212
0.5604	0.910841
0.5628	0.910314
0.5652	0.90964
0.5676	0.908824
0.57	0.907869
0.5724	0.906771
0.5748	0.905525
0.5772	0.904124
0.5796	0.902561
0.582	0.900829
0.5844	0.898925
0.5868	0.896847
0.5892	0.8946
0.5916	0.892189
0.594	0.889628
0.5964	0.886931
0.5988	0.884115
0.6012	0.881199
0.6036	0.878204
0.606	0.875146
0.6084	0.872044
0.6108	0.868911
0.6132	0.86576
0.6156	0.862599
0.618	0.859436
0.6204	0.856277
0.6228	0.853129
0.6252	0.849995
0.6276	0.846883
0.63	0.843801
0.6324	0.840758
0.6348	0.837765
0.6372	0.834836
0.6396	0.831985
0.642	0.829226
0.6444	0.826576
0.6468	0.82405
0.6492	0.821662
0.6516	0.819426
0.654	0.817354
0.6564	0.815457
0.6588	0.813744
0.6612	0.812222
0.6636	0.810896
0.666	0.809769
0.6684	0.808842
0.6708	0.808115
0.6732	0.807584
0.6756	0.807245
0.678	0.80709
0.6804	0.807109
0.6828	0.807292
0.6852	0.807625
0.6876	0.808092
0.69	0.808676
0.6924	0.809358
0.6948	0.810118
0.6972	0.810933
0.6996	0.811779
0.702	0.812631
0.7044	0.813461
0.7068	0.81424
0.7092	0.81494
0.7116	0.815528
0.714	0.815974
0.7164	0.816248
0.7188	0.816321
0.7212	0.816169
0.7236	0.815771
0.726	0.815107
0.7284	0.814169
0.7308	0.812956
0.7332	0.811473
0.7356	0.809735
0.738	0.807765
0.7404	0.805596
0.7428	0.803267
0.7452	0.800824
0.7476	0.798319
0.75	0.795806
0.7524	0.793342
0.7548	0.790985
0.7572	0.788791
0.7596	0.786812
0.762	0.785098
0.7644	0.783693
0.7668	0.782631
0.7692	0.781943
0.7716	0.781648
0.774	0.781767
0.7764	0.782298
0.7788	0.783242
0.7812	0.78459
0.7836	0.786316
0.786	0.788403
0.7884	0.790816
0.7908	0.793513
0.7932	0.796463
0.7956	0.799612
0.798	0.80292
0.8004	0.806336
0.8028	0.809813
0.8052	0.813304
0.8076	0.816767
0.81	0.820161
0.8124	0.823437
0.8148	0.826566
0.8172	0.829524
0.8196	0.832271
0.822	0.834793
0.8244	0.837064
0.8268	0.839084
0.8292	0.840825
0.8316	0.842289
0.834	0.843477
0.8364	0.844372
0.8388	0.845025
0.8412	0.845404
0.8436	0.845501
0.846	0.845363
0.8484	0.845005
0.8508	0.84443
0.8532	0.843649
0.8556	0.842692
0.858	0.841586
0.8604	0.840347
0.8628	0.838982
0.8652	0.837553
0.8676	0.836041
0.87	0.834485
0.8724	0.832878
0.8748	0.83125
0.8772	0.829622
0.8796	0.827985
0.882	0.826387
0.8844	0.824762
0.8868	0.823178
0.8892	0.821592
0.8916	0.820007
0.894	0.818413
0.8964	0.81682
0.8988	0.815171
0.9012	0.813442
0.9036	0.811685
0.906	0.809797
0.9084	0.807832
0.9108	0.805707
0.9132	0.803415
0.9156	0.800936
0.918	0.798332
0.9204	0.795474
0.9228	0.792429
0.9252	0.789161
0.9276	0.785723
0.93	0.782087
0.9324	0.778287
0.9348	0.774282
0.9372	0.770163
0.9396	0.765892
0.942	0.761513
0.9444	0.757066
0.9468	0.752563
0.9492	0.748032
0.9516	0.743492
0.954	0.738906
0.9564	0.734358
0.9588	0.729858
0.9612	0.725488
0.9636	0.721194
0.966	0.717014
0.9684	0.712938
0.9708	0.709087
0.9732	0.705363
0.9756	0.701807
0.978	0.698551
0.9804	0.695408
0.9828	0.692433
0.9852	0.689714
0.9876	0.687082
0.99	0.68475
0.9924	0.682553
0.9948	0.680601
0.9972	0.678851
0.9996	0.677344
1.002	0.675976
1.0044	0.674811
1.0068	0.673842
1.0092	0.673182
1.0116	0.672686
1.014	0.672257
1.0164	0.67209
1.0188	0.672064
1.0212	0.672257
1.0236	0.672576
1.026	0.673056
1.0284	0.673741
1.0308	0.674625
1.0332	0.675579
1.0356	0.676789
1.038	0.678083
1.0404	0.679402
1.0428	0.6809
1.0452	0.682513
1.0476	0.684314
1.05	0.686163
1.0524	0.688138
1.0548	0.690218
1.0572	0.69248
1.0596	0.694689
1.062	0.697136
1.0644	0.699674
1.0668	0.702225
1.0692	0.704783
1.0716	0.707588
1.074	0.710356
1.0764	0.713195
1.0788	0.716199
1.0812	0.719291
1.0836	0.72218
1.086	0.725377
1.0884	0.728726
1.0908	0.732009
1.0932	0.735344
1.0956	0.738413
1.098	0.741646
1.1004	0.745027
1.1028	0.748301
1.1052	0.751429
1.1076	0.754538
1.11	0.757839
1.1124	0.76112
1.1148	0.764727
1.1172	0.767966
1.1196	0.77133
1.122	0.774559
1.1244	0.77746
1.1268	0.780564
1.1292	0.783668
1.1316	0.786483
1.134	0.789223
1.1364	0.792066
1.1388	0.794976
1.1412	0.797781
1.1436	0.800801
1.146	0.803453
1.1484	0.805801
1.1508	0.808918
1.1532	0.811674
1.1556	0.813761
1.158	0.816738
1.1604	0.819296
1.1628	0.821989
1.1652	0.824064
1.1676	0.826549
1.17	0.828942
1.1724	0.830362
1.1748	0.831717
1.1772	0.833003
1.1796	0.834116
1.182	0.835005
1.1844	0.836247
1.1868	0.837422
1.1892	0.838428
1.1916	0.838936
1.194	0.839672
1.1964	0.840411
1.1988	0.840889
1.2012	0.840669
1.2036	0.841654
1.206	0.841217
1.2084	0.841338
1.2108	0.840754
1.2132	0.839939
1.2156	0.839717
1.218	0.839388
1.2204	0.838319
1.2228	0.837091
1.2252	0.837308
1.2276	0.836612
1.23	0.835878
1.2324	0.834313
1.2348	0.833448
1.2372	0.832764
1.2396	0.831758
1.242	0.830666
1.2444	0.828692
1.2468	0.826757
1.2492	0.825548
1.2516	0.823454
1.254	0.822929
1.2564	0.820881
1.2588	0.818605
1.2612	0.817296
1.2636	0.814861
1.266	0.812633
1.2684	0.811226
1.2708	0.808893
1.2732	0.807362
1.2756	0.805032
1.278	0.802741
1.2804	0.800273
1.2828	0.798001
1.2852	0.795721
1.2876	0.792996
1.29	0.791774
1.2924	0.789454
1.2948	0.788246
1.2972	0.786282
1.2996	0.783593
1.302	0.781372
1.3044	0.778974
1.3068	0.776562
1.3092	0.775589
1.3116	0.773205
1.314	0.771848
1.3164	0.770862
1.3188	0.772644
1.3212	0.770503
1.3236	0.7684
1.326	0.767708
1.3284	0.765475
1.3308	0.763239
1.3332	0.760723
1.3356	0.759712
1.338	0.757222
1.3404	0.754647
1.3428	0.75305
1.3452	0.751918
1.3476	0.750736
1.35	0.749571
1.3524	0.746677
1.3548	0.745398
1.3572	0.74445
1.3596	0.743525
1.362	0.740768
1.3644	0.73779
1.3668	0.738088
1.3692	0.735393
1.3716	0.734138
1.374	0.731063
1.3764	0.72793
1.3788	0.724168
1.3812	0.72265
1.3836	0.720753
1.386	0.717817
1.3884	0.714033
1.3908	0.712322
1.3932	0.709437
1.3956	0.711131
1.398	0.709615
1.4004	0.707761
1.4028	0.706045
1.4052	0.702969
1.4076	0.699188
1.41	0.695624
1.4124	0.693569
1.4148	0.692357
1.4172	0.688448
1.4196	0.688497
1.422	0.685485
1.4244	0.682042
1.4268	0.68062
1.4292	0.677281
1.4316	0.675626
1.434	0.672776
1.4364	0.669741
1.4388	0.666501
1.4412	0.666494
1.4436	0.66617
1.446	0.664124
1.4484	0.661826
1.4508	0.661453
1.4532	0.662079
1.4556	0.660303
1.458	0.660673
1.4604	0.658261
1.4628	0.656997
1.4652	0.658027
1.4676	0.657105
1.47	0.655769
1.4724	0.654706
1.4748	0.655517
1.4772	0.654636
1.4796	0.654107
1.482	0.652624
1.4844	0.657062
1.4868	0.656474
1.4892	0.656259
1.4916	0.66115
1.494	0.661191
1.4964	0.661098
1.4988	0.661872
1.5012	0.661341
1.5036	0.662322
1.506	0.667168
1.5084	0.668783
1.5108	0.669781
1.5132	0.674662
1.5156	0.677528
1.518	0.679499
1.5204	0.681198
1.5228	0.68573
1.5252	0.688212
1.5276	0.689665
1.53	0.695157
1.5324	0.703632
1.5348	0.706704
1.5372	0.710223
1.5396	0.712161
1.542	0.718822
1.5444	0.719507
1.5468	0.725526
1.5492	0.734063
1.5516	0.735133
1.554	0.737379
1.5564	0.74211
1.5588	0.743004
1.5612	0.753476
1.5636	0.762503
1.566	0.767086
1.5684	0.769372
1.5708	0.776404
1.5732	0.781383
1.5756	0.787597
1.578	0.79794
1.5804	0.807963
1.5828	0.815016
1.5852	0.822675
1.5876	0.823764
1.59	0.828703
1.5924	0.834435
1.5948	0.84456
1.5972	0.849281
1.5996	0.853041
1.602	0.857964
1.6044	0.859486
1.6068	0.865006
1.6092	0.87043
1.6116	0.879252
1.614	0.891434
1.6164	0.897654
1.6188	0.900818
1.6212	0.906925
1.6236	0.913583
1.626	0.911592
1.6284	0.914864
1.6308	0.921175
1.6332	0.936776
1.6356	0.939728
1.638	0.943056
1.6404	0.951149
1.6428	0.959757
1.6452	0.973087
1.6476	0.980284
1.65	0.982452
1.6524	0.988369
1.6548	0.989735
1.6572	0.997397
1.6596	1.00147
1.662	1.01231
1.6644	1.01975
1.6668	1.02786
1.6692	1.02904
1.6716	1.03579
1.674	1.0406
1.6764	1.04317
1.6788	1.05067
1.6812	1.06611
1.6836	1.07395
1.686	1.08386
1.6884	1.09648
1.6908	1.10417
1.6932	1.1066
1.6956	1.10749
1.698	1.11454
1.7004	1.12025
1.7028	1.12557
1.7052	1.13424
1.7076	1.14293
1.71	1.14245
1.7124	1.15512
1.7148	1.16074
1.7172	1.16107
1.7196	1.15293
1.722	1.15819
1.7244	1.16451
1.7268	1.17143
1.7292	1.19594
1.7316	1.20225
1.734	1.20721
1.7364	1.22049
1.7388	1.22708
1.7412	1.23575
1.7436	1.23644
1.746	1.23724
1.7484	1.24154
1.7508	1.26396
1.7532	1.28483
1.7556	1.28993
1.758	1.29151
1.7604	1.2961
1.7628	1.30452
1.7652	1.31636
1.7676	1.3151
1.77	1.32056
1.7724	1.32187
1.7748	1.33298
1.7772	1.34616
1.7796	1.35147
1.782	1.35433
1.7844	1.34803
1.7868	1.35287
1.7892	1.35916
1.7916	1.36341
1.794	1.3724
1.7964	1.36952
1.7988	1.37011
1.8012	1.38503
1.8036	1.38461
1.806	1.39272
1.8084	1.40483
1.8108	1.41807
1.8132	1.43577
1.8156	1.43312
1.818	1.44668
1.8204	1.43688
1.8228	1.44266
1.8252	1.45277
1.8276	1.45699
1.83	1.4724
1.8324	1.47895
1.8348	1.50322
1.8372	1.51722
1.8396	1.52757
1.842	1.52206
1.8444	1.53412
1.8468	1.54398
1.8492	1.55154
1.8516	1.55257
1.854	1.57091
1.8564	1.586
1.8588	1.58581
1.8612	1.58186
1.8636	1.59315
1.866	1.58985
1.8684	1.60387
1.8708	1.61639
1.8732	1.6375
1.8756	1.63849
1.878	1.64357
1.8804	1.65171
1.8828	1.67752
1.8852	1.66346
1.8876	1.67225
1.89	1.67409
1.8924	1.65828
1.8948	1.66664
1.8972	1.67451
1.8996	1.67092
1.902	1.67957
1.9044	1.67198
1.9068	1.67668
1.9092	1.66895
1.9116	1.70429
1.914	1.68858
1.9164	1.68643
1.9188	1.69861
1.9212	1.70939
1.9236	1.68669
1.926	1.69458
1.9284	1.7037
1.9308	1.71398
1.9332	1.666
1.9356	1.67621
1.938	1.68427
1.9404	1.71176
1.9428	1.72976
1.9452	1.71015
1.9476	1.68656
1.95	1.67708
1.9524	1.68981
1.9548	1.72375
1.9572	1.73816
1.9596	1.75201
1.962	1.7325
1.9644	1.66301
1.9668	1.6784
1.9692	1.6862
1.9716	1.66447
1.974	1.65927
1.9764	1.67022
1.9788	1.69404
1.9812	1.63696
1.9836	1.66834
1.986	1.64329
1.9884	1.6751
1.9908	1.688
1.9932	1.70085
1.9956	1.66786
1.998	1.69741
2.0004	1.72206
2.0028	1.7432
2.0052	1.77946
2.0076	1.80402
2.01	1.82545
2.0124	1.79222
2.0148	1.76509
2.0172	1.74164
2.0196	1.76586
2.022	1.81902
2.0244	1.83654
2.0268	1.90211
2.0292	1.94659
2.0316	1.97323
2.034	1.86427
2.0364	1.88733
2.0388	1.90446
2.0412	1.86743
2.0436	1.83065
2.046	1.84404
2.0484	1.84794
2.0508	1.90013
2.0532	1.92083
2.0556	1.98263
2.058	1.99489
2.0604	2.01251
2.0628	2.03853
2.0652	2.00522
2.0676	2.02447
2.07	2.03411
2.0724	2.05826
2.0748	2.13608
2.0772	2.18121
2.0796	2.17321
2.082	2.09155
2.0844	2.08472
2.0868	2.09879
2.0892	2.05395
2.0916	2.07411
2.094	2.15977
2.0964	2.1854
2.0988	2.19085
2.1012	2.24844
2.1036	2.25391
2.106	2.28673
2.1084	2.33027
2.1108	2.38577
2.1132	2.31138
2.1156	2.31777
2.118	2.34483
2.1204	2.22788
2.1228	2.25541
2.1252	2.24557
2.1276	2.27383
2.13	2.16861
2.1324	2.10169
2.1348	2.09381
2.1372	1.97654
2.1396	2.01964
2.142	2.1088
2.1444	2.10108
2.1468	2.13091
2.1492	2.12293
2.1516	1.83923
2.154	1.72434
2.1564	1.74083
2.1588	1.58877
2.1612	1.63181
2.1636	1.70787
2.166	1.72708
2.1684	1.76145
2.1708	1.81698
2.1732	1.90219
2.1756	1.912
2.178	1.93551
2.1804	2.00237
2.1828	2.04797
2.1852	2.03393
2.1876	2.08096
2.19	2.17019
2.1924	2.23
2.1948	2.22411
2.1972	2.28029
2.1996	2.3534
2.202	2.38821
2.2044	2.22078
2.2068	2.21544
2.2092	2.24464
2.2116	2.27459
2.214	2.02661
2.2164	2.09836
2.2188	2.09437
2.2212	2.13367
2.2236	2.17438
2.226	2.17001
2.2284	2.2845
2.2308	1.95213
2.2332	2.03253
2.2356	1.78987
2.238	1.83506
2.2404	1.91558
2.2428	1.96688
2.2452	1.50759
2.2476	1.50873
2.25	1.54481
2.2524	1.54596
2.2548	1.54714
2.2572	1.66261
2.2596	1.66367
2.262	1.71546
2.2644	1.7165
2.2668	1.76167
2.2692	1.80905
2.2716	1.85877
2.274	1.85973
2.2764	2.03542
2.2788	2.0362
2.2812	2.03701
2.2836	2.23204
2.286	2.40054
2.2884	2.4009
2.2908	2.59512
2.2932	2.69337
2.2956	2.69334
2.298	2.82133
2.3004	2.93602
2.3028	3.08708
2.3052	3.25338
2.3076	3.40435
2.31	3.40326
2.3124	2.71504
2.3148	2.7161
2.3172	2.71718
2.3196	3.05558
2.322	3.23701
2.3244	3.43943
2.3268	3.98641
2.3292	3.98627
2.3316	3.98614
2.334	3.98603
2.3364	4
2.3388	4
2.3412	4
2.3436	4
2.346	4
2.3484	4
2.3508	4
2.3532	4
2.3556	4
2.358	4
2.3604	4
2.3628	4
2.3652	4
2.3676	4
2.37	4
2.3724	4
2.3748	4
2.3772	4
2.3796	4
2.382	4
2.3844	4
2.3868	4
2.3892	4
2.3916	4
2.394	4
2.3964	4
2.3988	4



0.0012	0.061959
0.0036	0.0406996
0.006	0.0423295
0.0084	0.0455487
0.0108	0.0584327
0.0132	0.0743715
0.0156	0.0766825
0.018	0.09117
0.0204	0.0976923
0.0228	0.105807
0.0252	0.124272
0.0276	0.137478
0.03	0.159336
0.0324	0.178143
0.0348	0.205336
0.0372	0.225722
0.0396	0.253993
0.042	0.278993
0.0444	0.313357
0.0468	0.3504
0.0492	0.391092
0.0516	0.434896
0.054	0.479203
0.0564	0.521486
0.0588	0.566862
0.0612	0.620427
0.0636	0.671936
0.066	0.729484
0.0684	0.789628
0.0708	0.853357
0.0732	0.918524
0.0756	0.985133
0.078	1.05294
0.0804	1.12189
0.0828	1.19116
0.0852	1.26019
0.0876	1.32835
0.09	1.39518
0.0924	1.46008
0.0948	1.52268
0.0972	1.58253
0.0996	1.63933
0.102	1.69276
0.1044	1.74258
0.1068	1.78862
0.1092	1.83077
0.1116	1.86896
0.114	1.90317
0.1164	1.93343
0.1188	1.95979
0.1212	1.98236
0.1236	2.00126
0.126	2.01662
0.1284	2.0286
0.1308	2.03738
0.1332	2.04312
0.1356	2.04602
0.138	2.04625
0.1404	2.04399
0.1428	2.03943
0.1452	2.03273
0.1476	2.02406
0.15	2.01358
0.1524	2.00144
0.1548	1.9878
0.1572	1.97277
0.1596	1.9565
0.162	1.93909
0.1644	1.92067
0.1668	1.90133
0.1692	1.88118
0.1716	1.86029
0.174	1.83877
0.1764	1.81667
0.1788	1.79408
0.1812	1.77106
0.1836	1.74767
0.186	1.72398
0.1884	1.70004
0.1908	1.6759
0.1932	1.65162
0.1956	1.62724
0.198	1.60282
0.2004	1.57841
0.2028	1.55404
0.2052	1.52976
0.2076	1.50563
0.21	1.48168
0.2124	1.45797
0.2148	1.43453
0.2172	1.41141
0.2196	1.38867
0.222	1.36633
0.2244	1.34445
0.2268	1.32307
0.2292	1.30223
0.2316	1.28198
0.234	1.26234
0.2364	1.24337
0.2388	1.22509
0.2412	1.20754
0.2436	1.19076
0.246	1.17476
0.2484	1.15958
0.2508	1.14524
0.2532	1.13176
0.2556	1.11916
0.258	1.10745
0.2604	1.09665
0.2628	1.08675
0.2652	1.07782
0.2676	1.06974
0.27	1.06257
0.2724	1.05629
0.2748	1.05089
0.2772	1.04634
0.2796	1.04265
0.282	1.03972
0.2844	1.03758
0.2868	1.03609
0.2892	1.03523
0.2916	1.03497
0.294	1.0352
0.2964	1.03586
0.2988	1.03693
0.3012	1.03824
0.3036	1.03977
0.306	1.04145
0.3084	1.04319
0.3108	1.04492
0.3132	1.04659
0.3156	1.04816
0.318	1.04957
0.3204	1.05076
0.3228	1.05171
0.3252	1.05239
0.3276	1.05278
0.33	1.05287
0.3324	1.05263
0.3348	1.05208
0.3372	1.05118
0.3396	1.04995
0.342	1.0484
0.3444	1.04651
0.3468	1.0443
0.3492	1.04179
0.3516	1.03896
0.354	1.03584
0.3564	1.03243
0.3588	1.02874
0.3612	1.02476
0.3636	1.02052
0.366	1.01601
0.3684	1.01126
0.3708	1.00627
0.3732	1.00108
0.3756	0.995721
0.378	0.990235
0.3804	0.984677
0.3828	0.979109
0.3852	0.97361
0.3876	0.968256
0.39	0.96313
0.3924	0.958319
0.3948	0.953902
0.3972	0.949954
0.3996	0.946537
0.402	0.943699
0.4044	0.941469
0.4068	0.93986
0.4092	0.938858
0.4116	0.938431
0.414	0.938522
0.4164	0.939054
0.4188	0.939928
0.4212	0.94103
0.4236	0.942232
0.426	0.943396
0.4284	0.944383
0.4308	0.945057
0.4332	0.945294
0.4356	0.944984
0.438	0.944045
0.4404	0.942421
0.4428	0.940093
0.4452	0.937074
0.4476	0.933411
0.45	0.929186
0.4524	0.924505
0.4548	0.919494
0.4572	0.914293
0.4596	0.909048
0.462	0.903902
0.4644	0.898989
0.4668	0.894433
0.4692	0.89034
0.4716	0.886799
0.474	0.883882
0.4764	0.881645
0.4788	0.880129
0.4812	0.879364
0.4836	0.87937
0.486	0.880159
0.4884	0.881738
0.4908	0.884107
0.4932	0.887262
0.4956	0.891191
0.498	0.895875
0.5004	0.901282
0.5028	0.907373
0.5052	0.914092
0.5076	0.921371
0.51	0.929127
0.5124	0.937264
0.5148	0.945677
0.5172	0.95425
0.5196	0.962865
0.522	0.971401
0.5244	0.979746
0.5268	0.987793
0.5292	0.99545
0.5316	1.00264
0.534	1.00931
0.5364	1.01542
0.5388	1.02095
0.5412	1.0259
0.5436	1.03028
0.546	1.03411
0.5484	1.03742
0.5508	1.04024
0.5532	1.04258
0.5556	1.04447
0.558	1.04592
0.5604	1.04691
0.5628	1.04744
0.5652	1.04747
0.5676	1.04698
0.57	1.04592
0.5724	1.04425
0.5748	1.04195
0.5772	1.03899
0.5796	1.03536
0.582	1.03109
0.5844	1.02618
0.5868	1.02072
0.5892	1.01476
0.5916	1.00841
0.594	1.00178
0.5964	0.994992
0.5988	0.98819
0.6012	0.981508
0.6036	0.975081
0.606	0.969036
0.6084	0.963489
0.6108	0.95854
0.6132	0.954273
0.6156	0.950747
0.618	0.948003
0.6204	0.946057
0.6228	0.944904
0.6252	0.944516
0.6276	0.944846
0.63	0.945828
0.6324	0.947384
0.6348	0.949423
0.6372	0.951844
0.6396	0.954545
0.642	0.957423
0.6444	0.960377
0.6468	0.963315
0.6492	0.96615
0.6516	0.968808
0.654	0.971226
0.6564	0.973352
0.6588	0.975143
0.6612	0.976565
0.6636	0.977594
0.666	0.97821
0.6684	0.978395
0.6708	0.978136
0.6732	0.977421
0.6756	0.976236
0.678	0.974569
0.6804	0.972408
0.6828	0.969743
0.6852	0.966564
0.6876	0.962866
0.69	0.958644
0.6924	0.953903
0.6948	0.948653
0.6972	0.94291
0.6996	0.936698
0.702	0.930048
0.7044	0.923003
0.7068	0.915605
0.7092	0.90791
0.7116	0.899978
0.714	0.89187
0.7164	0.883652
0.7188	0.875392
0.7212	0.86716
0.7236	0.859028
0.726	0.851059
0.7284	0.843321
0.7308	0.835881
0.7332	0.828791
0.7356	0.822118
0.738	0.815902
0.7404	0.810196
0.7428	0.805039
0.7452	0.800466
0.7476	0.796507
0.75	0.79319
0.7524	0.790528
0.7548	0.788538
0.7572	0.787222
0.7596	0.786579
0.762	0.786597
0.7644	0.787268
0.7668	0.788557
0.7692	0.790444
0.7716	0.792899
0.774	0.795877
0.7764	0.79934
0.7788	0.803238
0.7812	0.807502
0.7836	0.812095
0.786	0.816962
0.7884	0.822028
0.7908	0.827276
0.7932	0.832636
0.7956	0.838052
0.798	0.843492
0.8004	0.848889
0.8028	0.85426
0.8052	0.859566
0.8076	0.864806
0.81	0.869915
0.8124	0.874923
0.8148	0.879841
0.8172	0.884661
0.8196	0.889403
0.822	0.894021
0.8244	0.898602
0.8268	0.903068
0.8292	0.907465
0.8316	0.911795
0.834	0.915986
0.8364	0.920109
0.8388	0.924032
0.8412	0.927849
0.8436	0.93143
0.846	0.934818
0.8484	0.937989
0.8508	0.940817
0.8532	0.943381
0.8556	0.945521
0.858	0.94733
0.8604	0.948671
0.8628	0.94959
0.8652	0.949941
0.8676	0.949813
0.87	0.949107
0.8724	0.947987
0.8748	0.946234
0.8772	0.943986
0.8796	0.94116
0.882	0.937804
0.8844	0.933901
0.8868	0.929638
0.8892	0.924876
0.8916	0.919712
0.894	0.914179
0.8964	0.908323
0.8988	0.90219
0.9012	0.895903
0.9036	0.889365
0.906	0.882707
0.9084	0.875864
0.9108	0.868971
0.9132	0.862233
0.9156	0.855452
0.918	0.848655
0.9204	0.841957
0.9228	0.835594
0.9252	0.829317
0.9276	0.823238
0.93	0.81738
0.9324	0.811782
0.9348	0.806446
0.9372	0.801281
0.9396	0.796526
0.942	0.792315
0.9444	0.788337
0.9468	0.784698
0.9492	0.781141
0.9516	0.77802
0.954	0.775104
0.9564	0.772638
0.9588	0.770335
0.9612	0.768336
0.9636	0.766903
0.966	0.765797
0.9684	0.764814
0.9708	0.763941
0.9732	0.763286
0.9756	0.762995
0.978	0.762879
0.9804	0.762781
0.9828	0.763001
0.9852	0.763177
0.9876	0.763625
0.99	0.764152
0.9924	0.765125
0.9948	0.766185
0.9972	0.766762
0.9996	0.767691
1.002	0.768622
1.0044	0.769181
1.0068	0.769659
1.0092	0.770251
1.0116	0.770807
1.014	0.771256
1.0164	0.771459
1.0188	0.771946
1.0212	0.77242
1.0236	0.772351
1.026	0.772167
1.0284	0.771833
1.0308	0.771413
1.0332	0.771929
1.0356	0.771403
1.038	0.770841
1.0404	0.770144
1.0428	0.769665
1.0452	0.769149
1.0476	0.769639
1.05	0.769291
1.0524	0.768682
1.0548	0.768141
1.0572	0.76761
1.0596	0.767386
1.062	0.767276
1.0644	0.766884
1.0668	0.766644
1.0692	0.76679
1.0716	0.766995
1.074	0.768531
1.0764	0.768795
1.0788	0.769526
1.0812	0.770423
1.0836	0.771872
1.086	0.772738
1.0884	0.773744
1.0908	0.774739
1.0932	0.776798
1.0956	0.778091
1.098	0.779521
1.1004	0.781062
1.1028	0.78321
1.1052	0.785302
1.1076	0.787073
1.11	0.7889
1.1124	0.791927
1.1148	0.794481
1.1172	0.797092
1.1196	0.799192
1.122	0.801799
1.1244	0.803745
1.1268	0.806399
1.1292	0.808544
1.1316	0.811326
1.134	0.813274
1.1364	0.815383
1.1388	0.817349
1.1412	0.820764
1.1436	0.823478
1.146	0.825199
1.1484	0.827905
1.1508	0.830357
1.1532	0.833933
1.1556	0.836512
1.158	0.838402
1.1604	0.841041
1.1628	0.84744
1.1652	0.849585
1.1676	0.851662
1.17	0.853746
1.1724	0.856733
1.1748	0.858732
1.1772	0.861407
1.1796	0.863333
1.182	0.867396
1.1844	0.869449
1.1868	0.871097
1.1892	0.873994
1.1916	0.87602
1.194	0.880679
1.1964	0.885601
1.1988	0.887621
1.2012	0.889491
1.2036	0.891594
1.206	0.894052
1.2084	0.89559
1.2108	0.897239
1.2132	0.90101
1.2156	0.903049
1.218	0.905098
1.2204	0.908868
1.2228	0.911374
1.2252	0.913493
1.2276	0.915936
1.23	0.917594
1.2324	0.919209
1.2348	0.923475
1.2372	0.925134
1.2396	0.927286
1.242	0.928698
1.2444	0.932753
1.2468	0.934145
1.2492	0.938093
1.2516	0.942111
1.254	0.944015
1.2564	0.94519
1.2588	0.949756
1.2612	0.951613
1.2636	0.952894
1.266	0.954633
1.2684	0.956593
1.2708	0.958321
1.2732	0.959338
1.2756	0.959823
1.278	0.960757
1.2804	0.961814
1.2828	0.965241
1.2852	0.965819
1.2876	0.96624
1.29	0.966611
1.2924	0.965899
1.2948	0.969236
1.2972	0.968945
1.2996	0.968864
1.302	0.975904
1.3044	0.975525
1.3068	0.974872
1.3092	0.973908
1.3116	0.974006
1.314	0.972938
1.3164	0.97126
1.3188	0.970298
1.3212	0.96839
1.3236	0.966959
1.326	0.967453
1.3284	0.964661
1.3308	0.962127
1.3332	0.959517
1.3356	0.956601
1.338	0.95358
1.3404	0.950849
1.3428	0.947703
1.3452	0.949025
1.3476	0.945241
1.35	0.944584
1.3524	0.944856
1.3548	0.941017
1.3572	0.937938
1.3596	0.933851
1.362	0.929039
1.3644	0.929178
1.3668	0.925146
1.3692	0.920878
1.3716	0.916561
1.374	0.91107
1.3764	0.905824
1.3788	0.898114
1.3812	0.902927
1.3836	0.896434
1.386	0.890532
1.3884	0.884347
1.3908	0.87941
1.3932	0.872224
1.3956	0.866736
1.398	0.866526
1.4004	0.86221
1.4028	0.862134
1.4052	0.854312
1.4076	0.854186
1.41	0.849975
1.4124	0.850883
1.4148	0.845289
1.4172	0.835929
1.4196	0.830631
1.422	0.832136
1.4244	0.826987
1.4268	0.819769
1.4292	0.812662
1.4316	0.805931
1.434	0.804497
1.4364	0.798055
1.4388	0.792778
1.4412	0.788444
1.4436	0.781653
1.446	0.775215
1.4484	0.768416
1.4508	0.763129
1.4532	0.758396
1.4556	0.753698
1.458	0.741856
1.4604	0.734533
1.4628	0.72938
1.4652	0.722502
1.4676	0.715029
1.47	0.709503
1.4724	0.70431
1.4748	0.698738
1.4772	0.692207
1.4796	0.696682
1.482	0.692402
1.4844	0.68918
1.4868	0.685255
1.4892	0.680595
1.4916	0.674994
1.494	0.671617
1.4964	0.664938
1.4988	0.667467
1.5012	0.660037
1.5036	0.656186
1.506	0.659609
1.5084	0.658694
1.5108	0.653971
1.5132	0.651218
1.5156	0.645433
1.518	0.64283
1.5204	0.652553
1.5228	0.649723
1.5252	0.642439
1.5276	0.642367
1.53	0.639829
1.5324	0.635392
1.5348	0.632281
1.5372	0.625674
1.5396	0.623171
1.542	0.62264
1.5444	0.61871
1.5468	0.60479
1.5492	0.603779
1.5516	0.605918
1.554	0.606169
1.5564	0.608085
1.5588	0.604101
1.5612	0.603672
1.5636	0.610733
1.566	0.604621
1.5684	0.607463
1.5708	0.622968
1.5732	0.618806
1.5756	0.618356
1.578	0.611183
1.5804	0.602076
1.5828	0.604436
1.5852	0.608232
1.5876	0.61067
1.59	0.623039
1.5924	0.624608
1.5948	0.627034
1.5972	0.624536
1.5996	0.626681
1.602	0.630758
1.6044	0.628613
1.6068	0.63242
1.6092	0.63531
1.6116	0.638129
1.614	0.642808
1.6164	0.647252
1.6188	0.639417
1.6212	0.645037
1.6236	0.650084
1.626	0.651977
1.6284	0.645878
1.6308	0.649796
1.6332	0.640867
1.6356	0.646432
1.638	0.651172
1.6404	0.657032
1.6428	0.64828
1.6452	0.651433
1.6476	0.654579
1.65	0.656487
1.6524	0.658992
1.6548	0.667286
1.6572	0.669731
1.6596	0.675749
1.662	0.679635
1.6644	0.684044
1.6668	0.687722
1.6692	0.677534
1.6716	0.680398
1.674	0.683498
1.6764	0.685409
1.6788	0.671663
1.6812	0.675654
1.6836	0.68024
1.686	0.665687
1.6884	0.650313
1.6908	0.655256
1.6932	0.660469
1.6956	0.664631
1.698	0.665762
1.7004	0.669076
1.7028	0.678504
1.7052	0.678281
1.7076	0.683071
1.71	0.668681
1.7124	0.671183
1.7148	0.674703
1.7172	0.678586
1.7196	0.683015
1.722	0.686333
1.7244	0.695584
1.7268	0.698983
1.7292	0.677328
1.7316	0.677213
1.734	0.657792
1.7364	0.642653
1.7388	0.64892
1.7412	0.652928
1.7436	0.660963
1.746	0.666203
1.7484	0.645707
1.7508	0.671573
1.7532	0.67988
1.7556	0.677201
1.758	0.699439
1.7604	0.702464
1.7628	0.707193
1.7652	0.652415
1.7676	0.655573
1.77	0.661413
1.7724	0.665156
1.7748	0.67522
1.7772	0.685385
1.7796	0.687447
1.782	0.662583
1.7844	0.670342
1.7868	0.638662
1.7892	0.649092
1.7916	0.624284
1.794	0.630668
1.7964	0.595096
1.7988	0.601547
1.8012	0.611371
1.8036	0.61651
1.806	0.578801
1.8084	0.585471
1.8108	0.588675
1.8132	0.593382
1.8156	0.596682
1.818	0.555008
1.8204	0.564888
1.8228	0.575452
1.8252	0.576258
1.8276	0.583958
1.83	0.595644
1.8324	0.60372
1.8348	0.617996
1.8372	0.627042
1.8396	0.64273
1.842	0.649595
1.8444	0.661271
1.8468	0.663316
1.8492	0.674703
1.8516	0.692772
1.854	0.698681
1.8564	0.708738
1.8588	0.728855
1.8612	0.738776
1.8636	0.67255
1.866	0.68824
1.8684	0.706911
1.8708	0.727414
1.8732	0.749762
1.8756	0.757676
1.878	0.768326
1.8804	0.765362
1.8828	0.769879
1.8852	0.700843
1.8876	0.720526
1.89	0.642726
1.8924	0.648163
1.8948	0.657235
1.8972	0.661733
1.8996	0.662281
1.902	0.668499
1.9044	0.591167
1.9068	0.611675
1.9092	0.616028
1.9116	0.62092
1.914	0.636049
1.9164	0.641322
1.9188	0.64408
1.9212	0.653583
1.9236	0.663383
1.926	0.683481
1.9284	0.709623
1.9308	0.709495
1.9332	0.720741
1.9356	0.731141
1.938	0.747608
1.9404	0.761051
1.9428	0.773673
1.9452	0.773012
1.9476	0.653494
1.95	0.671899
1.9524	0.690101
1.9548	0.698975
1.9572	0.552771
1.9596	0.562907
1.962	0.572739
1.9644	0.584623
1.9668	0.591389
1.9692	0.591554
1.9716	0.604181
1.974	0.454308
1.9764	0.465122
1.9788	0.473874
1.9812	0.490598
1.9836	0.497556
1.986	0.509037
1.9884	0.511859
1.9908	0.522215
1.9932	0.52862
1.9956	0.529145
1.998	0.537017
2.0004	0.54148
2.0028	0.54199
2.0052	0.548867
2.0076	0.551255
2.01	0.574757
2.0124	0.582276
2.0148	0.582672
2.0172	0.610447
2.0196	0.399099
2.022	0.405142
2.0244	0.418052
2.0268	0.4258
2.0292	0.433784
2.0316	0.456379
2.034	0.481269
2.0364	0.505374
2.0388	0.51431
2.0412	0.534302
2.0436	0.534837
2.046	0.546651
2.0484	0.547184
2.0508	0.547737
2.0532	0.560066
2.0556	0.608146
2.058	0.622971
2.0604	0.623336
2.0628	0.638814
2.0652	0.652212
2.0676	0.666105
2.07	0.674251
2.0724	0.674487
2.0748	0.692232
2.0772	0.710827
2.0796	0.768579
2.082	0.78717
2.0844	0.810752
2.0868	0.803667
2.0892	0.828057
2.0916	0.82782
2.094	0.853524
2.0964	0.890008
2.0988	0.889523
2.1012	0.889053
2.1036	0.912988
2.106	0.912456
2.1084	0.911939
2.1108	0.911437
2.1132	0.974846
2.1156	1.00943
2.118	1.00863
2.1204	1.04549
2.1228	1.07779
2.1252	1.11964
2.1276	1.1185
2.13	1.24852
2.1324	1.2941
2.1348	0.645599
2.1372	0.644797
2.1396	0.644
2.142	7.25371e-21
2.1444	7.87674e-21
2.1468	7.89063e-21
2.1492	7.9049e-21
2.1516	7.91955e-21
2.154	8.27625e-21
2.1564	8.29162e-21
2.1588	8.76026e-21
2.1612	9.18891e-21
2.1636	9.20537e-21
2.166	9.22224e-21
2.1684	9.78851e-21
2.1708	9.80627e-21
2.1732	1.03269e-20
2.1756	1.16588e-20
2.178	1.1678e-20
2.1804	1.3197e-20
2.1828	1.41179e-20
2.1852	1.41381e-20
2.1876	1.51807e-20
2.19	1.63783e-20
2.1924	1.77665e-20
2.1948	1.77872e-20
2.1972	1.94005e-20
2.1996	1.94212e-20
2.202	1.94426e-20
2.2044	1.94645e-20
2.2068	1.94869e-20
2.2092	1.95099e-20
2.2116	1.95335e-20
2.214	2.13682e-20
2.2164	2.35607e-20
2.2188	2.35852e-20
2.2212	2.36103e-20
2.2236	2.62097e-20
2.226	2.62357e-20
2.2284	2.62623e-20
2.2308	2.62895e-20
2.2332	3.01666e-20
2.2356	3.01948e-20
2.238	3.42879e-20
2.2404	3.43167e-20
2.2428	3.43462e-20
2.2452	3.43764e-20
2.2476	3.44074e-20
2.25	3.4439e-20
2.2524	3.44714e-20
2.2548	3.45046e-20
2.2572	3.94772e-20
2.2596	3.95129e-20
2.262	3.95493e-20
2.2644	4.74677e-20
2.2668	5.67868e-20
2.2692	5.68291e-20
2.2716	5.68725e-20
2.274	5.69167e-20
2.2764	7.35548e-20
2.2788	7.36031e-20
2.2812	7.36525e-20
2.2836	9.59657e-20
2.286	1.3748e-19
2.2884	1.37516e-19
2.2908	1.37552e-19
2.2932	1.3759e-19
2.2956	1.3763e-19
2.298	1.3767e-19
2.3004	1.37712e-19
2.3028	1.37755e-19
2.3052	1.37799e-19
2.3076	1.37845e-19
2.31	1.37891e-19
2.3124	1.3794e-19
2.3148	1.37989e-19
2.3172	1.3804e-19
2.3196	1.38091e-19
2.322	1.38145e-19
2.3244	1.38199e-19
2.3268	1.38255e-19
2.3292	1.38312e-19
2.3316	1.3837e-19
2.334	1.3843e-19
2.3364	1.38491e-19
2.3388	1.38553e-19
2.3412	1.38617e-19
2.3436	1.38681e-19
2.346	1.38747e-19
2.3484	2.2358e-19
2.3508	2.23674e-19
2.3532	2.23769e-19
2.3556	2.23867e-19
2.358	2.23966e-19
2.3604	2.24067e-19
2.3628	4.21937e-19
2.3652	4.22114e-19
2.3676	4.22294e-19
2.37	4.22478e-19
2.3724	4.22665e-19
2.3748	0.999574
2.3772	0.999574
2.3796	0.999574
2.382	0.999574
2.3844	0.999574
2.3868	0.999574
2.3892	0.999574
2.3916	0.999574
2.394	0.999574
2.3964	0.999574
2.3988	0.999574



0.0012	0.0346665
0.0036	0.040276
0.006	0.0467083
0.0084	0.0756662
0.0108	0.0883206
0.0132	0.070387
0.0156	0.0741697
0.018	0.0787062
0.0204	0.0849201
0.0228	0.100934
0.0252	0.118193
0.0276	0.136429
0.03	0.14643
0.0324	0.162392
0.0348	0.1732
0.0372	0.196994
0.0396	0.2205
0.042	0.24647
0.0444	0.276606
0.0468	0.308154
0.0492	0.344794
0.0516	0.380465
0.054	0.420884
0.0564	0.459575
0.0588	0.50222
0.0612	0.552846
0.0636	0.597467
0.066	0.649982
0.0684	0.703582
0.0708	0.759412
0.0732	0.818265
0.0756	0.879104
0.078	0.941649
0.0804	1.00475
0.0828	1.06857
0.0852	1.13172
0.0876	1.19426
0.09	1.25514
0.0924	1.31385
0.0948	1.36997
0.0972	1.42301
0.0996	1.47254
0.102	1.51825
0.1044	1.55992
0.1068	1.59735
0.1092	1.63048
0.1116	1.65929
0.114	1.68383
0.1164	1.7042
0.1188	1.72056
0.1212	1.7331
0.1236	1.74203
0.126	1.74757
0.1284	1.74999
0.1308	1.74952
0.1332	1.74641
0.1356	1.74091
0.138	1.73326
0.1404	1.72367
0.1428	1.71236
0.1452	1.69953
0.1476	1.68537
0.15	1.67004
0.1524	1.65372
0.1548	1.63654
0.1572	1.61865
0.1596	1.60016
0.162	1.58119
0.1644	1.56185
0.1668	1.54224
0.1692	1.52244
0.1716	1.50255
0.174	1.48262
0.1764	1.46274
0.1788	1.44296
0.1812	1.42335
0.1836	1.40397
0.186	1.38485
0.1884	1.36604
0.1908	1.34759
0.1932	1.32954
0.1956	1.3119
0.198	1.29472
0.2004	1.27801
0.2028	1.2618
0.2052	1.24611
0.2076	1.23095
0.21	1.21632
0.2124	1.20225
0.2148	1.18874
0.2172	1.17579
0.2196	1.1634
0.222	1.15157
0.2244	1.1403
0.2268	1.12959
0.2292	1.11944
0.2316	1.10983
0.234	1.10077
0.2364	1.09225
0.2388	1.08426
0.2412	1.07679
0.2436	1.06984
0.246	1.06341
0.2484	1.05748
0.2508	1.05205
0.2532	1.04711
0.2556	1.04265
0.258	1.03866
0.2604	1.03513
0.2628	1.03209
0.2652	1.02951
0.2676	1.02727
0.27	1.02542
0.2724	1.02394
0.2748	1.02281
0.2772	1.02199
0.2796	1.02146
0.282	1.0212
0.2844	1.02123
0.2868	1.02142
0.2892	1.02178
0.2916	1.02229
0.294	1.02292
0.2964	1.02366
0.2988	1.0245
0.3012	1.02545
0.3036	1.02646
0.306	1.02757
0.3084	1.02874
0.3108	1.02999
0.3132	1.03135
0.3156	1.03281
0.318	1.03441
0.3204	1.03615
0.3228	1.03806
0.3252	1.04018
0.3276	1.04252
0.33	1.0451
0.3324	1.04796
0.3348	1.05111
0.3372	1.05456
0.3396	1.05832
0.342	1.06238
0.3444	1.06675
0.3468	1.07139
0.3492	1.07629
0.3516	1.08141
0.354	1.08671
0.3564	1.09215
0.3588	1.09768
0.3612	1.10325
0.3636	1.10881
0.366	1.1143
0.3684	1.11965
0.3708	1.12479
0.3732	1.12966
0.3756	1.13415
0.378	1.13821
0.3804	1.14172
0.3828	1.14461
0.3852	1.14681
0.3876	1.14823
0.39	1.14882
0.3924	1.14856
0.3948	1.14744
0.3972	1.14546
0.3996	1.14268
0.402	1.13915
0.4044	1.13497
0.4068	1.13023
0.4092	1.12504
0.4116	1.11951
0.414	1.11377
0.4164	1.10789
0.4188	1.10197
0.4212	1.09607
0.4236	1.09025
0.426	1.08453
0.4284	1.07893
0.4308	1.07344
0.4332	1.06805
0.4356	1.06273
0.438	1.05745
0.4404	1.05218
0.4428	1.04689
0.4452	1.04156
0.4476	1.03617
0.45	1.0307
0.4524	1.02517
0.4548	1.01956
0.4572	1.0139
0.4596	1.00818
0.462	1.00242
0.4644	0.996626
0.4668	0.99081
0.4692	0.984979
0.4716	0.97914
0.474	0.9733
0.4764	0.967471
0.4788	0.961668
0.4812	0.955912
0.4836	0.95023
0.486	0.944659
0.4884	0.939237
0.4908	0.934009
0.4932	0.929023
0.4956	0.924325
0.498	0.91996
0.5004	0.915967
0.5028	0.912379
0.5052	0.90922
0.5076	0.906508
0.51	0.90425
0.5124	0.902445
0.5148	0.901087
0.5172	0.900159
0.5196	0.899641
0.522	0.899508
0.5244	0.899727
0.5268	0.900267
0.5292	0.901088
0.5316	0.90215
0.534	0.903411
0.5364	0.904825
0.5388	0.906346
0.5412	0.907926
0.5436	0.909517
0.546	0.91107
0.5484	0.912539
0.5508	0.913879
0.5532	0.915046
0.5556	0.916001
0.558	0.916711
0.5604	0.917145
0.5628	0.917282
0.5652	0.917105
0.5676	0.916608
0.57	0.915793
0.5724	0.914672
0.5748	0.913264
0.5772	0.9116
0.5796	0.909717
0.582	0.907657
0.5844	0.905467
0.5868	0.903196
0.5892	0.90089
0.5916	0.898593
0.594	0.896341
0.5964	0.894165
0.5988	0.892084
0.6012	0.890108
0.6036	0.888238
0.606	0.886466
0.6084	0.884775
0.6108	0.883142
0.6132	0.88154
0.6156	0.879937
0.618	0.878302
0.6204	0.876603
0.6228	0.874811
0.6252	0.872899
0.6276	0.870844
0.63	0.868626
0.6324	0.86623
0.6348	0.863648
0.6372	0.860875
0.6396	0.857916
0.642	0.854778
0.6444	0.851478
0.6468	0.84804
0.6492	0.844496
0.6516	0.840884
0.654	0.837249
0.6564	0.833643
0.6588	0.830121
0.6612	0.826741
0.6636	0.823562
0.666	0.820639
0.6684	0.818026
0.6708	0.815769
0.6732	0.813906
0.6756	0.812464
0.678	0.811461
0.6804	0.810902
0.6828	0.810782
0.6852	0.81108
0.6876	0.81177
0.69	0.812811
0.6924	0.814157
0.6948	0.815755
0.6972	0.817549
0.6996	0.819481
0.702	0.821492
0.7044	0.823529
0.7068	0.825543
0.7092	0.827493
0.7116	0.829345
0.714	0.831078
0.7164	0.832677
0.7188	0.834139
0.7212	0.83547
0.7236	0.836684
0.726	0.837802
0.7284	0.838852
0.7308	0.839865
0.7332	0.840875
0.7356	0.841912
0.738	0.843011
0.7404	0.844202
0.7428	0.845513
0.7452	0.84697
0.7476	0.848586
0.75	0.850379
0.7524	0.852357
0.7548	0.854523
0.7572	0.856879
0.7596	0.859416
0.762	0.862124
0.7644	0.864996
0.7668	0.868016
0.7692	0.871166
0.7716	0.874426
0.774	0.877783
0.7764	0.881217
0.7788	0.884709
0.7812	0.888241
0.7836	0.891811
0.786	0.895392
0.7884	0.898984
0.7908	0.902571
0.7932	0.906159
0.7956	0.909736
0.798	0.913311
0.8004	0.916882
0.8028	0.920449
0.8052	0.924021
0.8076	0.927606
0.81	0.931207
0.8124	0.934807
0.8148	0.938416
0.8172	0.942032
0.8196	0.945654
0.822	0.949265
0.8244	0.95287
0.8268	0.956437
0.8292	0.959948
0.8316	0.963377
0.834	0.966703
0.8364	0.969921
0.8388	0.972972
0.8412	0.975831
0.8436	0.978473
0.846	0.980866
0.8484	0.982971
0.8508	0.984779
0.8532	0.986266
0.8556	0.987422
0.858	0.988204
0.8604	0.988651
0.8628	0.988699
0.8652	0.988343
0.8676	0.987597
0.87	0.986455
0.8724	0.984971
0.8748	0.98309
0.8772	0.980852
0.8796	0.978278
0.882	0.975381
0.8844	0.972164
0.8868	0.968672
0.8892	0.964876
0.8916	0.960845
0.894	0.956601
0.8964	0.952187
0.8988	0.947598
0.9012	0.9429
0.9036	0.938096
0.906	0.933252
0.9084	0.928364
0.9108	0.923462
0.9132	0.918611
0.9156	0.913856
0.918	0.909224
0.9204	0.904765
0.9228	0.900492
0.9252	0.896436
0.9276	0.892655
0.93	0.889092
0.9324	0.88584
0.9348	0.88287
0.9372	0.880228
0.9396	0.877876
0.942	0.875896
0.9444	0.874306
0.9468	0.87303
0.9492	0.872099
0.9516	0.871518
0.954	0.871412
0.9564	0.87156
0.9588	0.872086
0.9612	0.87295
0.9636	0.874014
0.966	0.875402
0.9684	0.876957
0.9708	0.878798
0.9732	0.880864
0.9756	0.883208
0.978	0.885622
0.9804	0.888338
0.9828	0.891141
0.9852	0.894133
0.9876	0.897094
0.99	0.90025
0.9924	0.90346
0.9948	0.906632
0.9972	0.910034
0.9996	0.913274
1.002	0.916858
1.0044	0.920144
1.0068	0.923312
1.0092	0.92638
1.0116	0.929746
1.014	0.932987
1.0164	0.935947
1.0188	0.938657
1.0212	0.9414
1.0236	0.943771
1.026	0.946164
1.0284	0.948281
1.0308	0.950667
1.0332	0.952405
1.0356	0.953867
1.038	0.955268
1.0404	0.956615
1.0428	0.957239
1.0452	0.957622
1.0476	0.95807
1.05	0.958115
1.0524	0.958278
1.0548	0.957862
1.0572	0.957003
1.0596	0.956378
1.062	0.955244
1.0644	0.954114
1.0668	0.9526
1.0692	0.950926
1.0716	0.948831
1.074	0.946778
1.0764	0.944695
1.0788	0.943067
1.0812	0.940608
1.0836	0.938527
1.086	0.935841
1.0884	0.933472
1.0908	0.930721
1.0932	0.928318
1.0956	0.925972
1.098	0.923361
1.1004	0.920826
1.1028	0.91834
1.1052	0.915923
1.1076	0.91499
1.11	0.912882
1.1124	0.910865
1.1148	0.909112
1.1172	0.907924
1.1196	0.90649
1.122	0.906074
1.1244	0.906525
1.1268	0.905544
1.1292	0.90608
1.1316	0.905726
1.134	0.905567
1.1364	0.905565
1.1388	0.905678
1.1412	0.905934
1.1436	0.906346
1.146	0.906933
1.1484	0.908874
1.1508	0.910253
1.1532	0.911576
1.1556	0.912721
1.158	0.91376
1.1604	0.914896
1.1628	0.916154
1.1652	0.917472
1.1676	0.918513
1.17	0.920519
1.1724	0.923293
1.1748	0.924442
1.1772	0.928216
1.1796	0.930396
1.182	0.932362
1.1844	0.933361
1.1868	0.935536
1.1892	0.937629
1.1916	0.939606
1.194	0.941231
1.1964	0.941931
1.1988	0.943436
1.2012	0.945023
1.2036	0.947812
1.206	0.947694
1.2084	0.947769
1.2108	0.949071
1.2132	0.949005
1.2156	0.948414
1.218	0.948698
1.2204	0.950284
1.2228	0.950241
1.2252	0.949273
1.2276	0.947921
1.23	0.946652
1.2324	0.94501
1.2348	0.944647
1.2372	0.942744
1.2396	0.940411
1.242	0.938031
1.2444	0.937103
1.2468	0.938838
1.2492	0.936341
1.2516	0.933449
1.254	0.930435
1.2564	0.927139
1.2588	0.925381
1.2612	0.921572
1.2636	0.917809
1.266	0.915803
1.2684	0.911575
1.2708	0.907597
1.2732	0.906902
1.2756	0.904573
1.278	0.902049
1.2804	0.897721
1.2828	0.893552
1.2852	0.889096
1.2876	0.884677
1.29	0.879944
1.2924	0.874953
1.2948	0.869891
1.2972	0.866859
1.2996	0.861903
1.302	0.856879
1.3044	0.851357
1.3068	0.848165
1.3092	0.842428
1.3116	0.83913
1.314	0.838066
1.3164	0.833031
1.3188	0.832447
1.3212	0.827729
1.3236	0.822877
1.326	0.818192
1.3284	0.813541
1.3308	0.810719
1.3332	0.808508
1.3356	0.803615
1.338	0.804332
1.3404	0.800128
1.3428	0.796096
1.3452	0.792282
1.3476	0.78838
1.35	0.786567
1.3524	0.782894
1.3548	0.779181
1.3572	0.775065
1.3596	0.771137
1.362	0.767083
1.3644	0.762715
1.3668	0.762196
1.3692	0.758035
1.3716	0.758281
1.374	0.757555
1.3764	0.754999
1.3788	0.754509
1.3812	0.751763
1.3836	0.74905
1.386	0.749353
1.3884	0.746929
1.3908	0.747383
1.3932	0.750904
1.3956	0.747865
1.398	0.750055
1.4004	0.751134
1.4028	0.756207
1.4052	0.755037
1.4076	0.754049
1.41	0.756454
1.4124	0.754003
1.4148	0.7532
1.4172	0.752425
1.4196	0.755696
1.422	0.754533
1.4244	0.754548
1.4268	0.754481
1.4292	0.753755
1.4316	0.753969
1.434	0.756245
1.4364	0.756558
1.4388	0.758482
1.4412	0.757367
1.4436	0.75852
1.446	0.766847
1.4484	0.771717
1.4508	0.772494
1.4532	0.774048
1.4556	0.776076
1.458	0.775976
1.4604	0.780863
1.4628	0.782176
1.4652	0.783484
1.4676	0.785011
1.47	0.786111
1.4724	0.788837
1.4748	0.789338
1.4772	0.79032
1.4796	0.792958
1.482	0.794892
1.4844	0.796591
1.4868	0.797584
1.4892	0.79663
1.4916	0.799335
1.494	0.802731
1.4964	0.805374
1.4988	0.808626
1.5012	0.809166
1.5036	0.807864
1.506	0.806482
1.5084	0.808084
1.5108	0.807969
1.5132	0.811019
1.5156	0.819921
1.518	0.823653
1.5204	0.826905
1.5228	0.843262
1.5252	0.853671
1.5276	0.856492
1.53	0.857942
1.5324	0.86019
1.5348	0.866249
1.5372	0.869856
1.5396	0.875037
1.542	0.886719
1.5444	0.89075
1.5468	0.894977
1.5492	0.89988
1.5516	0.907849
1.554	0.902632
1.5564	0.904844
1.5588	0.901431
1.5612	0.899414
1.5636	0.902423
1.566	0.907278
1.5684	0.910077
1.5708	0.911277
1.5732	0.913279
1.5756	0.915163
1.578	0.920165
1.5804	0.920266
1.5828	0.917149
1.5852	0.911472
1.5876	0.913858
1.59	0.918931
1.5924	0.922726
1.5948	0.930184
1.5972	0.932674
1.5996	0.930703
1.602	0.930459
1.6044	0.923869
1.6068	0.93941
1.6092	0.952093
1.6116	0.953154
1.614	0.954913
1.6164	0.951261
1.6188	0.952784
1.6212	0.958707
1.6236	0.959878
1.626	0.95672
1.6284	0.954177
1.6308	0.940163
1.6332	0.95511
1.6356	0.960779
1.638	0.960694
1.6404	0.966954
1.6428	0.959289
1.6452	0.961311
1.6476	0.953796
1.65	0.956681
1.6524	0.955142
1.6548	0.936868
1.6572	0.944077
1.6596	0.950388
1.662	0.954315
1.6644	0.958086
1.6668	0.97375
1.6692	0.97122
1.6716	0.97534
1.674	0.974155
1.6764	0.9772
1.6788	0.969635
1.6812	0.969491
1.6836	0.970708
1.686	0.967538
1.6884	0.969299
1.6908	0.959925
1.6932	0.950872
1.6956	0.933441
1.698	0.936153
1.7004	0.918208
1.7028	0.915537
1.7052	0.914055
1.7076	0.911435
1.71	0.909572
1.7124	0.916116
1.7148	0.894506
1.7172	0.894954
1.7196	0.874594
1.722	0.874581
1.7244	0.876102
1.7268	0.875697
1.7292	0.874418
1.7316	0.873398
1.734	0.859082
1.7364	0.862705
1.7388	0.863104
1.7412	0.866961
1.7436	0.864151
1.746	0.868016
1.7484	0.858331
1.7508	0.858116
1.7532	0.843202
1.7556	0.831425
1.758	0.835692
1.7604	0.820233
1.7628	0.822895
1.7652	0.82322
1.7676	0.807669
1.77	0.804127
1.7724	0.787501
1.7748	0.774722
1.7772	0.759286
1.7796	0.740669
1.782	0.741184
1.7844	0.704188
1.7868	0.708458
1.7892	0.709575
1.7916	0.692317
1.794	0.694747
1.7964	0.697382
1.7988	0.703071
1.8012	0.685424
1.8036	0.705676
1.806	0.705095
1.8084	0.70726
1.8108	0.710482
1.8132	0.713988
1.8156	0.696206
1.818	0.699135
1.8204	0.69691
1.8228	0.701673
1.8252	0.710928
1.8276	0.668849
1.83	0.650218
1.8324	0.648635
1.8348	0.649424
1.8372	0.654926
1.8396	0.653533
1.842	0.629947
1.8444	0.633618
1.8468	0.635713
1.8492	0.638512
1.8516	0.65294
1.854	0.654955
1.8564	0.665837
1.8588	0.673154
1.8612	0.675059
1.8636	0.679895
1.866	0.687718
1.8684	0.69494
1.8708	0.700088
1.8732	0.70307
1.8756	0.708397
1.878	0.726581
1.8804	0.734544
1.8828	0.74621
1.8852	0.754899
1.8876	0.763005
1.89	0.769699
1.8924	0.771486
1.8948	0.773162
1.8972	0.740325
1.8996	0.748441
1.902	0.769669
1.9044	0.692365
1.9068	0.656186
1.9092	0.667838
1.9116	0.667009
1.914	0.673048
1.9164	0.636836
1.9188	0.645779
1.9212	0.65361
1.9236	0.617864
1.926	0.630561
1.9284	0.63252
1.9308	0.640258
1.9332	0.595627
1.9356	0.598852
1.938	0.604242
1.9404	0.616108
1.9428	0.625484
1.9452	0.636032
1.9476	0.640881
1.95	0.643523
1.9524	0.647598
1.9548	0.655089
1.9572	0.67592
1.9596	0.679231
1.962	0.691828
1.9644	0.691839
1.9668	0.697909
1.9692	0.700593
1.9716	0.709163
1.974	0.724093
1.9764	0.737753
1.9788	0.679411
1.9812	0.685553
1.9836	0.684865
1.986	0.684232
1.9884	0.61677
1.9908	0.542938
1.9932	0.554895
1.9956	0.563631
1.998	0.574184
2.0004	0.585166
2.0028	0.593391
2.0052	0.608288
2.0076	0.603833
2.01	0.611732
2.0124	0.615693
2.0148	0.535001
2.0172	0.53672
2.0196	0.54291
2.022	0.550919
2.0244	0.563301
2.0268	0.571162
2.0292	0.591971
2.0316	0.599739
2.034	0.601721
2.0364	0.609853
2.0388	0.614011
2.0412	0.399471
2.0436	0.407733
2.046	0.408523
2.0484	0.298073
2.0508	0.30376
2.0532	0.306224
2.0556	0.320648
2.058	0.324449
2.0604	0.333743
2.0628	0.341233
2.0652	0.352021
2.0676	0.357084
2.07	0.365558
2.0724	0.369308
2.0748	0.378274
2.0772	0.396736
2.0796	0.411856
2.082	0.413232
2.0844	0.414645
2.0868	0.4257
2.0892	0.437252
2.0916	0.465796
2.094	0.479355
2.0964	0.498375
2.0988	0.512288
2.1012	0.513737
2.1036	0.555873
2.106	0.574473
2.1084	0.584029
2.1108	0.610436
2.1132	0.620993
2.1156	0.622371
2.118	0.647329
2.1204	0.68289
2.1228	0.737774
2.1252	0.772001
2.1276	0.790797
2.13	0.846434
2.1324	0.864778
2.1348	0.887673
2.1372	0.907563
2.1396	0.908406
2.142	0.949707
2.1444	0.976653
2.1468	1.00007
2.1492	1.11469
2.1516	1.11498
2.154	1.11529
2.1564	1.11564
2.1588	1.14497
2.1612	1.23244
2.1636	0.829619
2.166	0.973249
2.1684	0.97308
2.1708	0.97293
2.1732	1.01249
2.1756	1.01223
2.178	1.01199
2.1804	1.01177
2.1828	1.1393
2.1852	0.539202
2.1876	0.564242
2.19	0.586596
2.1924	0.586755
2.1948	0.615655
2.1972	0.615764
2.1996	0.615882
2.202	0.674922
2.2044	0.674923
2.2068	0.704955
2.2092	0.744466
2.2116	0.780233
2.214	0.780022
2.2164	0.779819
2.2188	0.766357
2.2212	0.766151
2.2236	0.851648
2.226	0.851274
2.2284	0.850907
2.2308	0.904546
2.2332	0.965096
2.2356	1.03372
2.238	1.03297
2.2404	1.01389
2.2428	1.01314
2.2452	1.01239
2.2476	1.01165
2.25	1.01091
2.2524	1.01018
2.2548	1.00945
2.2572	1.00872
2.2596	1.07975
2.262	1.37067e-20
2.2644	1.37257e-20
2.2668	1.55465e-20
2.2692	1.55672e-20
2.2716	1.66697e-20
2.274	1.79269e-20
2.2764	1.795e-20
2.2788	2.71669e-20
2.2812	2.71925e-20
2.2836	2.72186e-20
2.286	2.72454e-20
2.2884	3.056e-20
2.2908	3.47542e-20
2.2932	3.47818e-20
2.2956	3.481e-20
2.298	3.4839e-20
2.3004	3.48686e-20
2.3028	3.48989e-20
2.3052	4.01021e-20
2.3076	4.01336e-20
2.31	4.01659e-20
2.3124	4.69028e-20
2.3148	5.87106e-20
2.3172	5.87414e-20
2.3196	5.8773e-20
2.322	5.88053e-20
2.3244	7.32313e-20
2.3268	7.32592e-20
2.3292	7.3288e-20
2.3316	7.33174e-20
2.334	7.33477e-20
2.3364	7.33788e-20
2.3388	7.34106e-20
2.3412	7.34432e-20
2.3436	9.92921e-20
2.346	9.93188e-20
2.3484	9.93463e-20
2.3508	9.93746e-20
2.3532	9.94037e-20
2.3556	9.94336e-20
2.358	9.94643e-20
2.3604	9.94958e-20
2.3628	9.95281e-20
2.3652	9.95612e-20
2.3676	9.95951e-20
2.37	1.4075e-19
2.3724	1.40781e-19
2.3748	1.40812e-19
2.3772	1.40844e-19
2.3796	1.40877e-19
2.382	2.05524e-19
2.3844	2.05543e-19
2.3868	2.05562e-19
2.3892	2.05583e-19
2.3916	2.05604e-19
2.394	2.05626e-19
2.3964	2.0565e-19
2.3988	2.05674e-19


0.0012	1
0.0036	1
0.006	1
0.0084	1
0.0108	1
0.0132	1
0.0156	1
0.018	1
0.0204	1
0.0228	1
0.0252	1
0.0276	1
0.03	1
0.0324	1
0.0348	1
0.0372	1
0.0396	1
0.042	1
0.0444	1
0.0468	1
0.0492	1
0.0516	1
0.054	1
0.0564	1
0.0588	1
0.0612	1
0.0636	1
0.066	1
0.0684	1
0.0708	1
0.0732	1
0.0756	1
0.078	1
0.0804	1
0.0828	1
0.0852	1
0.0876	1
0.09	1
0.0924	1
0.0948	1
0.0972	1
0.0996	1
0.102	1
0.1044	1
0.1068	1
0.1092	1
0.1116	1
0.114	1
0.1164	1
0.1188	1
0.1212	1
0.1236	1
0.126	1
0.1284	1
0.1308	1
0.1332	1
0.1356	1
0.138	1
0.1404	1
0.1428	1
0.1452	1
0.1476	1
0.15	1
0.1524	1
0.1548	1
0.1572	1
0.1596	1
0.162	1
0.1644	1
0.1668	1
0.1692	1
0.1716	1
0.174	1
0.1764	1
0.1788	1
0.1812	1
0.1836	1
0.186	1
0.1884	1
0.1908	1
0.1932	1
0.1956	1
0.198	1
0.2004	1
0.2028	1
0.2052	1
0.2076	1
0.21	1
0.2124	1
0.2148	1
0.2172	1
0.2196	1
0.222	1
0.2244	1
0.2268	1
0.2292	1
0.2316	1
0.234	1
0.2364	1
0.2388	1
0.2412	1
0.2436	1
0.246	1
0.2484	1
0.2508	1
0.2532	1
0.2556	1
0.258	1
0.2604	1
0.2628	1
0.2652	1
0.2676	1
0.27	1
0.2724	1
0.2748	1
0.2772	1
0.2796	1
0.282	1
0.2844	1
0.2868	1
0.2892	1
0.2916	1
0.294	1
0.2964	1
0.2988	1
0.3012	1
0.3036	1
0.306	1
0.3084	1
0.3108	1
0.3132	1
0.3156	1
0.318	1
0.3204	1
0.3228	1
0.3252	1
0.3276	1
0.33	1
0.3324	1
0.3348	1
0.3372	1
0.3396	1
0.342	1
0.3444	1
0.3468	1
0.3492	1
0.3516	1
0.354	1
0.3564	1
0.3588	1
0.3612	1
0.3636	1
0.366	1
0.3684	1
0.3708	1
0.3732	1
0.3756	1
0.378	1
0.3804	1
0.3828	1
0.3852	1
0.3876	1
0.39	1
0.3924	1
0.3948	1
0.3972	1
0.3996	1
0.402	1
0.4044	1
0.4068	1
0.4092	1
0.4116	1
0.414	1
0.4164	1
0.4188	1
0.4212	1
0.4236	1
0.426	1
0.4284	1
0.4308	1
0.4332	1
0.4356	1
0.438	1
0.4404	1
0.4428	1
0.4452	1
0.4476	1
0.45	1
0.4524	1
0.4548	1
0.4572	1
0.4596	1
0.462	1
0.4644	1
0.4668	1
0.4692	1
0.4716	1
0.474	1
0.4764	1
0.4788	1
0.4812	1
0.4836	1
0.486	1
0.4884	1
0.4908	1
0.4932	1
0.4956	1
0.498	1
0.5004	1
0.5028	1
0.5052	1
0.5076	1
0.51	1
0.5124	1
0.5148	1
0.5172	1
0.5196	1
0.522	1
0.5244	1
0.5268	1
0.5292	1
0.5316	1
0.534	1
0.5364	1
0.5388	1
0.5412	1
0.5436	1
0.546	1
0.5484	1
0.5508	1
0.5532	1
0.5556	1
0.558	1
0.5604	1
0.5628	1
0.5652	1
0.5676	1
0.57	1
0.5724	1
0.5748	1
0.5772	1
0.5796	1
0.582	1
0.5844	1
0.5868	1
0.5892	1
0.5916	1
0.594	1
0.5964	1
0.5988	1
0.6012	1
0.6036	1
0.606	1
0.6084	1
0.6108	1
0.6132	1
0.6156	1
0.618	1
0.6204	1
0.6228	1
0.6252	1
0.6276	1
0.63	1
0.6324	1
0.6348	1
0.6372	1
0.6396	1
0.642	1
0.6444	1
0.6468	1
0.6492	1
0.6516	1
0.654	1
0.6564	1
0.6588	1
0.6612	1
0.6636	1
0.666	1
0.6684	1
0.6708	1
0.6732	1
0.6756	1
0.678	1
0.6804	1
0.6828	1
0.6852	1
0.6876	1
0.69	1
0.6924	1
0.6948	1
0.6972	1
0.6996	1
0.702	1
0.7044	1
0.7068	1
0.7092	1
0.7116	1
0.714	1
0.7164	1
0.7188	1
0.7212	1
0.7236	1
0.726	1
0.7284	1
0.7308	1
0.7332	1
0.7356	1
0.738	1
0.7404	1
0.7428	1
0.7452	1
0.7476	1
0.75	1
0.7524	1
0.7548	1
0.7572	1
0.7596	1
0.762	1
0.7644	1
0.7668	1
0.7692	1
0.7716	1
0.774	1
0.7764	1
0.7788	1
0.7812	1
0.7836	1
0.786	1
0.7884	1
0.7908	1
0.7932	1
0.7956	1
0.798	1
0.8004	1
0.8028	1
0.8052	1
0.8076	1
0.81	1
0.8124	1
0.8148	1
0.8172	1
0.8196	1
0.822	1
0.8244	1
0.8268	1
0.8292	1
0.8316	1
0.834	1
0.8364	1
0.8388	1
0.8412	1
0.8436	1
0.846	1
0.8484	1
0.8508	1
0.8532	1
0.8556	1
0.858	1
0.8604	1
0.8628	1
0.8652	1
0.8676	1
0.87	1
0.8724	1
0.8748	1
0.8772	1
0.8796	1
0.882	1
0.8844	1
0.8868	1
0.8892	1
0.8916	1
0.894	1
0.8964	1
0.8988	1
0.9012	1
0.9036	1
0.906	1
0.9084	1
0.9108	1
0.9132	1
0.9156	1
0.918	1
0.9204	1
0.9228	1
0.9252	1
0.9276	1
0.93	1
0.9324	1
0.9348	1
0.9372	1
0.9396	1
0.942	1
0.9444	1
0.9468	1
0.9492	1
0.9516	1
0.954	1
0.9564	1
0.9588	1
0.9612	1
0.9636	1
0.966	1
0.9684	1
0.9708	1
0.9732	1
0.9756	1
0.978	1
0.9804	1
0.9828	1
0.9852	1
0.9876	1
0.99	1
0.9924	1
0.9948	1
0.9972	1
0.9996	1
1.002	1
1.0044	1
1.0068	1
1.0092	1
1.0116	1
1.014	1
1.0164	1
1.0188	1
1.0212	1
1.0236	1
1.026	1
1.0284	1
1.0308	1
1.0332	1
1.0356	1
1.038	1
1.0404	1
1.0428	1
1.0452	1
1.0476	1
1.05	1
1.0524	1
1.0548	1
1.0572	1
1.0596	1
1.062	1
1.0644	1
1.0668	1
1.0692	1
1.0716	1
1.074	1
1.0764	1
1.0788	1
1.0812	1
1.0836	1
1.086	1
1.0884	1
1.0908	1
1.0932	1
1.0956	1
1.098	1
1.1004	1
1.1028	1
1.1052	1
1.1076	1
1.11	1
1.1124	1
1.1148	1
1.1172	1
1.1196	1
1.122	1
1.1244	1
1.1268	1
1.1292	1
1.1316	1
1.134	1
1.1364	1
1.1388	1
1.1412	1
1.1436	1
1.146	1
1.1484	1
1.1508	1
1.1532	1
1.1556	1
1.158	1
1.1604	1
1.1628	1
1.1652	1
1.1676	1
1.17	1
1.1724	1
1.1748	1
1.1772	1
1.1796	1
1.182	1
1.1844	1
1.1868	1
1.1892	1
1.1916	1
1.194	1
1.1964	1
1.1988	1
1.2012	1
1.2036	1
1.206	1
1.2084	1
1.2108	1
1.2132	1
1.2156	1
1.218	1
1.2204	1
1.2228	1
1.2252	1
1.2276	1
1.23	1
1.2324	1
1.2348	1
1.2372	1
1.2396	1
1.242	1
1.2444	1
1.2468	1
1.2492	1
1.2516	1
1.254	1
1.2564	1
1.2588	1
1.2612	1
1.2636	1
1.266	1
1.2684	1
1.2708	1
1.2732	1
1.2756	1
1.278	1
1.2804	1
1.2828	1
1.2852	1
1.2876	1
1.29	1
1.2924	1
1.2948	1
1.2972	1
1.2996	1
1.302	1
1.3044	1
1.3068	1
1.3092	1
1.3116	1
1.314	1
1.3164	1
1.3188	1
1.3212	1
1.3236	1
1.326	1
1.3284	1
1.3308	1
1.3332	1
1.3356	1
1.338	1
1.3404	1
1.3428	1
1.3452	1
1.3476	1
1.35	1
1.3524	1
1.3548	1
1.3572	1
1.3596	1
1.362	1
1.3644	1
1.3668	1
1.3692	1
1.3716	1
1.374	1
1.3764	1
1.3788	1
1.3812	1
1.3836	1
1.386	1
1.3884	1
1.3908	1
1.3932	1
1.3956	1
1.398	1
1.4004	1
1.4028	1
1.4052	1
1.4076	1
1.41	1
1.4124	1
1.4148	1
1.4172	1
1.4196	1
1.422	1
1.4244	1
1.4268	1
1.4292	1
1.4316	1
1.434	1
1.4364	1
1.4388	1
1.4412	1
1.4436	1
1.446	1
1.4484	1
1.4508	1
1.4532	1
1.4556	1
1.458	1
1.4604	1
1.4628	1
1.4652	1
1.4676	1
1.47	1
1.4724	1
1.4748	1
1.4772	1
1.4796	1
1.482	1
1.4844	1
1.4868	1
1.4892	1
1.4916	1
1.494	1
1.4964	1
1.4988	1
1.5012	1
1.5036	1
1.506	1
1.5084	1
1.5108	1
1.5132	1
1.5156	1
1.518	1
1.5204	1
1.5228	1
1.5252	1
1.5276	1
1.53	1
1.5324	1
1.5348	1
1.5372	1
1.5396	1
1.542	1
1.5444	1
1.5468	1
1.5492	1
1.5516	1
1.554	1
1.5564	1
1.5588	1
1.5612	1
1.5636	1
1.566	1
1.5684	1
1.5708	1
1.5732	1
1.5756	1
1.578	1
1.5804	1
1.5828	1
1.5852	1
1.5876	1
1.59	1
1.5924	1
1.5948	1
1.5972	1
1.5996	1
1.602	1
1.6044	1
1.6068	1
1.6092	1
1.6116	1
1.614	1
1.6164	1
1.6188	1
1.6212	1
1.6236	1
1.626	1
1.6284	1
1.6308	1
1.6332	1
1.6356	1
1.638	1
1.6404	1
1.6428	1
1.6452	1
1.6476	1
1.65	1
1.6524	1
1.6548	1
1.6572	1
1.6596	1
1.662	1
1.6644	1
1.6668	1
1.6692	1
1.6716	1
1.674	1
1.6764	1
1.6788	1
1.6812	1
1.6836	1
1.686	1
1.6884	1
1.6908	1
1.6932	1
1.6956	1
1.698	1
1.7004	1
1.7028	1
1.7052	1
1.7076	1
1.71	1
1.7124	1
1.7148	1
1.7172	1
1.7196	1
1.722	1
1.7244	1
1.7268	1
1.7292	1
1.7316	1
1.734	1
1.7364	1
1.7388	1
1.7412	1
1.7436	1
1.746	1
1.7484	1
1.7508	1
1.7532	1
1.7556	1
1.758	1
1.7604	1
1.7628	1
1.7652	1
1.7676	1
1.77	1
1.7724	1
1.7748	1
1.7772	1
1.7796	1
1.782	1
1.7844	1
1.7868	1
1.7892	1
1.7916	1
1.794	1
1.7964	1
1.7988	1
1.8012	1
1.8036	1
1.806	1
1.8084	1
1.8108	1
1.8132	1
1.8156	1
1.818	1
1.8204	1
1.8228	1
1.8252	1
1.8276	1
1.83	1
1.8324	1
1.8348	1
1.8372	1
1.8396	1
1.842	1
1.8444	1
1.8468	1
1.8492	1
1.8516	1
1.854	1
1.8564	1
1.8588	1
1.8612	1
1.8636	1
1.866	1
1.8684	1
1.8708	1
1.8732	1
1.8756	1
1.878	1
1.8804	1
1.8828	1
1.8852	1
1.8876	1
1.89	1
1.8924	1
1.8948	1
1.8972	1
1.8996	1
1.902	1
1.9044	1
1.9068	1
1.9092	1
1.9116	1
1.914	1
1.9164	1
1.9188	1
1.9212	1
1.9236	1
1.926	1
1.9284	1
1.9308	1
1.9332	1
1.9356	1
1.938	1
1.9404	1
1.9428	1
1.9452	1
1.9476	1
1.95	1
1.9524	1
1.9548	1
1.9572	1
1.9596	1
1.962	1
1.9644	1
1.9668	1
1.9692	1
1.9716	1
1.974	1
1.9764	1
1.9788	1
1.9812	1
1.9836	1
1.986	1
1.9884	1
1.9908	1
1.9932	1
1.9956	1
1.998	1
2.0004	1
2.0028	1
2.0052	1
2.0076	1
2.01	1
2.0124	1
2.0148	1
2.0172	1
2.0196	1
2.022	1
2.0244	1
2.0268	1
2.0292	1
2.0316	1
2.034	1
2.0364	1
2.0388	1
2.0412	1
2.0436	1
2.046	1
2.0484	1
2.0508	1
2.0532	1
2.0556	1
2.058	1
2.0604	1
2.0628	1
2.0652	1
2.0676	1
2.07	1
2.0724	1
2.0748	1
2.0772	1
2.0796	1
2.082	1
2.0844	1
2.0868	1
2.0892	1
2.0916	1
2.094	1
2.0964	1
2.0988	1
2.1012	1
2.1036	1
2.106	1
2.1084	1
2.1108	1
2.1132	1
2.1156	1
2.118	1
2.1204	1
2.1228	1
2.1252	1
2.1276	1
2.13	1
2.1324	1
2.1348	1
2.1372	1
2.1396	1
2.142	1
2.1444	1
2.1468	1
2.1492	1
2.1516	1
2.154	1
2.1564	1
2.1588	1
2.1612	1
2.1636	1
2.166	1
2.1684	1
2.1708	1
2.1732	1
2.1756	1
2.178	1
2.1804	1
2.1828	1
2.1852	1
2.1876	1
2.19	1
2.1924	1
2.1948	1
2.1972	1
2.1996	1
2.202	1
2.2044	1
2.2068	1
2.2092	1
2.2116	1
2.214	1
2.2164	1
2.2188	1
2.2212	1
2.2236	1
2.226	1
2.2284	1
2.2308	1
2.2332	1
2.2356	1
2.238	1
2.2404	1
2.2428	1
2.2452	1
2.2476	1
2.25	1
2.2524	1
2.2548	1
2.2572	1
2.2596	1
2.262	1
2.2644	1
2.2668	1
2.2692	1
2.2716	1
2.274	1
2.2764	1
2.2788	1
2.2812	1
2.2836	1
2.286	1
2.2884	1
2.2908	1
2.2932	1
2.2956	1
2.298	1
2.3004	1
2.3028	1
2.3052	1
2.3076	1
2.31	1
2.3124	1
2.3148	1
2.3172	1
2.3196	1
2.322	1
2.3244	1
2.3268	1
2.3292	1
2.3316	1
2.334	1
2.3364	1
2.3388	1
2.3412	1
2.3436	1
2.346	1
2.3484	1
2.3508	1
2.3532	1
2.3556	1
2.358	1
2.3604	1
2.3628	1
2.3652	1
2.3676	1
2.37	1
2.3724	1
2.3748	1
2.3772	1
2.3796	1
2.382	1
2.3844	1
2.3868	1
2.3892	1
2.3916	1
2.394	1
2.3964	1
2.3988	1    
