0.0012	3.14253
0.0036	3.36961
0.006	2.7161
0.0084	2.89866
0.0108	2.53641
0.0132	2.7009
0.0156	2.54011
0.018	2.44533
0.0204	2.3801
0.0228	2.14825
0.0252	2.2607
0.0276	2.37853
0.03	2.23729
0.0324	2.34318
0.0348	2.25891
0.0372	2.26727
0.0396	2.36
0.042	2.38526
0.0444	2.47854
0.0468	2.55553
0.0492	2.62235
0.0516	2.68136
0.054	2.73063
0.0564	2.77416
0.0588	2.82285
0.0612	2.88483
0.0636	2.90059
0.066	2.92403
0.0684	2.94441
0.0708	2.97918
0.0732	3.00535
0.0756	3.03476
0.078	3.05745
0.0804	3.07883
0.0828	3.09635
0.0852	3.11031
0.0876	3.12008
0.09	3.12455
0.0924	3.1241
0.0948	3.11857
0.0972	3.1079
0.0996	3.09214
0.102	3.07166
0.1044	3.04668
0.1068	3.01754
0.1092	2.98459
0.1116	2.94821
0.114	2.90878
0.1164	2.8667
0.1188	2.82233
0.1212	2.77605
0.1236	2.72819
0.126	2.67908
0.1284	2.62902
0.1308	2.57827
0.1332	2.52708
0.1356	2.47567
0.138	2.42424
0.1404	2.37296
0.1428	2.32199
0.1452	2.27146
0.1476	2.22148
0.15	2.17216
0.1524	2.12359
0.1548	2.07582
0.1572	2.02893
0.1596	1.98297
0.162	1.93798
0.1644	1.89399
0.1668	1.85102
0.1692	1.8091
0.1716	1.76825
0.174	1.72846
0.1764	1.68976
0.1788	1.65213
0.1812	1.61559
0.1836	1.58012
0.186	1.54572
0.1884	1.5124
0.1908	1.48013
0.1932	1.44891
0.1956	1.41874
0.198	1.38961
0.2004	1.36151
0.2028	1.33442
0.2052	1.30834
0.2076	1.28327
0.21	1.25918
0.2124	1.23608
0.2148	1.21396
0.2172	1.1928
0.2196	1.1726
0.222	1.15334
0.2244	1.13502
0.2268	1.11763
0.2292	1.10116
0.2316	1.08559
0.234	1.07092
0.2364	1.05714
0.2388	1.04423
0.2412	1.03219
0.2436	1.021
0.246	1.01065
0.2484	1.00114
0.2508	0.992445
0.2532	0.984558
0.2556	0.977467
0.258	0.971157
0.2604	0.965616
0.2628	0.960854
0.2652	0.956819
0.2676	0.953499
0.27	0.950869
0.2724	0.948878
0.2748	0.947523
0.2772	0.946791
0.2796	0.946617
0.282	0.94695
0.2844	0.947785
0.2868	0.949031
0.2892	0.950646
0.2916	0.952558
0.294	0.954731
0.2964	0.957099
0.2988	0.959578
0.3012	0.962149
0.3036	0.964704
0.306	0.96721
0.3084	0.969617
0.3108	0.971874
0.3132	0.973952
0.3156	0.975807
0.318	0.977419
0.3204	0.978759
0.3228	0.97981
0.3252	0.980558
0.3276	0.980998
0.33	0.981127
0.3324	0.980946
0.3348	0.980465
0.3372	0.979701
0.3396	0.978684
0.342	0.977446
0.3444	0.976037
0.3468	0.974505
0.3492	0.972914
0.3516	0.971328
0.354	0.969815
0.3564	0.968423
0.3588	0.967255
0.3612	0.966343
0.3636	0.965726
0.366	0.96543
0.3684	0.965456
0.3708	0.965803
0.3732	0.966446
0.3756	0.967332
0.378	0.968401
0.3804	0.969582
0.3828	0.970797
0.3852	0.971966
0.3876	0.973012
0.39	0.973865
0.3924	0.974468
0.3948	0.974777
0.3972	0.974764
0.3996	0.974419
0.402	0.973748
0.4044	0.972769
0.4068	0.971513
0.4092	0.970015
0.4116	0.968317
0.414	0.966456
0.4164	0.964467
0.4188	0.962377
0.4212	0.960204
0.4236	0.957956
0.426	0.955633
0.4284	0.953227
0.4308	0.950726
0.4332	0.948115
0.4356	0.945383
0.438	0.942522
0.4404	0.93953
0.4428	0.936413
0.4452	0.933186
0.4476	0.929869
0.45	0.926489
0.4524	0.923074
0.4548	0.919651
0.4572	0.916247
0.4596	0.912881
0.462	0.909568
0.4644	0.906316
0.4668	0.903127
0.4692	0.9
0.4716	0.896933
0.474	0.893921
0.4764	0.890966
0.4788	0.888073
0.4812	0.885252
0.4836	0.882522
0.486	0.879908
0.4884	0.877441
0.4908	0.875157
0.4932	0.873096
0.4956	0.871298
0.498	0.869799
0.5004	0.868635
0.5028	0.867833
0.5052	0.867411
0.5076	0.867379
0.51	0.867732
0.5124	0.868454
0.5148	0.869518
0.5172	0.870881
0.5196	0.872495
0.522	0.874299
0.5244	0.876229
0.5268	0.878218
0.5292	0.8802
0.5316	0.882113
0.534	0.883902
0.5364	0.885521
0.5388	0.886937
0.5412	0.888125
0.5436	0.889074
0.546	0.88978
0.5484	0.890252
0.5508	0.8905
0.5532	0.890543
0.5556	0.8904
0.558	0.89009
0.5604	0.88963
0.5628	0.889034
0.5652	0.888313
0.5676	0.887472
0.57	0.886514
0.5724	0.885435
0.5748	0.884232
0.5772	0.882896
0.5796	0.881423
0.582	0.879804
0.5844	0.878037
0.5868	0.87612
0.5892	0.874056
0.5916	0.871852
0.594	0.869516
0.5964	0.867063
0.5988	0.864505
0.6012	0.861859
0.6036	0.859139
0.606	0.856359
0.6084	0.853531
0.6108	0.850664
0.6132	0.847765
0.6156	0.844839
0.618	0.841891
0.6204	0.838925
0.6228	0.835943
0.6252	0.83295
0.6276	0.829954
0.63	0.826963
0.6324	0.823989
0.6348	0.821045
0.6372	0.818147
0.6396	0.815313
0.642	0.812561
0.6444	0.80991
0.6468	0.807377
0.6492	0.80498
0.6516	0.802735
0.654	0.800656
0.6564	0.798753
0.6588	0.797036
0.6612	0.795513
0.6636	0.794187
0.666	0.793059
0.6684	0.792129
0.6708	0.791394
0.6732	0.790849
0.6756	0.790485
0.678	0.790293
0.6804	0.790262
0.6828	0.790379
0.6852	0.79063
0.6876	0.791
0.69	0.791474
0.6924	0.792033
0.6948	0.792661
0.6972	0.793338
0.6996	0.794044
0.702	0.794758
0.7044	0.795456
0.7068	0.796114
0.7092	0.796705
0.7116	0.797202
0.714	0.797576
0.7164	0.797799
0.7188	0.797843
0.7212	0.797686
0.7236	0.797305
0.726	0.796681
0.7284	0.795806
0.7308	0.794676
0.7332	0.793295
0.7356	0.791677
0.738	0.789845
0.7404	0.787828
0.7428	0.785664
0.7452	0.783399
0.7476	0.781081
0.75	0.778763
0.7524	0.7765
0.7548	0.774347
0.7572	0.772359
0.7596	0.770585
0.762	0.769071
0.7644	0.767857
0.7668	0.766976
0.7692	0.766454
0.7716	0.766308
0.774	0.766554
0.7764	0.767187
0.7788	0.768205
0.7812	0.769595
0.7836	0.771332
0.786	0.773392
0.7884	0.775743
0.7908	0.778339
0.7932	0.78115
0.7956	0.784123
0.798	0.787221
0.8004	0.790393
0.8028	0.793597
0.8052	0.796789
0.8076	0.799931
0.81	0.802988
0.8124	0.805919
0.8148	0.808697
0.8172	0.811304
0.8196	0.813707
0.822	0.815897
0.8244	0.817852
0.8268	0.819573
0.8292	0.821039
0.8316	0.822252
0.834	0.823214
0.8364	0.82391
0.8388	0.824389
0.8412	0.82462
0.8436	0.824592
0.846	0.82435
0.8484	0.823908
0.8508	0.823265
0.8532	0.822432
0.8556	0.821434
0.858	0.820299
0.8604	0.819039
0.8628	0.81766
0.8652	0.816223
0.8676	0.814708
0.87	0.813154
0.8724	0.811555
0.8748	0.80994
0.8772	0.808331
0.8796	0.806722
0.882	0.805159
0.8844	0.803582
0.8868	0.802055
0.8892	0.800541
0.8916	0.799043
0.894	0.79755
0.8964	0.796076
0.8988	0.794563
0.9012	0.792988
0.9036	0.791401
0.906	0.789702
0.9084	0.787941
0.9108	0.786038
0.9132	0.783982
0.9156	0.781752
0.918	0.779405
0.9204	0.776817
0.9228	0.774046
0.9252	0.771059
0.9276	0.767905
0.93	0.764552
0.9324	0.761034
0.9348	0.757312
0.9372	0.753468
0.9396	0.749471
0.942	0.745356
0.9444	0.74117
0.9468	0.736916
0.9492	0.732627
0.9516	0.728323
0.954	0.723963
0.9564	0.719632
0.9588	0.715341
0.9612	0.711168
0.9636	0.707062
0.966	0.703062
0.9684	0.699154
0.9708	0.695462
0.9732	0.691893
0.9756	0.688479
0.978	0.68535
0.9804	0.682329
0.9828	0.679465
0.9852	0.676853
0.9876	0.674311
0.99	0.672061
0.9924	0.669942
0.9948	0.668055
0.9972	0.666364
0.9996	0.664902
1.002	0.663569
1.0044	0.662429
1.0068	0.661483
1.0092	0.660829
1.0116	0.660332
1.014	0.6599
1.0164	0.659711
1.0188	0.659666
1.0212	0.659819
1.0236	0.660087
1.026	0.66052
1.0284	0.661143
1.0308	0.66196
1.0332	0.662829
1.0356	0.663956
1.038	0.665159
1.0404	0.666377
1.0428	0.667759
1.0452	0.669268
1.0476	0.670955
1.05	0.672678
1.0524	0.674511
1.0548	0.676452
1.0572	0.678583
1.0596	0.680653
1.062	0.682961
1.0644	0.685359
1.0668	0.687751
1.0692	0.690154
1.0716	0.692813
1.074	0.695435
1.0764	0.698117
1.0788	0.70098
1.0812	0.7039
1.0836	0.706652
1.086	0.709695
1.0884	0.7129
1.0908	0.716029
1.0932	0.719215
1.0956	0.722152
1.098	0.72525
1.1004	0.728531
1.1028	0.731656
1.1052	0.734654
1.1076	0.737663
1.11	0.740851
1.1124	0.744038
1.1148	0.747533
1.1172	0.750686
1.1196	0.753996
1.122	0.757119
1.1244	0.759988
1.1268	0.763044
1.1292	0.766083
1.1316	0.768869
1.134	0.771605
1.1364	0.774469
1.1388	0.77731
1.1412	0.780163
1.1436	0.783192
1.146	0.78589
1.1484	0.788228
1.1508	0.791374
1.1532	0.794228
1.1556	0.796366
1.158	0.799385
1.1604	0.80204
1.1628	0.804756
1.1652	0.806946
1.1676	0.809552
1.17	0.812048
1.1724	0.813619
1.1748	0.815058
1.1772	0.816438
1.1796	0.817705
1.182	0.818752
1.1844	0.820081
1.1868	0.821388
1.1892	0.822555
1.1916	0.823139
1.194	0.824122
1.1964	0.824893
1.1988	0.8255
1.2012	0.825456
1.2036	0.826458
1.206	0.826148
1.2084	0.826335
1.2108	0.825856
1.2132	0.82515
1.2156	0.824958
1.218	0.824698
1.2204	0.823686
1.2228	0.822479
1.2252	0.822642
1.2276	0.821974
1.23	0.821297
1.2324	0.81973
1.2348	0.818862
1.2372	0.818047
1.2396	0.817072
1.242	0.815902
1.2444	0.81401
1.2468	0.811974
1.2492	0.810721
1.2516	0.808639
1.254	0.808046
1.2564	0.805938
1.2588	0.803624
1.2612	0.802334
1.2636	0.799857
1.266	0.797561
1.2684	0.796243
1.2708	0.793817
1.2732	0.792306
1.2756	0.789993
1.278	0.787595
1.2804	0.78533
1.2828	0.783025
1.2852	0.780703
1.2876	0.778273
1.29	0.776878
1.2924	0.774697
1.2948	0.773515
1.2972	0.771542
1.2996	0.769214
1.302	0.766856
1.3044	0.764644
1.3068	0.762323
1.3092	0.761293
1.3116	0.758953
1.314	0.758021
1.3164	0.756874
1.3188	0.758494
1.3212	0.756478
1.3236	0.754366
1.326	0.753848
1.3284	0.751751
1.3308	0.749651
1.3332	0.747149
1.3356	0.746234
1.338	0.743844
1.3404	0.74122
1.3428	0.740103
1.3452	0.738909
1.3476	0.737416
1.35	0.736536
1.3524	0.73362
1.3548	0.732432
1.3572	0.731255
1.3596	0.730442
1.362	0.727808
1.3644	0.724734
1.3668	0.725116
1.3692	0.722163
1.3716	0.720762
1.374	0.717731
1.3764	0.714644
1.3788	0.710828
1.3812	0.709299
1.3836	0.707404
1.386	0.704271
1.3884	0.700581
1.3908	0.698938
1.3932	0.6959
1.3956	0.697503
1.398	0.695846
1.4004	0.694303
1.4028	0.692479
1.4052	0.689208
1.4076	0.685754
1.41	0.681897
1.4124	0.679886
1.4148	0.678399
1.4172	0.67475
1.4196	0.674814
1.422	0.671468
1.4244	0.668113
1.4268	0.666908
1.4292	0.663546
1.4316	0.661754
1.434	0.658848
1.4364	0.655734
1.4388	0.652613
1.4412	0.652238
1.4436	0.651835
1.446	0.649959
1.4484	0.647742
1.4508	0.647371
1.4532	0.647969
1.4556	0.646396
1.458	0.646839
1.4604	0.644563
1.4628	0.643194
1.4652	0.644218
1.4676	0.643392
1.47	0.642092
1.4724	0.641094
1.4748	0.642055
1.4772	0.641449
1.4796	0.640729
1.482	0.639761
1.4844	0.644159
1.4868	0.643623
1.4892	0.643203
1.4916	0.648342
1.494	0.64848
1.4964	0.648854
1.4988	0.64904
1.5012	0.649164
1.5036	0.650401
1.506	0.654797
1.5084	0.656885
1.5108	0.657805
1.5132	0.662215
1.5156	0.665605
1.518	0.667359
1.5204	0.669597
1.5228	0.674437
1.5252	0.676512
1.5276	0.678827
1.53	0.683968
1.5324	0.691928
1.5348	0.695661
1.5372	0.698972
1.5396	0.701236
1.542	0.707501
1.5444	0.707704
1.5468	0.714124
1.5492	0.722131
1.5516	0.723332
1.554	0.726108
1.5564	0.73067
1.5588	0.731817
1.5612	0.741783
1.5636	0.751111
1.566	0.755185
1.5684	0.757606
1.5708	0.764545
1.5732	0.769898
1.5756	0.7753
1.578	0.785633
1.5804	0.796917
1.5828	0.802341
1.5852	0.810955
1.5876	0.812048
1.59	0.815493
1.5924	0.821667
1.5948	0.831721
1.5972	0.835733
1.5996	0.839891
1.602	0.845855
1.6044	0.846325
1.6068	0.851181
1.6092	0.856476
1.6116	0.865777
1.614	0.876726
1.6164	0.883496
1.6188	0.886523
1.6212	0.893161
1.6236	0.898699
1.626	0.896103
1.6284	0.898712
1.6308	0.905232
1.6332	0.920313
1.6356	0.923242
1.638	0.926826
1.6404	0.93489
1.6428	0.944007
1.6452	0.955384
1.6476	0.962326
1.65	0.964387
1.6524	0.970515
1.6548	0.970063
1.6572	0.977509
1.6596	0.982898
1.662	0.991986
1.6644	0.998281
1.6668	1.00713
1.6692	1.00916
1.6716	1.0133
1.674	1.01905
1.6764	1.0204
1.6788	1.02872
1.6812	1.04356
1.6836	1.05013
1.686	1.05958
1.6884	1.07193
1.6908	1.07939
1.6932	1.08178
1.6956	1.0832
1.698	1.08981
1.7004	1.09514
1.7028	1.09991
1.7052	1.10664
1.7076	1.11318
1.71	1.11391
1.7124	1.1257
1.7148	1.13185
1.7172	1.13185
1.7196	1.12405
1.722	1.12895
1.7244	1.13641
1.7268	1.14248
1.7292	1.1657
1.7316	1.17052
1.734	1.17569
1.7364	1.18902
1.7388	1.1969
1.7412	1.20362
1.7436	1.2047
1.746	1.20386
1.7484	1.21092
1.7508	1.23259
1.7532	1.25164
1.7556	1.2545
1.758	1.25856
1.7604	1.26261
1.7628	1.27223
1.7652	1.2796
1.7676	1.27955
1.77	1.28665
1.7724	1.28624
1.7748	1.29839
1.7772	1.30937
1.7796	1.31503
1.782	1.31926
1.7844	1.31111
1.7868	1.31787
1.7892	1.32656
1.7916	1.3289
1.794	1.34305
1.7964	1.33655
1.7988	1.33347
1.8012	1.34832
1.8036	1.35101
1.806	1.36134
1.8084	1.37254
1.8108	1.3825
1.8132	1.39966
1.8156	1.39508
1.818	1.40949
1.8204	1.40102
1.8228	1.40845
1.8252	1.41692
1.8276	1.4211
1.83	1.43631
1.8324	1.43985
1.8348	1.46608
1.8372	1.47872
1.8396	1.49482
1.842	1.48868
1.8444	1.4953
1.8468	1.50643
1.8492	1.5177
1.8516	1.52315
1.854	1.54129
1.8564	1.54534
1.8588	1.54515
1.8612	1.54517
1.8636	1.55287
1.866	1.55179
1.8684	1.57342
1.8708	1.58998
1.8732	1.6028
1.8756	1.59907
1.878	1.60908
1.8804	1.61485
1.8828	1.63942
1.8852	1.62346
1.8876	1.63703
1.89	1.64911
1.8924	1.63166
1.8948	1.63497
1.8972	1.64023
1.8996	1.63714
1.902	1.64575
1.9044	1.64883
1.9068	1.65208
1.9092	1.64473
1.9116	1.67603
1.914	1.65565
1.9164	1.66261
1.9188	1.67859
1.9212	1.67972
1.9236	1.65763
1.926	1.6811
1.9284	1.69156
1.9308	1.69151
1.9332	1.65082
1.9356	1.65767
1.938	1.66875
1.9404	1.69521
1.9428	1.70621
1.9452	1.69358
1.9476	1.6744
1.95	1.66222
1.9524	1.67142
1.9548	1.70828
1.9572	1.71895
1.9596	1.73629
1.962	1.71228
1.9644	1.65496
1.9668	1.66378
1.9692	1.6752
1.9716	1.65253
1.974	1.64432
1.9764	1.65886
1.9788	1.6781
1.9812	1.62536
1.9836	1.66214
1.986	1.64044
1.9884	1.66315
1.9908	1.67571
1.9932	1.68724
1.9956	1.65985
1.998	1.68421
2.0004	1.7118
2.0028	1.72894
2.0052	1.77092
2.0076	1.78935
2.01	1.80234
2.0124	1.78049
2.0148	1.75267
2.0172	1.73443
2.0196	1.76192
2.022	1.80066
2.0244	1.82199
2.0268	1.88063
2.0292	1.92968
2.0316	1.94224
2.034	1.84033
2.0364	1.85683
2.0388	1.87801
2.0412	1.8362
2.0436	1.79944
2.046	1.82902
2.0484	1.82424
2.0508	1.8834
2.0532	1.89492
2.0556	1.95292
2.058	1.97758
2.0604	1.99335
2.0628	2.00668
2.0652	1.96309
2.0676	1.98132
2.07	2.00292
2.0724	2.04566
2.0748	2.12179
2.0772	2.13167
2.0796	2.12384
2.082	2.04376
2.0844	2.04845
2.0868	2.06196
2.0892	2.01949
2.0916	2.04838
2.094	2.10589
2.0964	2.13708
2.0988	2.13519
2.1012	2.22103
2.1036	2.22926
2.106	2.26128
2.1084	2.32288
2.1108	2.33804
2.1132	2.26409
2.1156	2.30651
2.118	2.31262
2.1204	2.21686
2.1228	2.20724
2.1252	2.19767
2.1276	2.25874
2.13	2.13742
2.1324	2.05406
2.1348	2.06282
2.1372	1.97916
2.1396	1.97249
2.142	2.05748
2.1444	2.05007
2.1468	2.07844
2.1492	2.0708
2.1516	1.80954
2.154	1.68027
2.1564	1.696
2.1588	1.56535
2.1612	1.60738
2.1636	1.6609
2.166	1.67921
2.1684	1.71189
2.1708	1.80763
2.1732	1.84524
2.1756	1.85472
2.178	1.89891
2.1804	1.94028
2.1828	1.98339
2.1852	2.00868
2.1876	2.07144
2.19	2.13206
2.1924	2.19017
2.1948	2.18456
2.1972	2.23915
2.1996	2.35066
2.202	2.34396
2.2044	2.17825
2.2068	2.20681
2.2092	2.2016
2.2116	2.23072
2.214	1.98684
2.2164	2.05634
2.2188	2.09461
2.2212	2.17964
2.2236	2.1753
2.226	2.17099
2.2284	2.28635
2.2308	2.04738
2.2332	2.03517
2.2356	1.79325
2.238	1.87937
2.2404	1.92016
2.2428	1.97196
2.2452	1.51148
2.2476	1.51264
2.25	1.54904
2.2524	1.55019
2.2548	1.58805
2.2572	1.66786
2.2596	1.66891
2.262	1.72113
2.2644	1.72216
2.2668	1.81449
2.2692	1.81545
2.2716	1.86555
2.274	1.97269
2.2764	2.04356
2.2788	2.04432
2.2812	2.10653
2.2836	2.33131
2.286	2.41137
2.2884	2.49654
2.2908	2.70648
2.2932	2.70638
2.2956	2.83546
2.298	2.8352
2.3004	3.10349
2.3028	3.10283
2.3052	3.42352
2.3076	3.42234
2.31	3.42118
2.3124	2.72978
2.3148	2.73079
2.3172	2.73183
2.3196	3.0725
2.322	3.25513
2.3244	3.74098
2.3268	4
2.3292	4
2.3316	4
2.334	4
2.3364	4
2.3388	4
2.3412	4
2.3436	4
2.346	4
2.3484	4
2.3508	4
2.3532	4
2.3556	4
2.358	4
2.3604	4
2.3628	4
2.3652	4
2.3676	4
2.37	4
2.3724	4
2.3748	4
2.3772	4
2.3796	4
2.382	4
2.3844	4
2.3868	4
2.3892	4
2.3916	4
2.394	4
2.3964	4
2.3988	4



0.0012	0.062035
0.0036	0.0406947
0.006	0.059634
0.0084	0.0455128
0.0108	0.0583935
0.0132	0.0743302
0.0156	0.0766361
0.018	0.0911243
0.0204	0.0976511
0.0228	0.105772
0.0252	0.124241
0.0276	0.144762
0.03	0.159339
0.0324	0.178182
0.0348	0.205393
0.0372	0.2308
0.0396	0.254213
0.042	0.282759
0.0444	0.31382
0.0468	0.352944
0.0492	0.391863
0.0516	0.435879
0.054	0.484502
0.0564	0.528877
0.0588	0.572653
0.0612	0.626526
0.0636	0.677089
0.066	0.733085
0.0684	0.79362
0.0708	0.856232
0.0732	0.921874
0.0756	0.987373
0.078	1.05472
0.0804	1.12326
0.0828	1.19152
0.0852	1.25988
0.0876	1.32713
0.09	1.39298
0.0924	1.45679
0.0948	1.51826
0.0972	1.57682
0.0996	1.63222
0.102	1.68416
0.1044	1.73242
0.1068	1.77682
0.1092	1.81729
0.1116	1.85375
0.114	1.88622
0.1164	1.91474
0.1188	1.93937
0.1212	1.96023
0.1236	1.97745
0.126	1.99118
0.1284	2.00158
0.1308	2.00885
0.1332	2.01316
0.1356	2.01469
0.138	2.01364
0.1404	2.01018
0.1428	2.00451
0.1452	1.9968
0.1476	1.9872
0.15	1.9759
0.1524	1.96303
0.1548	1.94875
0.1572	1.93318
0.1596	1.91646
0.162	1.89871
0.1644	1.88003
0.1668	1.86053
0.1692	1.8403
0.1716	1.81943
0.174	1.79801
0.1764	1.77609
0.1788	1.75376
0.1812	1.73107
0.1836	1.70808
0.186	1.68486
0.1884	1.66144
0.1908	1.63788
0.1932	1.61422
0.1956	1.59051
0.198	1.56679
0.2004	1.5431
0.2028	1.51947
0.2052	1.49596
0.2076	1.47259
0.21	1.44941
0.2124	1.42646
0.2148	1.40378
0.2172	1.38141
0.2196	1.35938
0.222	1.33774
0.2244	1.31654
0.2268	1.29581
0.2292	1.27559
0.2316	1.25592
0.234	1.23684
0.2364	1.21838
0.2388	1.2006
0.2412	1.18351
0.2436	1.16714
0.246	1.15154
0.2484	1.13673
0.2508	1.12272
0.2532	1.10955
0.2556	1.09722
0.258	1.08576
0.2604	1.07518
0.2628	1.06553
0.2652	1.05671
0.2676	1.04877
0.27	1.04172
0.2724	1.03553
0.2748	1.03019
0.2772	1.02569
0.2796	1.02202
0.282	1.01911
0.2844	1.01691
0.2868	1.01536
0.2892	1.01443
0.2916	1.01408
0.294	1.0142
0.2964	1.01477
0.2988	1.01568
0.3012	1.01685
0.3036	1.01824
0.306	1.01976
0.3084	1.02134
0.3108	1.02293
0.3132	1.02447
0.3156	1.0259
0.318	1.02719
0.3204	1.02827
0.3228	1.02914
0.3252	1.02976
0.3276	1.0301
0.33	1.03015
0.3324	1.02991
0.3348	1.02934
0.3372	1.02845
0.3396	1.02723
0.342	1.02568
0.3444	1.02379
0.3468	1.02158
0.3492	1.01905
0.3516	1.0162
0.354	1.01305
0.3564	1.0096
0.3588	1.00587
0.3612	1.00186
0.3636	0.997596
0.366	0.99309
0.3684	0.988361
0.3708	0.983434
0.3732	0.97834
0.3756	0.973116
0.378	0.967808
0.3804	0.96247
0.3828	0.957161
0.3852	0.951954
0.3876	0.946918
0.39	0.94213
0.3924	0.937664
0.3948	0.933592
0.3972	0.929976
0.3996	0.926872
0.402	0.924318
0.4044	0.922336
0.4068	0.920932
0.4092	0.92009
0.4116	0.919775
0.414	0.91993
0.4164	0.920476
0.4188	0.921321
0.4212	0.922353
0.4236	0.923449
0.426	0.924478
0.4284	0.925309
0.4308	0.925814
0.4332	0.925876
0.4356	0.925394
0.438	0.924294
0.4404	0.922528
0.4428	0.920082
0.4452	0.916974
0.4476	0.913257
0.45	0.909013
0.4524	0.904349
0.4548	0.899391
0.4572	0.894275
0.4596	0.889141
0.462	0.884125
0.4644	0.879355
0.4668	0.874942
0.4692	0.870982
0.4716	0.867553
0.474	0.864713
0.4764	0.862506
0.4788	0.860964
0.4812	0.860106
0.4836	0.859947
0.486	0.860495
0.4884	0.861757
0.4908	0.863739
0.4932	0.866443
0.4956	0.869869
0.498	0.874012
0.5004	0.878859
0.5028	0.884385
0.5052	0.890555
0.5076	0.897316
0.51	0.904602
0.5124	0.912331
0.5148	0.920405
0.5172	0.928716
0.5196	0.937146
0.522	0.945573
0.5244	0.953876
0.5268	0.961939
0.5292	0.969657
0.5316	0.976937
0.534	0.983708
0.5364	0.989915
0.5388	0.995528
0.5412	1.00053
0.5436	1.00493
0.546	1.00874
0.5484	1.012
0.5508	1.01472
0.5532	1.01695
0.5556	1.0187
0.558	1.02
0.5604	1.02085
0.5628	1.02125
0.5652	1.02118
0.5676	1.02062
0.57	1.01954
0.5724	1.0179
0.5748	1.01568
0.5772	1.01285
0.5796	1.00941
0.582	1.00536
0.5844	1.00072
0.5868	0.995552
0.5892	0.989917
0.5916	0.983904
0.594	0.977619
0.5964	0.971182
0.5988	0.96472
0.6012	0.958366
0.6036	0.952251
0.606	0.946499
0.6084	0.941227
0.6108	0.936532
0.6132	0.932499
0.6156	0.929189
0.618	0.926643
0.6204	0.924879
0.6228	0.923892
0.6252	0.923657
0.6276	0.924125
0.63	0.925234
0.6324	0.926902
0.6348	0.929038
0.6372	0.931541
0.6396	0.934306
0.642	0.937227
0.6444	0.940203
0.6468	0.943137
0.6492	0.945943
0.6516	0.948544
0.654	0.950875
0.6564	0.952885
0.6588	0.954532
0.6612	0.955784
0.6636	0.956618
0.666	0.957018
0.6684	0.956972
0.6708	0.95647
0.6732	0.955508
0.6756	0.954079
0.678	0.952177
0.6804	0.949798
0.6828	0.946939
0.6852	0.943597
0.6876	0.939774
0.69	0.93547
0.6924	0.930694
0.6948	0.925459
0.6972	0.919782
0.6996	0.913688
0.702	0.907206
0.7044	0.900373
0.7068	0.893231
0.7092	0.885827
0.7116	0.878214
0.714	0.870449
0.7164	0.862589
0.7188	0.854697
0.7212	0.846834
0.7236	0.839068
0.726	0.831456
0.7284	0.824061
0.7308	0.816947
0.7332	0.810163
0.7356	0.803772
0.738	0.797813
0.7404	0.792337
0.7428	0.787381
0.7452	0.782978
0.7476	0.779158
0.75	0.775945
0.7524	0.773351
0.7548	0.77139
0.7572	0.770065
0.7596	0.769371
0.762	0.769295
0.7644	0.769828
0.7668	0.770935
0.7692	0.772595
0.7716	0.774779
0.774	0.777445
0.7764	0.780555
0.7788	0.784065
0.7812	0.78791
0.7836	0.792058
0.786	0.796461
0.7884	0.80105
0.7908	0.805817
0.7932	0.810699
0.7956	0.815651
0.798	0.820645
0.8004	0.825623
0.8028	0.830611
0.8052	0.835573
0.8076	0.840512
0.81	0.845372
0.8124	0.85018
0.8148	0.854951
0.8172	0.859675
0.8196	0.864371
0.822	0.868993
0.8244	0.873621
0.8268	0.878173
0.8292	0.882695
0.8316	0.887178
0.834	0.89155
0.8364	0.895873
0.8388	0.900013
0.8412	0.904053
0.8436	0.907866
0.846	0.911485
0.8484	0.914882
0.8508	0.917929
0.8532	0.9207
0.8556	0.923037
0.858	0.925023
0.8604	0.926529
0.8628	0.92759
0.8652	0.928068
0.8676	0.928047
0.87	0.927434
0.8724	0.926385
0.8748	0.92469
0.8772	0.922482
0.8796	0.919684
0.882	0.916349
0.8844	0.912446
0.8868	0.908177
0.8892	0.903408
0.8916	0.898223
0.894	0.89267
0.8964	0.886788
0.8988	0.880628
0.9012	0.87431
0.9036	0.867746
0.906	0.861059
0.9084	0.854204
0.9108	0.847295
0.9132	0.840546
0.9156	0.833766
0.918	0.82698
0.9204	0.820307
0.9228	0.813978
0.9252	0.807747
0.9276	0.801731
0.93	0.795944
0.9324	0.790437
0.9348	0.785211
0.9372	0.780169
0.9396	0.775551
0.942	0.771479
0.9444	0.767673
0.9468	0.764206
0.9492	0.760839
0.9516	0.757924
0.954	0.755216
0.9564	0.752953
0.9588	0.750876
0.9612	0.749098
0.9636	0.747885
0.966	0.746986
0.9684	0.74622
0.9708	0.745541
0.9732	0.745077
0.9756	0.744957
0.978	0.744996
0.9804	0.745066
0.9828	0.745422
0.9852	0.745719
0.9876	0.746258
0.99	0.746866
0.9924	0.747893
0.9948	0.748985
0.9972	0.74955
0.9996	0.750482
1.002	0.751393
1.0044	0.751892
1.0068	0.752321
1.0092	0.752837
1.0116	0.753295
1.014	0.753666
1.0164	0.753726
1.0188	0.754124
1.0212	0.754444
1.0236	0.754245
1.026	0.753953
1.0284	0.753516
1.0308	0.752972
1.0332	0.753374
1.0356	0.752739
1.038	0.752033
1.0404	0.75126
1.0428	0.750732
1.0452	0.750176
1.0476	0.750509
1.05	0.750158
1.0524	0.749513
1.0548	0.748936
1.0572	0.748405
1.0596	0.748212
1.062	0.748088
1.0644	0.74775
1.0668	0.747513
1.0692	0.7477
1.0716	0.748001
1.074	0.749579
1.0764	0.749853
1.0788	0.750692
1.0812	0.75163
1.0836	0.753109
1.086	0.753992
1.0884	0.755055
1.0908	0.75616
1.0932	0.758231
1.0956	0.759561
1.098	0.761024
1.1004	0.762578
1.1028	0.764694
1.1052	0.766859
1.1076	0.768641
1.11	0.770412
1.1124	0.773346
1.1148	0.775897
1.1172	0.778484
1.1196	0.780532
1.122	0.783099
1.1244	0.784955
1.1268	0.787572
1.1292	0.789673
1.1316	0.792436
1.134	0.794318
1.1364	0.796312
1.1388	0.798274
1.1412	0.801566
1.1436	0.804163
1.146	0.806015
1.1484	0.80846
1.1508	0.810955
1.1532	0.814371
1.1556	0.817023
1.158	0.818726
1.1604	0.821407
1.1628	0.82762
1.1652	0.829651
1.1676	0.831734
1.17	0.83381
1.1724	0.836733
1.1748	0.838677
1.1772	0.841384
1.1796	0.843428
1.182	0.847364
1.1844	0.849407
1.1868	0.851149
1.1892	0.854161
1.1916	0.856072
1.194	0.860605
1.1964	0.865486
1.1988	0.867764
1.2012	0.869582
1.2036	0.871797
1.206	0.87418
1.2084	0.876048
1.2108	0.87755
1.2132	0.881443
1.2156	0.883428
1.218	0.885622
1.2204	0.889303
1.2228	0.891758
1.2252	0.894208
1.2276	0.896539
1.23	0.898556
1.2324	0.900074
1.2348	0.904527
1.2372	0.906106
1.2396	0.908513
1.242	0.910306
1.2444	0.913898
1.2468	0.915484
1.2492	0.919774
1.2516	0.923829
1.254	0.925596
1.2564	0.927227
1.2588	0.931528
1.2612	0.933585
1.2636	0.935236
1.266	0.937095
1.2684	0.939245
1.2708	0.940949
1.2732	0.942316
1.2756	0.943105
1.278	0.944115
1.2804	0.945066
1.2828	0.948973
1.2852	0.949828
1.2876	0.950625
1.29	0.951016
1.2924	0.950616
1.2948	0.954423
1.2972	0.954058
1.2996	0.954451
1.302	0.961426
1.3044	0.961324
1.3068	0.960767
1.3092	0.960143
1.3116	0.960043
1.314	0.959572
1.3164	0.958442
1.3188	0.957284
1.3212	0.955512
1.3236	0.95404
1.326	0.954933
1.3284	0.952405
1.3308	0.950071
1.3332	0.94753
1.3356	0.94489
1.338	0.941833
1.3404	0.938879
1.3428	0.937005
1.3452	0.937941
1.3476	0.934071
1.35	0.934391
1.3524	0.934486
1.3548	0.930403
1.3572	0.92767
1.3596	0.923906
1.362	0.91886
1.3644	0.918776
1.3668	0.914991
1.3692	0.911159
1.3716	0.906417
1.374	0.901302
1.3764	0.895814
1.3788	0.888357
1.3812	0.893182
1.3836	0.887055
1.386	0.880789
1.3884	0.874592
1.3908	0.869478
1.3932	0.862872
1.3956	0.857008
1.398	0.856472
1.4004	0.851775
1.4028	0.851733
1.4052	0.843854
1.4076	0.844304
1.41	0.839712
1.4124	0.840237
1.4148	0.834956
1.4172	0.825139
1.4196	0.819905
1.422	0.821437
1.4244	0.816221
1.4268	0.808403
1.4292	0.802622
1.4316	0.795061
1.434	0.793361
1.4364	0.787089
1.4388	0.782244
1.4412	0.776675
1.4436	0.770517
1.446	0.765243
1.4484	0.757142
1.4508	0.751846
1.4532	0.746615
1.4556	0.741902
1.458	0.730704
1.4604	0.724323
1.4628	0.718028
1.4652	0.711556
1.4676	0.703265
1.47	0.69808
1.4724	0.692812
1.4748	0.688216
1.4772	0.680403
1.4796	0.685077
1.482	0.681216
1.4844	0.677812
1.4868	0.674309
1.4892	0.668702
1.4916	0.663838
1.494	0.659956
1.4964	0.653406
1.4988	0.656969
1.5012	0.648557
1.5036	0.644654
1.506	0.649785
1.5084	0.64667
1.5108	0.64284
1.5132	0.640684
1.5156	0.634107
1.518	0.633111
1.5204	0.641272
1.5228	0.639392
1.5252	0.632516
1.5276	0.631541
1.53	0.628409
1.5324	0.624138
1.5348	0.62158
1.5372	0.613985
1.5396	0.612274
1.542	0.611682
1.5444	0.607827
1.5468	0.593549
1.5492	0.592684
1.5516	0.594012
1.554	0.594763
1.5564	0.596338
1.5588	0.593293
1.5612	0.592937
1.5636	0.599668
1.566	0.593197
1.5684	0.596154
1.5708	0.610183
1.5732	0.607042
1.5756	0.606517
1.578	0.598626
1.5804	0.591304
1.5828	0.59304
1.5852	0.59619
1.5876	0.598385
1.59	0.612124
1.5924	0.614049
1.5948	0.615476
1.5972	0.611579
1.5996	0.614409
1.602	0.618249
1.6044	0.6155
1.6068	0.619499
1.6092	0.622823
1.6116	0.62604
1.614	0.630407
1.6164	0.633041
1.6188	0.628124
1.6212	0.631484
1.6236	0.636469
1.626	0.640276
1.6284	0.632212
1.6308	0.634853
1.6332	0.627274
1.6356	0.633612
1.638	0.637331
1.6404	0.642351
1.6428	0.632741
1.6452	0.638019
1.6476	0.639369
1.65	0.640963
1.6524	0.643796
1.6548	0.651812
1.6572	0.654741
1.6596	0.658805
1.662	0.66298
1.6644	0.668139
1.6668	0.670817
1.6692	0.664705
1.6716	0.665163
1.674	0.66962
1.6764	0.670782
1.6788	0.656633
1.6812	0.661057
1.6836	0.665259
1.686	0.649819
1.6884	0.636031
1.6908	0.640074
1.6932	0.647567
1.6956	0.650699
1.698	0.652376
1.7004	0.655458
1.7028	0.662511
1.7052	0.665047
1.7076	0.667545
1.71	0.652548
1.7124	0.657561
1.7148	0.659252
1.7172	0.663744
1.7196	0.668014
1.722	0.673985
1.7244	0.679914
1.7268	0.684426
1.7292	0.661412
1.7316	0.663428
1.734	0.643389
1.7364	0.628465
1.7388	0.634441
1.7412	0.639396
1.7436	0.646083
1.746	0.652302
1.7484	0.632189
1.7508	0.659849
1.7532	0.664614
1.7556	0.663473
1.758	0.686545
1.7604	0.688508
1.7628	0.695316
1.7652	0.636969
1.7676	0.641257
1.77	0.645869
1.7724	0.650776
1.7748	0.666281
1.7772	0.672109
1.7796	0.677007
1.782	0.652745
1.7844	0.657731
1.7868	0.626408
1.7892	0.637236
1.7916	0.609682
1.794	0.61764
1.7964	0.582801
1.7988	0.593838
1.8012	0.6018
1.8036	0.602569
1.806	0.565879
1.8084	0.575577
1.8108	0.580359
1.8132	0.585475
1.8156	0.589213
1.818	0.553192
1.8204	0.556263
1.8228	0.56668
1.8252	0.572712
1.8276	0.580755
1.83	0.592787
1.8324	0.600915
1.8348	0.619357
1.8372	0.628603
1.8396	0.639938
1.842	0.649468
1.8444	0.660798
1.8468	0.662948
1.8492	0.677755
1.8516	0.700925
1.854	0.698549
1.8564	0.715725
1.8588	0.728869
1.8612	0.738895
1.8636	0.678545
1.866	0.695456
1.8684	0.714653
1.8708	0.73248
1.8732	0.746935
1.8756	0.759108
1.878	0.765504
1.8804	0.770132
1.8828	0.771695
1.8852	0.706098
1.8876	0.718039
1.89	0.64388
1.8924	0.650125
1.8948	0.658611
1.8972	0.666325
1.8996	0.668922
1.902	0.67988
1.9044	0.598864
1.9068	0.613825
1.9092	0.622746
1.9116	0.630192
1.914	0.638307
1.9164	0.648579
1.9188	0.653128
1.9212	0.655907
1.9236	0.670199
1.926	0.702415
1.9284	0.712306
1.9308	0.712158
1.9332	0.723466
1.9356	0.733921
1.938	0.753775
1.9404	0.763885
1.9428	0.776568
1.9452	0.78974
1.9476	0.662362
1.95	0.680065
1.9524	0.692657
1.9548	0.705663
1.9572	0.55961
1.9596	0.561487
1.962	0.571136
1.9644	0.582887
1.9668	0.589552
1.9692	0.589665
1.9716	0.609148
1.974	0.457128
1.9764	0.473776
1.9788	0.480363
1.9812	0.494679
1.9836	0.500579
1.986	0.512113
1.9884	0.521766
1.9908	0.525121
1.9932	0.525566
1.9956	0.526039
1.998	0.533749
2.0004	0.537993
2.0028	0.538447
2.0052	0.545163
2.0076	0.555113
2.01	0.570333
2.0124	0.577659
2.0148	0.59566
2.0172	0.605166
2.0196	0.400757
2.022	0.407902
2.0244	0.41409
2.0268	0.428687
2.0292	0.429395
2.0316	0.451409
2.034	0.482997
2.0364	0.49902
2.0388	0.516032
2.0412	0.527012
2.0436	0.527487
2.046	0.538888
2.0484	0.539359
2.0508	0.539849
2.0532	0.5636
2.0556	0.612036
2.058	0.612316
2.0604	0.627185
2.0628	0.627446
2.0652	0.640256
2.0676	0.653529
2.07	0.661258
2.0724	0.678226
2.0748	0.69598
2.0772	0.730681
2.0796	0.751025
2.082	0.768621
2.0844	0.790919
2.0868	0.78413
2.0892	0.807153
2.0916	0.806854
2.094	0.875058
2.0964	0.874521
2.0988	0.864848
2.1012	0.887339
2.1036	0.886741
2.106	0.886157
2.1084	0.885587
2.1108	0.88503
2.1132	0.944317
2.1156	0.976495
2.118	1.0108
2.1204	1.00985
2.1228	1.0397
2.1252	1.07832
2.1276	1.11976
2.13	1.19656
2.1324	1.23806
2.1348	0.617614
2.1372	0.616819
2.1396	0.638839
2.142	7.19125e-21
2.1444	7.49017e-21
2.1468	7.50314e-21
2.1492	7.51647e-21
2.1516	7.53016e-21
2.154	7.8518e-21
2.1564	8.27208e-21
2.1588	8.28676e-21
2.1612	8.66964e-21
2.1636	8.68503e-21
2.166	8.70082e-21
2.1684	9.20426e-21
2.1708	9.22088e-21
2.1732	1.08289e-20
2.1756	1.08464e-20
2.178	1.14747e-20
2.1804	1.29401e-20
2.1828	1.29586e-20
2.1852	1.29776e-20
2.1876	1.4839e-20
2.19	1.5984e-20
2.1924	1.60033e-20
2.1948	1.73169e-20
2.1972	1.73366e-20
2.1996	1.73568e-20
2.202	1.73775e-20
2.2044	1.73988e-20
2.2068	1.74206e-20
2.2092	1.7443e-20
2.2116	1.74659e-20
2.214	2.06641e-20
2.2164	2.0688e-20
2.2188	2.07124e-20
2.2212	2.07375e-20
2.2236	2.27669e-20
2.226	2.27933e-20
2.2284	2.28202e-20
2.2308	2.28478e-20
2.2332	2.58057e-20
2.2356	2.95815e-20
2.238	3.36144e-20
2.2404	3.36445e-20
2.2428	3.36753e-20
2.2452	3.37069e-20
2.2476	3.37393e-20
2.25	3.37724e-20
2.2524	3.38063e-20
2.2548	3.87326e-20
2.2572	3.8769e-20
2.2596	3.88062e-20
2.262	3.88443e-20
2.2644	4.67194e-20
2.2668	5.60221e-20
2.2692	5.60663e-20
2.2716	5.61115e-20
2.274	5.61578e-20
2.2764	7.28517e-20
2.2788	7.29021e-20
2.2812	7.29536e-20
2.2836	1.37895e-19
2.286	1.37929e-19
2.2884	1.37964e-19
2.2908	1.38001e-19
2.2932	1.38039e-19
2.2956	1.38078e-19
2.298	1.38118e-19
2.3004	1.3816e-19
2.3028	1.38203e-19
2.3052	1.38247e-19
2.3076	1.38293e-19
2.31	1.38339e-19
2.3124	1.38388e-19
2.3148	1.38437e-19
2.3172	1.38487e-19
2.3196	1.38539e-19
2.322	1.38592e-19
2.3244	1.38647e-19
2.3268	1.38702e-19
2.3292	1.38759e-19
2.3316	1.38818e-19
2.334	1.38877e-19
2.3364	1.38938e-19
2.3388	1.39e-19
2.3412	1.39063e-19
2.3436	1.39128e-19
2.346	2.24601e-19
2.3484	2.24692e-19
2.3508	2.24785e-19
2.3532	2.2488e-19
2.3556	2.24977e-19
2.358	2.25076e-19
2.3604	2.25176e-19
2.3628	4.24325e-19
2.3652	4.24501e-19
2.3676	4.24681e-19
2.37	4.24863e-19
2.3724	0.999557
2.3748	0.999557
2.3772	0.999557
2.3796	0.999557
2.382	0.999557
2.3844	0.999557
2.3868	0.999557
2.3892	0.999557
2.3916	0.999557
2.394	0.999557
2.3964	0.999557
2.3988	0.999557




0.0012	0.0346654
0.0036	0.0402738
0.006	0.0467047
0.0084	0.0756588
0.0108	0.0883102
0.0132	0.0792245
0.0156	0.0742493
0.018	0.0788056
0.0204	0.0790761
0.0228	0.0938181
0.0252	0.109662
0.0276	0.126355
0.03	0.136152
0.0324	0.151186
0.0348	0.165213
0.0372	0.184017
0.0396	0.208843
0.042	0.230412
0.0444	0.258601
0.0468	0.289982
0.0492	0.321117
0.0516	0.356959
0.054	0.393554
0.0564	0.430689
0.0588	0.470268
0.0612	0.516652
0.0636	0.560534
0.066	0.607937
0.0684	0.658945
0.0708	0.711231
0.0732	0.76771
0.0756	0.824281
0.078	0.88351
0.0804	0.943818
0.0828	1.00465
0.0852	1.06503
0.0876	1.12509
0.09	1.18381
0.0924	1.24072
0.0948	1.29536
0.0972	1.34727
0.0996	1.39604
0.102	1.44133
0.1044	1.4829
0.1068	1.52056
0.1092	1.5542
0.1116	1.58376
0.114	1.60928
0.1164	1.63082
0.1188	1.6485
0.1212	1.66248
0.1236	1.67294
0.126	1.68008
0.1284	1.68414
0.1308	1.68533
0.1332	1.68389
0.1356	1.68005
0.138	1.67403
0.1404	1.66604
0.1428	1.65629
0.1452	1.64498
0.1476	1.63229
0.15	1.61838
0.1524	1.60343
0.1548	1.58757
0.1572	1.57095
0.1596	1.55369
0.162	1.5359
0.1644	1.51771
0.1668	1.4992
0.1692	1.48047
0.1716	1.46161
0.174	1.44269
0.1764	1.42379
0.1788	1.40496
0.1812	1.38628
0.1836	1.36779
0.186	1.34955
0.1884	1.3316
0.1908	1.31399
0.1932	1.29674
0.1956	1.2799
0.198	1.26348
0.2004	1.24752
0.2028	1.23203
0.2052	1.21702
0.2076	1.20253
0.21	1.18855
0.2124	1.17509
0.2148	1.16216
0.2172	1.14975
0.2196	1.13789
0.222	1.12655
0.2244	1.11575
0.2268	1.10547
0.2292	1.09571
0.2316	1.08648
0.234	1.07776
0.2364	1.06956
0.2388	1.06186
0.2412	1.05466
0.2436	1.04796
0.246	1.04176
0.2484	1.03604
0.2508	1.0308
0.2532	1.02604
0.2556	1.02176
0.258	1.01793
0.2604	1.01455
0.2628	1.01164
0.2652	1.00919
0.2676	1.00707
0.27	1.00533
0.2724	1.00395
0.2748	1.0029
0.2772	1.00215
0.2796	1.00168
0.282	1.00149
0.2844	1.00148
0.2868	1.00167
0.2892	1.00198
0.2916	1.00245
0.294	1.003
0.2964	1.00364
0.2988	1.00439
0.3012	1.0052
0.3036	1.00608
0.306	1.00705
0.3084	1.00809
0.3108	1.00922
0.3132	1.01045
0.3156	1.01181
0.318	1.0133
0.3204	1.01496
0.3228	1.01679
0.3252	1.01883
0.3276	1.0211
0.33	1.02361
0.3324	1.02639
0.3348	1.02945
0.3372	1.0328
0.3396	1.03645
0.342	1.04039
0.3444	1.04461
0.3468	1.04909
0.3492	1.05381
0.3516	1.05874
0.354	1.06384
0.3564	1.06907
0.3588	1.07439
0.3612	1.07975
0.3636	1.0851
0.366	1.09038
0.3684	1.09554
0.3708	1.10051
0.3732	1.10522
0.3756	1.10959
0.378	1.11352
0.3804	1.11695
0.3828	1.11977
0.3852	1.12191
0.3876	1.12329
0.39	1.12386
0.3924	1.12358
0.3948	1.12244
0.3972	1.12044
0.3996	1.11763
0.402	1.11408
0.4044	1.10986
0.4068	1.10508
0.4092	1.09984
0.4116	1.09426
0.414	1.08845
0.4164	1.08251
0.4188	1.07653
0.4212	1.07058
0.4236	1.06471
0.426	1.05896
0.4284	1.05333
0.4308	1.04784
0.4332	1.04245
0.4356	1.03715
0.438	1.0319
0.4404	1.02669
0.4428	1.02147
0.4452	1.01622
0.4476	1.01092
0.45	1.00556
0.4524	1.00014
0.4548	0.99466
0.4572	0.989118
0.4596	0.983525
0.462	0.977886
0.4644	0.97221
0.4668	0.966499
0.4692	0.96076
0.4716	0.954996
0.474	0.949215
0.4764	0.943427
0.4788	0.93765
0.4812	0.931907
0.4836	0.926232
0.486	0.920664
0.4884	0.91525
0.4908	0.910041
0.4932	0.905091
0.4956	0.900452
0.498	0.896172
0.5004	0.892293
0.5028	0.888849
0.5052	0.885861
0.5076	0.883344
0.51	0.8813
0.5124	0.87972
0.5148	0.878589
0.5172	0.877884
0.5196	0.877576
0.522	0.877633
0.5244	0.87802
0.5268	0.878699
0.5292	0.879634
0.5316	0.880785
0.534	0.882116
0.5364	0.883588
0.5388	0.885163
0.5412	0.886804
0.5436	0.888471
0.546	0.890126
0.5484	0.891729
0.5508	0.893241
0.5532	0.894622
0.5556	0.895834
0.558	0.89684
0.5604	0.897607
0.5628	0.898104
0.5652	0.89831
0.5676	0.898207
0.57	0.897789
0.5724	0.897057
0.5748	0.896023
0.5772	0.89471
0.5796	0.893148
0.582	0.891376
0.5844	0.889438
0.5868	0.887379
0.5892	0.885245
0.5916	0.883081
0.594	0.880922
0.5964	0.8788
0.5988	0.876734
0.6012	0.874736
0.6036	0.872807
0.606	0.870939
0.6084	0.869116
0.6108	0.867315
0.6132	0.86551
0.6156	0.863673
0.618	0.861774
0.6204	0.859785
0.6228	0.857681
0.6252	0.85544
0.6276	0.853045
0.63	0.850483
0.6324	0.847749
0.6348	0.84484
0.6372	0.84176
0.6396	0.838521
0.642	0.835138
0.6444	0.831634
0.6468	0.828038
0.6492	0.824384
0.6516	0.820715
0.654	0.817075
0.6564	0.813515
0.6588	0.810088
0.6612	0.806847
0.6636	0.803845
0.666	0.801133
0.6684	0.798755
0.6708	0.79675
0.6732	0.795148
0.6756	0.793969
0.678	0.793222
0.6804	0.792905
0.6828	0.793006
0.6852	0.793499
0.6876	0.794353
0.69	0.795524
0.6924	0.796962
0.6948	0.798614
0.6972	0.800424
0.6996	0.802334
0.702	0.804288
0.7044	0.806236
0.7068	0.808132
0.7092	0.809937
0.7116	0.811624
0.714	0.813172
0.7164	0.814571
0.7188	0.81582
0.7212	0.816928
0.7236	0.817909
0.726	0.818785
0.7284	0.819583
0.7308	0.820334
0.7332	0.821071
0.7356	0.821822
0.738	0.822621
0.7404	0.823497
0.7428	0.824476
0.7452	0.825586
0.7476	0.82684
0.75	0.828257
0.7524	0.829848
0.7548	0.83162
0.7572	0.833578
0.7596	0.835717
0.762	0.838036
0.7644	0.840531
0.7668	0.843195
0.7692	0.846013
0.7716	0.848974
0.774	0.852069
0.7764	0.855284
0.7788	0.858604
0.7812	0.862014
0.7836	0.865514
0.786	0.869079
0.7884	0.872708
0.7908	0.876386
0.7932	0.880115
0.7956	0.883881
0.798	0.887691
0.8004	0.891537
0.8028	0.895416
0.8052	0.899332
0.8076	0.90329
0.81	0.907286
0.8124	0.911303
0.8148	0.915343
0.8172	0.919403
0.8196	0.923477
0.822	0.927546
0.8244	0.931609
0.8268	0.935633
0.8292	0.939596
0.8316	0.943469
0.834	0.947228
0.8364	0.950862
0.8388	0.954311
0.8412	0.957547
0.8436	0.960539
0.846	0.963253
0.8484	0.965648
0.8508	0.967711
0.8532	0.969417
0.8556	0.970753
0.858	0.971676
0.8604	0.972226
0.8628	0.972337
0.8652	0.972006
0.8676	0.971251
0.87	0.970067
0.8724	0.968509
0.8748	0.966528
0.8772	0.964166
0.8796	0.961449
0.882	0.958391
0.8844	0.955003
0.8868	0.951328
0.8892	0.947344
0.8916	0.943128
0.894	0.938688
0.8964	0.934085
0.8988	0.929312
0.9012	0.924437
0.9036	0.919456
0.906	0.914447
0.9084	0.909401
0.9108	0.904345
0.9132	0.89935
0.9156	0.894464
0.918	0.8897
0.9204	0.885123
0.9228	0.880736
0.9252	0.876577
0.9276	0.872699
0.93	0.869041
0.9324	0.865703
0.9348	0.862653
0.9372	0.859932
0.9396	0.857519
0.942	0.855471
0.9444	0.853822
0.9468	0.852493
0.9492	0.851518
0.9516	0.850892
0.954	0.850744
0.9564	0.850863
0.9588	0.851358
0.9612	0.852194
0.9636	0.853247
0.966	0.85463
0.9684	0.856168
0.9708	0.858025
0.9732	0.860099
0.9756	0.862453
0.978	0.864893
0.9804	0.867642
0.9828	0.870493
0.9852	0.873532
0.9876	0.876558
0.99	0.879766
0.9924	0.883053
0.9948	0.886321
0.9972	0.88981
0.9996	0.893165
1.002	0.896866
1.0044	0.900294
1.0068	0.903603
1.0092	0.906822
1.0116	0.910347
1.014	0.913724
1.0164	0.916826
1.0188	0.91971
1.0212	0.92264
1.0236	0.925133
1.026	0.927689
1.0284	0.929953
1.0308	0.932485
1.0332	0.934325
1.0356	0.93592
1.038	0.93739
1.0404	0.938782
1.0428	0.939442
1.0452	0.939847
1.0476	0.940293
1.05	0.94026
1.0524	0.940321
1.0548	0.939809
1.0572	0.938817
1.0596	0.937966
1.062	0.936708
1.0644	0.935325
1.0668	0.933587
1.0692	0.931633
1.0716	0.929239
1.074	0.926871
1.0764	0.924403
1.0788	0.922391
1.0812	0.919537
1.0836	0.917117
1.086	0.91404
1.0884	0.91126
1.0908	0.9082
1.0932	0.905369
1.0956	0.902592
1.098	0.899548
1.1004	0.896611
1.1028	0.893709
1.1052	0.890969
1.1076	0.889556
1.11	0.887113
1.1124	0.884761
1.1148	0.882644
1.1172	0.881092
1.1196	0.879333
1.122	0.878582
1.1244	0.878653
1.1268	0.877464
1.1292	0.877653
1.1316	0.87697
1.134	0.876608
1.1364	0.876402
1.1388	0.876285
1.1412	0.876429
1.1436	0.876545
1.146	0.876941
1.1484	0.878712
1.1508	0.879942
1.1532	0.881356
1.1556	0.882149
1.158	0.883274
1.1604	0.884386
1.1628	0.885615
1.1652	0.886868
1.1676	0.888062
1.17	0.89
1.1724	0.892857
1.1748	0.894045
1.1772	0.897872
1.1796	0.900212
1.182	0.902323
1.1844	0.903448
1.1868	0.905732
1.1892	0.908004
1.1916	0.910251
1.194	0.912149
1.1964	0.91308
1.1988	0.915026
1.2012	0.91691
1.2036	0.919835
1.206	0.92039
1.2084	0.920802
1.2108	0.922274
1.2132	0.922682
1.2156	0.922587
1.218	0.923305
1.2204	0.925318
1.2228	0.925684
1.2252	0.925053
1.2276	0.924264
1.23	0.923321
1.2324	0.922065
1.2348	0.922125
1.2372	0.92059
1.2396	0.918878
1.242	0.916962
1.2444	0.916348
1.2468	0.918582
1.2492	0.916221
1.2516	0.913739
1.254	0.911391
1.2564	0.908679
1.2588	0.906961
1.2612	0.903731
1.2636	0.900274
1.266	0.898558
1.2684	0.894841
1.2708	0.891013
1.2732	0.89087
1.2756	0.888437
1.278	0.886109
1.2804	0.882064
1.2828	0.877928
1.2852	0.873572
1.2876	0.869516
1.29	0.865089
1.2924	0.860295
1.2948	0.855655
1.2972	0.852533
1.2996	0.847885
1.302	0.842728
1.3044	0.83791
1.3068	0.834191
1.3092	0.828762
1.3116	0.825934
1.314	0.824449
1.3164	0.819416
1.3188	0.819108
1.3212	0.814262
1.3236	0.809823
1.326	0.804845
1.3284	0.800079
1.3308	0.797575
1.3332	0.795193
1.3356	0.790076
1.338	0.790815
1.3404	0.786769
1.3428	0.782724
1.3452	0.778767
1.3476	0.774845
1.35	0.77301
1.3524	0.769142
1.3548	0.765065
1.3572	0.761807
1.3596	0.757491
1.362	0.753128
1.3644	0.749006
1.3668	0.747756
1.3692	0.744187
1.3716	0.743878
1.374	0.743326
1.3764	0.740528
1.3788	0.740178
1.3812	0.737441
1.3836	0.734094
1.386	0.734833
1.3884	0.73197
1.3908	0.733404
1.3932	0.736153
1.3956	0.732562
1.398	0.734626
1.4004	0.736592
1.4028	0.740825
1.4052	0.7399
1.4076	0.738158
1.41	0.740615
1.4124	0.738783
1.4148	0.737701
1.4172	0.737031
1.4196	0.740162
1.422	0.738878
1.4244	0.73963
1.4268	0.739014
1.4292	0.738352
1.4316	0.738106
1.434	0.740636
1.4364	0.741321
1.4388	0.742562
1.4412	0.742814
1.4436	0.743257
1.446	0.752272
1.4484	0.756697
1.4508	0.757348
1.4532	0.75907
1.4556	0.761207
1.458	0.760942
1.4604	0.765845
1.4628	0.767558
1.4652	0.769062
1.4676	0.77075
1.47	0.772557
1.4724	0.775001
1.4748	0.776362
1.4772	0.776514
1.4796	0.779087
1.482	0.7817
1.4844	0.783142
1.4868	0.785201
1.4892	0.783682
1.4916	0.787166
1.494	0.78954
1.4964	0.793251
1.4988	0.79592
1.5012	0.796823
1.5036	0.795892
1.506	0.795133
1.5084	0.795452
1.5108	0.795513
1.5132	0.799384
1.5156	0.808475
1.518	0.812093
1.5204	0.815252
1.5228	0.832962
1.5252	0.842192
1.5276	0.844856
1.53	0.846507
1.5324	0.848242
1.5348	0.855284
1.5372	0.857667
1.5396	0.862946
1.542	0.874385
1.5444	0.879587
1.5468	0.884787
1.5492	0.888899
1.5516	0.897373
1.554	0.892483
1.5564	0.895429
1.5588	0.890391
1.5612	0.888503
1.5636	0.891143
1.566	0.896399
1.5684	0.898961
1.5708	0.900631
1.5732	0.902568
1.5756	0.905015
1.578	0.910439
1.5804	0.910634
1.5828	0.908106
1.5852	0.901802
1.5876	0.902874
1.59	0.9076
1.5924	0.911195
1.5948	0.917884
1.5972	0.920523
1.5996	0.919574
1.602	0.918102
1.6044	0.912813
1.6068	0.92601
1.6092	0.938348
1.6116	0.940366
1.614	0.941584
1.6164	0.93776
1.6188	0.940715
1.6212	0.945063
1.6236	0.948537
1.626	0.943796
1.6284	0.941599
1.6308	0.928291
1.6332	0.942399
1.6356	0.947474
1.638	0.947852
1.6404	0.9529
1.6428	0.945733
1.6452	0.950926
1.6476	0.941417
1.65	0.94326
1.6524	0.94173
1.6548	0.924063
1.6572	0.932497
1.6596	0.938947
1.662	0.941213
1.6644	0.946399
1.6668	0.961516
1.6692	0.959745
1.6716	0.961819
1.674	0.960252
1.6764	0.965449
1.6788	0.957366
1.6812	0.956683
1.6836	0.960567
1.686	0.954703
1.6884	0.958345
1.6908	0.948841
1.6932	0.935897
1.6956	0.921778
1.698	0.921915
1.7004	0.906341
1.7028	0.90424
1.7052	0.901382
1.7076	0.899144
1.71	0.897519
1.7124	0.903277
1.7148	0.882538
1.7172	0.886714
1.7196	0.86483
1.722	0.863298
1.7244	0.865867
1.7268	0.868049
1.7292	0.865162
1.7316	0.863872
1.734	0.849229
1.7364	0.852467
1.7388	0.852316
1.7412	0.856924
1.7436	0.854249
1.746	0.862763
1.7484	0.850563
1.7508	0.84721
1.7532	0.83667
1.7556	0.822191
1.758	0.827079
1.7604	0.812169
1.7628	0.816886
1.7652	0.816266
1.7676	0.798979
1.77	0.798037
1.7724	0.781486
1.7748	0.767971
1.7772	0.753829
1.7796	0.737314
1.782	0.736045
1.7844	0.703278
1.7868	0.702452
1.7892	0.70699
1.7916	0.68572
1.794	0.6904
1.7964	0.695021
1.7988	0.698678
1.8012	0.684671
1.8036	0.702616
1.806	0.704758
1.8084	0.705819
1.8108	0.709133
1.8132	0.709977
1.8156	0.692334
1.818	0.695128
1.8204	0.694477
1.8228	0.700617
1.8252	0.707224
1.8276	0.66521
1.83	0.645893
1.8324	0.646861
1.8348	0.649516
1.8372	0.650771
1.8396	0.651601
1.842	0.626087
1.8444	0.629795
1.8468	0.634278
1.8492	0.638863
1.8516	0.652686
1.854	0.660241
1.8564	0.664564
1.8588	0.670764
1.8612	0.672426
1.8636	0.677547
1.866	0.689449
1.8684	0.692503
1.8708	0.699347
1.8732	0.70211
1.8756	0.705871
1.878	0.729004
1.8804	0.737323
1.8828	0.743492
1.8852	0.758228
1.8876	0.765356
1.89	0.770277
1.8924	0.777182
1.8948	0.777739
1.8972	0.739341
1.8996	0.758657
1.902	0.774734
1.9044	0.693427
1.9068	0.659302
1.9092	0.666647
1.9116	0.671583
1.914	0.673622
1.9164	0.635559
1.9188	0.646284
1.9212	0.654101
1.9236	0.616444
1.926	0.629037
1.9284	0.630937
1.9308	0.64064
1.9332	0.594023
1.9356	0.597193
1.938	0.606957
1.9404	0.621053
1.9428	0.628826
1.9452	0.636709
1.9476	0.638759
1.95	0.641336
1.9524	0.646839
1.9548	0.660641
1.9572	0.676522
1.9596	0.684478
1.962	0.689079
1.9644	0.692419
1.9668	0.69845
1.9692	0.70401
1.9716	0.712646
1.974	0.728363
1.9764	0.737545
1.9788	0.679174
1.9812	0.682155
1.9836	0.681436
1.986	0.68392
1.9884	0.616468
1.9908	0.548983
1.9932	0.557282
1.9956	0.563865
1.998	0.576739
2.0004	0.58846
2.0028	0.589814
2.0052	0.608495
2.0076	0.602238
2.01	0.607895
2.0124	0.615921
2.0148	0.531497
2.0172	0.533192
2.0196	0.547004
2.022	0.551132
2.0244	0.56352
2.0268	0.579361
2.0292	0.595259
2.0316	0.599167
2.034	0.597219
2.0364	0.605227
2.0388	0.613466
2.0412	0.406782
2.0436	0.404486
2.046	0.408194
2.0484	0.297833
2.0508	0.301257
2.0532	0.30601
2.0556	0.320422
2.058	0.324235
2.0604	0.330806
2.0628	0.344557
2.0652	0.348804
2.0676	0.353802
2.07	0.362149
2.0724	0.370848
2.0748	0.383269
2.0772	0.396691
2.0796	0.407701
2.082	0.409091
2.0844	0.415599
2.0868	0.431233
2.0892	0.449001
2.0916	0.466992
2.094	0.486356
2.0964	0.514986
2.0988	0.513743
2.1012	0.531382
2.1036	0.566918
2.106	0.584504
2.1084	0.604963
2.1108	0.612485
2.1132	0.623102
2.1156	0.62448
2.118	0.659963
2.1204	0.68539
2.1228	0.756948
2.1252	0.775123
2.1276	0.812698
2.13	0.867692
2.1324	0.868573
2.1348	0.910867
2.1372	0.911663
2.1396	0.932482
2.142	0.954098
2.1444	1.00419
2.1468	1.00481
2.1492	1.12034
2.1516	1.1206
2.154	1.12089
2.1564	1.12121
2.1588	1.18146
2.1612	1.2389
2.1636	0.917808
2.166	0.9788
2.1684	0.97861
2.1708	0.978438
2.1732	1.01829
2.1756	1.01801
2.178	1.01775
2.1804	1.05979
2.1828	1.14597
2.1852	0.542346
2.1876	0.56756
2.19	0.590067
2.1924	0.619222
2.1948	0.61931
2.1972	0.619407
2.1996	0.678972
2.202	0.678952
2.2044	0.709236
2.2068	0.709164
2.2092	0.748915
2.2116	0.7849
2.214	0.784675
2.2164	0.784457
2.2188	0.770885
2.2212	0.815715
2.2236	0.85665
2.226	0.85626
2.2284	0.855876
2.2308	0.971312
2.2332	0.970695
2.2356	1.0397
2.238	1.03893
2.2404	1.01971
2.2428	1.01894
2.2452	1.01817
2.2476	1.01741
2.25	1.01665
2.2524	1.0159
2.2548	1.01515
2.2572	1.08667
2.2596	1.0858
2.262	1.37833e-20
2.2644	1.46524e-20
2.2668	1.56336e-20
2.2692	1.67416e-20
2.2716	1.67631e-20
2.274	1.80277e-20
2.2764	2.15404e-20
2.2788	2.73266e-20
2.2812	2.7352e-20
2.2836	2.7378e-20
2.286	2.74047e-20
2.2884	3.49382e-20
2.2908	3.49649e-20
2.2932	3.49923e-20
2.2956	3.50204e-20
2.298	3.50491e-20
2.3004	3.50786e-20
2.3028	4.03178e-20
2.3052	4.03484e-20
2.3076	4.03798e-20
2.31	4.04118e-20
2.3124	5.90614e-20
2.3148	5.90911e-20
2.3172	5.91217e-20
2.3196	5.9153e-20
2.322	5.91851e-20
2.3244	7.3719e-20
2.3268	7.37466e-20
2.3292	7.37751e-20
2.3316	7.38043e-20
2.334	7.38343e-20
2.3364	7.38651e-20
2.3388	7.38967e-20
2.3412	7.3929e-20
2.3436	9.99364e-20
2.346	9.99629e-20
2.3484	9.99901e-20
2.3508	1.00018e-19
2.3532	1.00047e-19
2.3556	1.00077e-19
2.358	1.00107e-19
2.3604	1.00138e-19
2.3628	1.0017e-19
2.3652	1.00203e-19
2.3676	1.00237e-19
2.37	1.41619e-19
2.3724	1.41649e-19
2.3748	1.4168e-19
2.3772	1.41712e-19
2.3796	2.06659e-19
2.382	2.06676e-19
2.3844	2.06695e-19
2.3868	2.06714e-19
2.3892	2.06734e-19
2.3916	2.06756e-19
2.394	2.06778e-19
2.3964	2.06801e-19
2.3988	2.06825e-19



0.0012	0.546043
0.0036	0.580905
0.006	0.617724
0.0084	0.656474
0.0108	0.696742
0.0132	0.738587
0.0156	0.782468
0.018	0.82802
0.0204	0.8751
0.0228	0.923871
0.0252	0.974076
0.0276	1.02569
0.03	1.07858
0.0324	1.13256
0.0348	1.18742
0.0372	1.24294
0.0396	1.29888
0.042	1.35495
0.0444	1.41084
0.0468	1.46623
0.0492	1.52078
0.0516	1.57412
0.054	1.62587
0.0564	1.67566
0.0588	1.72313
0.0612	1.76791
0.0636	1.80966
0.066	1.84808
0.0684	1.88291
0.0708	1.9139
0.0732	1.94089
0.0756	1.96374
0.078	1.98238
0.0804	1.99681
0.0828	2.00705
0.0852	2.01319
0.0876	2.01538
0.09	2.01378
0.0924	2.00862
0.0948	2.00014
0.0972	1.98859
0.0996	1.97426
0.102	1.95743
0.1044	1.9384
0.1068	1.91744
0.1092	1.89483
0.1116	1.87084
0.114	1.84572
0.1164	1.8197
0.1188	1.793
0.1212	1.76581
0.1236	1.73831
0.126	1.71066
0.1284	1.68299
0.1308	1.65542
0.1332	1.62806
0.1356	1.60099
0.138	1.57429
0.1404	1.548
0.1428	1.52219
0.1452	1.49687
0.1476	1.47209
0.15	1.44785
0.1524	1.42416
0.1548	1.40103
0.1572	1.37845
0.1596	1.35642
0.162	1.33493
0.1644	1.31397
0.1668	1.29351
0.1692	1.27356
0.1716	1.25408
0.174	1.23507
0.1764	1.21651
0.1788	1.19839
0.1812	1.18069
0.1836	1.16341
0.186	1.14652
0.1884	1.13004
0.1908	1.11394
0.1932	1.09823
0.1956	1.08291
0.198	1.06799
0.2004	1.05345
0.2028	1.03932
0.2052	1.02559
0.2076	1.01228
0.21	0.999394
0.2124	0.986946
0.2148	0.974949
0.2172	0.963414
0.2196	0.952355
0.222	0.941784
0.2244	0.931714
0.2268	0.922157
0.2292	0.913126
0.2316	0.90463
0.234	0.89668
0.2364	0.889285
0.2388	0.882452
0.2412	0.876189
0.2436	0.870499
0.246	0.865387
0.2484	0.860856
0.2508	0.856906
0.2532	0.853539
0.2556	0.850752
0.258	0.848544
0.2604	0.84691
0.2628	0.845846
0.2652	0.845348
0.2676	0.845407
0.27	0.846018
0.2724	0.847172
0.2748	0.84886
0.2772	0.851074
0.2796	0.853802
0.282	0.857034
0.2844	0.860759
0.2868	0.864965
0.2892	0.869639
0.2916	0.874766
0.294	0.880333
0.2964	0.886323
0.2988	0.892719
0.3012	0.899503
0.3036	0.906655
0.306	0.914155
0.3084	0.921978
0.3108	0.930101
0.3132	0.938499
0.3156	0.947143
0.318	0.956006
0.3204	0.965057
0.3228	0.974266
0.3252	0.983601
0.3276	0.993031
0.33	1.00252
0.3324	1.01205
0.3348	1.02157
0.3372	1.0312
0.3396	1.04062
0.342	1.04995
0.3444	1.05916
0.3468	1.06821
0.3492	1.07708
0.3516	1.08574
0.354	1.09414
0.3564	1.10226
0.3588	1.11007
0.3612	1.11751
0.3636	1.12456
0.366	1.13119
0.3684	1.13731
0.3708	1.1429
0.3732	1.14792
0.3756	1.15232
0.378	1.15606
0.3804	1.15912
0.3828	1.16143
0.3852	1.163
0.3876	1.1638
0.39	1.16384
0.3924	1.16311
0.3948	1.16164
0.3972	1.15947
0.3996	1.15663
0.402	1.15317
0.4044	1.14916
0.4068	1.14465
0.4092	1.13974
0.4116	1.13447
0.414	1.12892
0.4164	1.12315
0.4188	1.11723
0.4212	1.11119
0.4236	1.10508
0.426	1.09894
0.4284	1.09276
0.4308	1.08657
0.4332	1.08036
0.4356	1.07413
0.438	1.06785
0.4404	1.06151
0.4428	1.05508
0.4452	1.04855
0.4476	1.0419
0.45	1.03511
0.4524	1.02817
0.4548	1.02109
0.4572	1.01387
0.4596	1.00652
0.462	0.99908
0.4644	0.991568
0.4668	0.984023
0.4692	0.976484
0.4716	0.968993
0.474	0.961594
0.4764	0.954327
0.4788	0.947231
0.4812	0.940341
0.4836	0.933685
0.486	0.927288
0.4884	0.921166
0.4908	0.915327
0.4932	0.909782
0.4956	0.904528
0.498	0.899558
0.5004	0.894866
0.5028	0.89044
0.5052	0.886267
0.5076	0.882337
0.51	0.878639
0.5124	0.875165
0.5148	0.871911
0.5172	0.868878
0.5196	0.866071
0.522	0.8635
0.5244	0.86118
0.5268	0.859131
0.5292	0.857379
0.5316	0.855951
0.534	0.854879
0.5364	0.854196
0.5388	0.853937
0.5412	0.854135
0.5436	0.854824
0.546	0.856035
0.5484	0.857797
0.5508	0.860134
0.5532	0.863065
0.5556	0.866607
0.558	0.870766
0.5604	0.875547
0.5628	0.880945
0.5652	0.88695
0.5676	0.893544
0.57	0.900704
0.5724	0.908397
0.5748	0.916585
0.5772	0.925224
0.5796	0.934262
0.582	0.943644
0.5844	0.953304
0.5868	0.963176
0.5892	0.973189
0.5916	0.983266
0.594	0.993328
0.5964	1.0033
0.5988	1.01309
0.6012	1.02263
0.6036	1.03183
0.606	1.04063
0.6084	1.04894
0.6108	1.0567
0.6132	1.06385
0.6156	1.07034
0.618	1.07611
0.6204	1.08115
0.6228	1.08541
0.6252	1.0889
0.6276	1.09159
0.63	1.09351
0.6324	1.09467
0.6348	1.09509
0.6372	1.09482
0.6396	1.09391
0.642	1.09239
0.6444	1.09035
0.6468	1.08783
0.6492	1.08491
0.6516	1.08167
0.654	1.07816
0.6564	1.07448
0.6588	1.07066
0.6612	1.0668
0.6636	1.06294
0.666	1.05915
0.6684	1.05549
0.6708	1.05199
0.6732	1.04871
0.6756	1.04566
0.678	1.0429
0.6804	1.04043
0.6828	1.03827
0.6852	1.03644
0.6876	1.03494
0.69	1.03375
0.6924	1.03289
0.6948	1.03232
0.6972	1.03205
0.6996	1.03205
0.702	1.0323
0.7044	1.03277
0.7068	1.03342
0.7092	1.03423
0.7116	1.03517
0.714	1.0362
0.7164	1.03728
0.7188	1.03839
0.7212	1.03949
0.7236	1.04054
0.726	1.04153
0.7284	1.0424
0.7308	1.04315
0.7332	1.04372
0.7356	1.04412
0.738	1.04432
0.7404	1.04428
0.7428	1.044
0.7452	1.04349
0.7476	1.0427
0.75	1.04165
0.7524	1.04033
0.7548	1.03876
0.7572	1.03691
0.7596	1.03479
0.762	1.03245
0.7644	1.02989
0.7668	1.02709
0.7692	1.02413
0.7716	1.02096
0.774	1.01765
0.7764	1.0142
0.7788	1.01066
0.7812	1.00705
0.7836	1.00339
0.786	0.99971
0.7884	0.996104
0.7908	0.992505
0.7932	0.989032
0.7956	0.985613
0.798	0.982332
0.8004	0.979215
0.8028	0.976358
0.8052	0.973642
0.8076	0.97116
0.81	0.968926
0.8124	0.966998
0.8148	0.965374
0.8172	0.964068
0.8196	0.963092
0.822	0.962459
0.8244	0.962202
0.8268	0.96231
0.8292	0.962786
0.8316	0.963651
0.834	0.964906
0.8364	0.966558
0.8388	0.968896
0.8412	0.971344
0.8436	0.974228
0.846	0.977478
0.8484	0.981107
0.8508	0.985133
0.8532	0.989511
0.8556	0.99429
0.858	0.999384
0.8604	1.00508
0.8628	1.01091
0.8652	1.01704
0.8676	1.02375
0.87	1.03055
0.8724	1.0376
0.8748	1.04494
0.8772	1.05252
0.8796	1.06036
0.882	1.06844
0.8844	1.07673
0.8868	1.08518
0.8892	1.09379
0.8916	1.10258
0.894	1.11144
0.8964	1.12126
0.8988	1.13032
0.9012	1.1394
0.9036	1.1486
0.906	1.1578
0.9084	1.16698
0.9108	1.17611
0.9132	1.18514
0.9156	1.19414
0.918	1.203
0.9204	1.21165
0.9228	1.22093
0.9252	1.23011
0.9276	1.23833
0.93	1.24628
0.9324	1.25415
0.9348	1.26155
0.9372	1.26888
0.9396	1.27575
0.942	1.28242
0.9444	1.28872
0.9468	1.29477
0.9492	1.30041
0.9516	1.30684
0.954	1.31193
0.9564	1.3167
0.9588	1.32111
0.9612	1.32516
0.9636	1.32884
0.966	1.33211
0.9684	1.3365
0.9708	1.33934
0.9732	1.34186
0.9756	1.34382
0.978	1.3455
0.9804	1.3469
0.9828	1.34808
0.9852	1.34875
0.9876	1.35081
0.99	1.35122
0.9924	1.35117
0.9948	1.3508
0.9972	1.35035
0.9996	1.3492
1.002	1.34793
1.0044	1.34651
1.0068	1.34458
1.0092	1.3426
1.0116	1.34036
1.014	1.33789
1.0164	1.33506
1.0188	1.33221
1.0212	1.33119
1.0236	1.328
1.026	1.32413
1.0284	1.32017
1.0308	1.31585
1.0332	1.31161
1.0356	1.30702
1.038	1.3022
1.0404	1.29687
1.0428	1.29132
1.0452	1.28608
1.0476	1.28032
1.05	1.27439
1.0524	1.2685
1.0548	1.26214
1.0572	1.2555
1.0596	1.24922
1.062	1.24255
1.0644	1.23909
1.0668	1.23263
1.0692	1.22609
1.0716	1.21995
1.074	1.21341
1.0764	1.20679
1.0788	1.20045
1.0812	1.19774
1.0836	1.19185
1.086	1.18578
1.0884	1.17904
1.0908	1.17231
1.0932	1.16596
1.0956	1.15985
1.098	1.15385
1.1004	1.15156
1.1028	1.14652
1.1052	1.14136
1.1076	1.13643
1.11	1.13193
1.1124	1.12705
1.1148	1.12267
1.1172	1.11817
1.1196	1.1138
1.122	1.11
1.1244	1.1054
1.1268	1.10134
1.1292	1.09812
1.1316	1.0954
1.134	1.09152
1.1364	1.08823
1.1388	1.08573
1.1412	1.08386
1.1436	1.08762
1.146	1.08613
1.1484	1.08411
1.1508	1.08303
1.1532	1.08175
1.1556	1.08146
1.158	1.08048
1.1604	1.08012
1.1628	1.08047
1.1652	1.08005
1.1676	1.07927
1.17	1.07962
1.1724	1.08009
1.1748	1.08072
1.1772	1.08115
1.1796	1.08212
1.182	1.08314
1.1844	1.08483
1.1868	1.08618
1.1892	1.09528
1.1916	1.09513
1.194	1.09696
1.1964	1.09802
1.1988	1.09783
1.2012	1.1002
1.2036	1.11155
1.206	1.11443
1.2084	1.11517
1.2108	1.11649
1.2132	1.11852
1.2156	1.11985
1.218	1.12265
1.2204	1.1358
1.2228	1.13648
1.2252	1.1395
1.2276	1.14096
1.23	1.14115
1.2324	1.14392
1.2348	1.14665
1.2372	1.14833
1.2396	1.15103
1.242	1.15357
1.2444	1.15616
1.2468	1.1575
1.2492	1.15873
1.2516	1.16108
1.254	1.16223
1.2564	1.16337
1.2588	1.177
1.2612	1.17598
1.2636	1.17817
1.266	1.18022
1.2684	1.17986
1.2708	1.18032
1.2732	1.18084
1.2756	1.18273
1.278	1.18438
1.2804	1.18466
1.2828	1.1821
1.2852	1.18234
1.2876	1.1823
1.29	1.18365
1.2924	1.18492
1.2948	1.18622
1.2972	1.1876
1.2996	1.18905
1.302	1.18882
1.3044	1.18524
1.3068	1.18683
1.3092	1.18832
1.3116	1.1887
1.314	1.19027
1.3164	1.19182
1.3188	1.19024
1.3212	1.19172
1.3236	1.19052
1.326	1.19075
1.3284	1.19101
1.3308	1.1891
1.3332	1.19085
1.3356	1.19076
1.338	1.19317
1.3404	1.1915
1.3428	1.18966
1.3452	1.19
1.3476	1.19207
1.35	1.19226
1.3524	1.19295
1.3548	1.19401
1.3572	1.19639
1.3596	1.1989
1.362	1.20149
1.3644	1.20233
1.3668	1.20258
1.3692	1.20548
1.3716	1.20552
1.374	1.20882
1.3764	1.21207
1.3788	1.21263
1.3812	1.21345
1.3836	1.21431
1.386	1.21768
1.3884	1.21677
1.3908	1.21767
1.3932	1.21806
1.3956	1.2184
1.398	1.21982
1.4004	1.22295
1.4028	1.22348
1.4052	1.22767
1.4076	1.23062
1.41	1.23476
1.4124	1.23895
1.4148	1.24046
1.4172	1.24414
1.4196	1.24882
1.422	1.28786
1.4244	1.28592
1.4268	1.28734
1.4292	1.29155
1.4316	1.29292
1.434	1.29725
1.4364	1.30081
1.4388	1.30658
1.4412	1.3116
1.4436	1.31606
1.446	1.31563
1.4484	1.31748
1.4508	1.32321
1.4532	1.32273
1.4556	1.3266
1.458	1.32283
1.4604	1.32034
1.4628	1.3227
1.4652	1.32758
1.4676	1.32958
1.47	1.32975
1.4724	1.3312
1.4748	1.33385
1.4772	1.33641
1.4796	1.33721
1.482	1.3386
1.4844	1.34189
1.4868	1.33474
1.4892	1.33688
1.4916	1.33595
1.494	1.33663
1.4964	1.3373
1.4988	1.33725
1.5012	1.33548
1.5036	1.33013
1.506	1.32964
1.5084	1.32696
1.5108	1.33216
1.5132	1.33255
1.5156	1.32865
1.518	1.3275
1.5204	1.32765
1.5228	1.32489
1.5252	1.31911
1.5276	1.31348
1.53	1.31366
1.5324	1.31527
1.5348	1.31521
1.5372	1.32386
1.5396	1.32292
1.542	1.31511
1.5444	1.30924
1.5468	1.31261
1.5492	1.31354
1.5516	1.31022
1.554	1.30688
1.5564	1.30555
1.5588	1.30656
1.5612	1.30044
1.5636	1.2964
1.566	1.2852
1.5684	1.28683
1.5708	1.27882
1.5732	1.27452
1.5756	1.27591
1.578	1.27714
1.5804	1.27822
1.5828	1.26467
1.5852	1.25657
1.5876	1.25611
1.59	1.24706
1.5924	1.24098
1.5948	1.23229
1.5972	1.21064
1.5996	1.20825
1.602	1.21554
1.6044	1.20915
1.6068	1.20928
1.6092	1.21691
1.6116	1.20601
1.614	1.19118
1.6164	1.17641
1.6188	1.17278
1.6212	1.16279
1.6236	1.16249
1.626	1.16153
1.6284	1.15285
1.6308	1.14423
1.6332	1.13999
1.6356	1.13161
1.638	1.12623
1.6404	1.09426
1.6428	1.08398
1.6452	1.07533
1.6476	1.06674
1.65	1.05662
1.6524	1.04796
1.6548	1.03936
1.6572	1.00434
1.6596	0.994333
1.662	0.979674
1.6644	0.970081
1.6668	0.962199
1.6692	0.966713
1.6716	0.971129
1.674	0.966519
1.6764	0.957868
1.6788	0.90692
1.6812	0.913808
1.6836	0.910947
1.686	0.903017
1.6884	0.895153
1.6908	0.886842
1.6932	0.893648
1.6956	0.879719
1.698	0.876614
1.7004	0.873508
1.7028	0.865061
1.7052	0.856708
1.7076	0.848446
1.71	0.840276
1.7124	0.837722
1.7148	0.846508
1.7172	0.837908
1.7196	0.829417
1.722	0.775929
1.7244	0.768957
1.7268	0.762063
1.7292	0.759889
1.7316	0.758616
1.734	0.761256
1.7364	0.758992
1.7388	0.74575
1.7412	0.743463
1.7436	0.748247
1.746	0.740841
1.7484	0.739666
1.7508	0.738644
1.7532	0.744097
1.7556	0.741827
1.758	0.740735
1.7604	0.739796
1.7628	0.73192
1.7652	0.657865
1.7676	0.651904
1.77	0.641717
1.7724	0.635959
1.7748	0.635588
1.7772	0.636353
1.7796	0.54468
1.782	0.546787
1.7844	0.543105
1.7868	0.539491
1.7892	0.535946
1.7916	0.543352
1.794	0.544837
1.7964	0.541138
1.7988	0.435968
1.8012	0.449474
1.8036	0.44787
1.806	0.457552
1.8084	0.460704
1.8108	0.458921
1.8132	0.457184
1.8156	0.460501
1.818	0.458763
1.8204	0.457073
1.8228	0.455429
1.8252	0.453832
1.8276	0.452282
1.83	0.450778
1.8324	0.454685
1.8348	0.466763
1.8372	0.315029
1.8396	0.315921
1.842	0.316833
1.8444	0.321914
1.8468	0.322823
1.8492	0.323752
1.8516	0.3247
1.854	0.325667
1.8564	0.332194
1.8588	0.338936
1.8612	0.339863
1.8636	0.340808
1.866	0.353095
1.8684	0.360644
1.8708	0.38316
1.8732	0.383822
1.8756	0.384504
1.878	0.393322
1.8804	0.393969
1.8828	0.403137
1.8852	0.400495
1.8876	0.401096
1.89	0.409246
1.8924	0.40982
1.8948	0.410415
1.8972	0.420682
1.8996	0.4314
1.902	0.440861
1.9044	0.441286
1.9068	0.441731
1.9092	0.442198
1.9116	0.452339
1.914	0.47353
1.9164	0.473805
1.9188	0.499532
1.9212	0.499624
1.9236	0.499739
1.926	0.512663
1.9284	0.512712
1.9308	0.512785
1.9332	0.526557
1.9356	0.544255
1.938	0.544131
1.9404	0.544032
1.9428	0.543957
1.9452	0.543907
1.9476	0.543881
1.95	0.543879
1.9524	0.560088
1.9548	0.560014
1.9572	0.551827
1.9596	0.551749
1.962	0.551693
1.9644	0.55166
1.9668	0.55165
1.9692	0.551661
1.9716	0.551694
1.974	0.573207
1.9764	0.573156
1.9788	0.573126
1.9812	0.573119
1.9836	0.596974
1.986	0.596877
1.9884	0.596801
1.9908	0.596748
1.9932	0.642459
1.9956	0.668056
1.998	8.02943e-21
2.0004	8.08107e-21
2.0028	8.4784e-21
2.0052	8.91532e-21
2.0076	8.97126e-21
2.01	9.02834e-21
2.0124	9.0866e-21
2.0148	9.14603e-21
2.0172	9.20665e-21
2.0196	9.26849e-21
2.022	9.33156e-21
2.0244	1.0599e-20
2.0268	1.14059e-20
2.0292	1.14774e-20
2.0316	1.2417e-20
2.034	1.33243e-20
2.0364	1.34031e-20
2.0388	1.34834e-20
2.0412	1.35652e-20
2.0436	1.36485e-20
2.046	1.49775e-20
2.0484	1.50669e-20
2.0508	1.51579e-20
2.0532	1.83223e-20
2.0556	1.84226e-20
2.058	1.85247e-20
2.0604	2.05335e-20
2.0628	2.06426e-20
2.0652	2.07536e-20
2.0676	2.08665e-20
2.07	2.09814e-20
2.0724	2.81707e-20
2.0748	3.28852e-20
2.0772	3.30175e-20
2.0796	3.3152e-20
2.082	3.32888e-20
2.0844	3.34278e-20
2.0868	3.3569e-20
2.0892	4.19844e-20
2.0916	4.21306e-20
2.094	4.22791e-20
2.0964	4.243e-20
2.0988	4.25833e-20
2.1012	5.36266e-20
2.1036	5.37798e-20
2.106	5.39354e-20
2.1084	7.24281e-20
2.1108	7.25529e-20
2.1132	7.268e-20
2.1156	7.28092e-20
2.118	7.29407e-20
2.1204	7.30744e-20
2.1228	7.32104e-20
2.1252	7.33486e-20
2.1276	7.34891e-20
2.13	7.36318e-20
2.1324	7.37768e-20
2.1348	7.3924e-20
2.1372	7.40736e-20
2.1396	7.42254e-20
2.142	7.43795e-20
2.1444	7.4536e-20
2.1468	7.46947e-20
2.1492	1.19235e-19
2.1516	1.19358e-19
2.154	1.19483e-19
2.1564	1.1961e-19
2.1588	1.1974e-19
2.1612	1.19871e-19
2.1636	1.20005e-19
2.166	1.20141e-19
2.1684	1.2028e-19
2.1708	1.2042e-19
2.1732	1.20563e-19
2.1756	1.20707e-19
2.178	1.20855e-19
2.1804	2.1051e-19
2.1828	2.10556e-19
2.1852	2.10605e-19
2.1876	2.10655e-19
2.19	2.10707e-19
2.1924	2.10762e-19
2.1948	2.10818e-19
2.1972	2.10876e-19
2.1996	2.10936e-19
2.202	2.10998e-19
2.2044	2.11062e-19
2.2068	2.11128e-19
2.2092	2.11196e-19
2.2116	2.11266e-19
2.214	2.11338e-19
2.2164	2.11412e-19
2.2188	2.11488e-19
2.2212	2.11566e-19
2.2236	2.11645e-19
2.226	2.11727e-19
2.2284	2.11811e-19
2.2308	2.11896e-19
2.2332	2.11984e-19
2.2356	2.12074e-19
2.238	2.12165e-19
2.2404	2.12259e-19
2.2428	2.12355e-19
2.2452	2.12452e-19
2.2476	2.12552e-19
2.25	2.12653e-19
2.2524	2.12757e-19
2.2548	2.12863e-19
2.2572	2.1297e-19
2.2596	2.1308e-19
2.262	2.13192e-19
2.2644	2.13305e-19
2.2668	2.13421e-19
2.2692	2.13539e-19
2.2716	2.13658e-19
2.274	2.1378e-19
2.2764	2.13904e-19
2.2788	2.1403e-19
2.2812	2.14158e-19
2.2836	2.14287e-19
2.286	2.14419e-19
2.2884	2.14553e-19
2.2908	2.14689e-19
2.2932	2.14828e-19
2.2956	4.02423e-19
2.298	4.02618e-19
2.3004	4.02816e-19
2.3028	4.03019e-19
2.3052	4.03224e-19
2.3076	4.03434e-19
2.31	4.03647e-19
2.3124	4.03863e-19
2.3148	4.04083e-19
2.3172	4.04307e-19
2.3196	4.04534e-19
2.322	4.04764e-19
2.3244	4.04999e-19
2.3268	4.05237e-19
2.3292	4.05478e-19
2.3316	4.05723e-19
2.334	4.05972e-19
2.3364	4.06225e-19
2.3388	4.06481e-19
2.3412	4.0674e-19
2.3436	4.07004e-19
2.346	4.07271e-19
2.3484	4.07541e-19
2.3508	4.07816e-19
2.3532	4.08094e-19
2.3556	4.08375e-19
2.358	4.08661e-19
2.3604	4.0895e-19
2.3628	4.09243e-19
2.3652	4.09539e-19
2.3676	0.997306
2.37	0.997306
2.3724	0.997306
2.3748	0.997306
2.3772	0.997306
2.3796	0.997306
2.382	0.997306
2.3844	0.997306
2.3868	0.997306
2.3892	0.997306
2.3916	0.997306
2.394	0.997306
2.3964	0.997306
2.3988	0.997306
