0.00  9.00 |	0.38	538.26	1403	20356	1671	1285	2254
0.01  9.00 |	0.39	541.07	1403	20344	1666	1271	2235
0.02  9.00 |	0.39	541.94	1402	20343	1661	1268	2225
0.03  9.00 |	0.39	545.53	1401	20335	1650	1248	2197
0.04  9.00 |	0.40	555.08	1400	20313	1635	1228	2131
0.05  9.00 |	0.40	563.4	1396	20256	1607	1185	2063
0.06  9.00 |	0.41	565.95	1389	20209	1586	1169	2020
0.07  9.00 |	0.42	577.93	1381	20130	1559	1129	1919
0.08  9.00 |	0.42	582.89	1377	20077	1544	1113	1876
0.09  9.00 |	0.43	590.51	1377	20036	1519	1099	1834
0.10  9.00 |	0.43	593.42	1375	20004	1511	1089	1811
0.11  9.00 |	0.44	599.54	1369	19918	1480	1042	1757
0.12  9.00 |	0.44	603.3	1368	19890	1472	1032	1734
0.13  9.00 |	0.45	606.22	1362	19841	1455	1017	1698
0.14  9.00 |	0.45	611.96	1359	19782	1431	998	1659
0.15  9.00 |	0.45	615.7	1355	19719	1414	971	1627
0.16  9.00 |	0.47	624.03	1342	19572	1368	923	1544
0.17  9.00 |	0.47	628.93	1340	19535	1357	908	1515
0.18  9.00 |	0.48	634.97	1336	19481	1339	872	1475
0.19  9.00 |	0.48	638.33	1335	19416	1333	862	1457
0.20  9.00 |	0.48	639.86	1333	19389	1329	853	1444
0.21  9.00 |	0.48	641.6	1330	19342	1317	843	1427
0.22  9.00 |	0.49	643.85	1327	19299	1315	836	1408
0.23  9.00 |	0.49	644.99	1315	19211	1286	820	1366
0.24  9.00 |	0.49	643.2	1309	19165	1275	810	1355
0.25  9.00 |	0.50	646.25	1290	18906	1235	737	1285
0.26  9.00 |	0.50	644.76	1285	18876	1228	732	1276
0.27  9.00 |	0.50	647.81	1283	18822	1219	720	1258
0.28  9.00 |	0.51	649.86	1283	18784	1217	714	1250
0.29  9.00 |	0.51	650.03	1273	18689	1204	699	1220
0.30  9.00 |	0.51	650.03	1273	18689	1204	699	1220
0.31  9.00 |	0.51	647.32	1266	18641	1196	685	1210
0.32  9.00 |	0.52	648.34	1250	18476	1165	658	1160
0.33  9.00 |	0.52	647.73	1239	18385	1151	646	1131
0.34  9.00 |	0.52	646.28	1235	18331	1143	638	1125
0.35  9.00 |	0.53	645.65	1226	18236	1129	626	1102
0.36  9.00 |	0.53	644.29	1216	18110	1111	604	1079
0.37  9.00 |	0.53	640.31	1208	18045	1105	593	1071
0.38  9.00 |	0.54	645.49	1196	17832	1082	555	1020
0.39  9.00 |	0.54	644.06	1189	17756	1075	551	1006
0.40  9.00 |	0.54	644.25	1187	17723	1071	549	1000
0.41  9.00 |	0.54	643.74	1183	17682	1068	543	991
0.42  9.00 |	0.55	648.42	1181	17553	1050	536	970
0.43  9.00 |	0.55	645.21	1169	17433	1045	530	949
0.44  9.00 |	0.56	647.58	1155	17217	1016	491	905
0.45  9.00 |	0.57	646.93	1144	17055	996	472	879
0.46  9.00 |	0.57	647.08	1143	17026	995	471	876
0.47  9.00 |	0.57	648.01	1139	16956	986	467	863
0.48  9.00 |	0.57	647.51	1136	16901	981	465	857
0.49  9.00 |	0.57	647.84	1132	16823	975	455	846
0.50  9.00 |	0.57	646.86	1130	16792	974	453	844
0.51  9.00 |	0.58	647.06	1123	16632	960	441	826
0.52  9.00 |	0.58	647.06	1123	16620	959	440	826
0.53  9.00 |	0.58	646.2	1113	16477	944	424	804
0.54  9.00 |	0.58	643.81	1106	16403	929	416	794
0.55  9.00 |	0.58	643.71	1103	16373	929	412	787
0.56  9.00 |	0.58	640.5	1095	16232	921	408	777
0.57  9.00 |	0.59	628.65	1067	15896	895	381	744
0.58  9.00 |	0.59	629.7	1067	15874	892	377	741
0.59  9.00 |	0.59	629.7	1067	15874	892	377	741
0.60  9.00 |	0.59	627.23	1059	15781	884	369	729
0.61  9.00 |	0.59	626.96	1057	15722	880	359	725
0.62  9.00 |	0.59	626.96	1057	15706	879	359	725
0.63  9.00 |	0.60	610.58	1023	15285	846	327	691
0.64  9.00 |	0.60	607.68	1014	15136	831	320	678
0.65  9.00 |	0.60	599.9	994	14763	807	307	653
0.66  9.00 |	0.61	601.29	990	14663	798	301	640
0.67  9.00 |	0.61	601.4	984	14476	785	298	626
0.68  9.00 |	0.62	583.39	946	13906	739	272	588
0.69  9.00 |	0.62	574.33	926	13535	721	255	567
0.70  9.00 |	0.62	574.33	926	13529	721	255	567
0.71  9.00 |	0.62	564.07	905	13232	692	236	547
0.72  9.00 |	0.63	553.83	884	12976	677	222	527
0.73  9.00 |	0.63	543.67	869	12802	669	220	520
0.74  9.00 |	0.63	529.54	843	12506	654	205	499
0.75  9.00 |	0.63	522.43	832	12339	642	194	493
0.76  9.00 |	0.63	521.09	824	12164	632	188	479
0.77  9.00 |	0.64	512.46	801	11766	605	165	451
0.78  9.00 |	0.64	509.34	796	11717	603	163	448
0.79  9.00 |	0.64	505.86	792	11689	600	161	448
0.80  9.00 |	0.65	498.73	772	11361	582	149	423
0.81  9.00 |	0.65	494.74	766	11291	576	148	420
0.82  9.00 |	0.65	488.8	753	11083	561	142	407
0.83  9.00 |	0.66	491.67	749	10909	551	135	392
0.84  9.00 |	0.66	485.39	736	10712	540	130	380
0.85  9.00 |	0.66	476.9	719	10429	534	122	365
0.86  9.00 |	0.67	460.44	691	10078	518	112	346
0.87  9.00 |	0.67	442.67	664	9670	499	107	332
0.88  9.00 |	0.67	435.11	653	9503	492	101	327
0.89  9.00 |	0.67	426.23	637	9158	471	90	315
0.90  9.00 |	0.67	398.68	594	8704	443	72	291
0.91  9.00 |	0.68	358.73	531	7969	404	56	255
0.92  9.00 |	0.67	337.35	502	7560	378	50	245
0.93  9.00 |	0.67	331.12	494	7491	373	50	243
0.94  9.00 |	0.68	308.99	455	6882	339	44	215
0.95  9.00 |	0.68	290.77	428	6555	320	43	202
0.96  9.00 |	0.70	265.66	377	5566	263	35	158
0.97  9.00 |	0.71	224.9	316	4721	224	23	128
0.98  9.00 |	0.72	175.34	242	3549	159	15	92
0.99  9.00 |	0.72	111.34	154	2426	106	7	59

0.00  2.00 |	0.48	627.07	1306	19114	1287	856	1414
0.01  2.00 |	0.48	631.48	1306	19102	1282	842	1395
0.02  2.00 |	0.48	631.48	1306	19102	1282	842	1395
0.03  2.00 |	0.48	631.48	1306	19102	1282	842	1395
0.04  2.00 |	0.48	631.48	1306	19102	1282	842	1395
0.05  2.00 |	0.48	631.72	1306	19098	1281	833	1394
0.06  2.00 |	0.48	631.72	1306	19098	1281	833	1394
0.07  2.00 |	0.48	632.19	1306	19098	1281	833	1392
0.08  2.00 |	0.48	632.19	1306	19098	1281	833	1392
0.09  2.00 |	0.48	632.19	1306	19098	1281	833	1392
0.10  2.00 |	0.48	632.19	1306	19098	1281	833	1392
0.11  2.00 |	0.48	632.19	1306	19097	1281	833	1392
0.12  2.00 |	0.48	632.19	1306	19094	1281	829	1392
0.13  2.00 |	0.48	632.19	1306	19094	1281	829	1392
0.14  2.00 |	0.49	633.33	1305	19086	1276	814	1384
0.15  2.00 |	0.49	633.57	1305	19079	1275	809	1383
0.16  2.00 |	0.49	633.57	1305	19079	1275	809	1383
0.17  2.00 |	0.49	634.48	1304	19069	1273	801	1376
0.18  2.00 |	0.49	634.72	1304	19067	1271	798	1375
0.19  2.00 |	0.49	634.72	1304	19067	1271	798	1375
0.20  2.00 |	0.49	634.72	1304	19067	1271	798	1375
0.21  2.00 |	0.49	636.34	1302	19030	1267	792	1362
0.22  2.00 |	0.49	638	1301	19015	1266	788	1352
0.23  2.00 |	0.49	638.85	1294	18960	1252	779	1327
0.24  2.00 |	0.49	639.34	1294	18953	1252	778	1325
0.25  2.00 |	0.50	643.25	1283	18818	1228	729	1276
0.26  2.00 |	0.50	642.76	1280	18797	1222	727	1269
0.27  2.00 |	0.51	645.57	1278	18754	1213	717	1252
0.28  2.00 |	0.51	647.1	1278	18727	1211	711	1246
0.29  2.00 |	0.51	648.03	1269	18636	1199	696	1216
0.30  2.00 |	0.51	648.03	1269	18636	1199	696	1216
0.31  2.00 |	0.51	646.82	1265	18617	1195	683	1209
0.32  2.00 |	0.52	648.61	1250	18453	1164	656	1159
0.33  2.00 |	0.52	648	1239	18362	1150	644	1130
0.34  2.00 |	0.52	646.56	1235	18321	1143	637	1124
0.35  2.00 |	0.53	645.93	1226	18226	1129	625	1101
0.36  2.00 |	0.53	644.58	1216	18100	1111	603	1078
0.37  2.00 |	0.53	640.59	1208	18036	1105	592	1070
0.38  2.00 |	0.54	645.79	1196	17825	1082	554	1019
0.39  2.00 |	0.54	644.36	1189	17752	1075	551	1005
0.40  2.00 |	0.54	644.54	1187	17719	1071	549	999
0.41  2.00 |	0.54	644.04	1183	17680	1068	543	990
0.42  2.00 |	0.55	648.73	1181	17551	1050	536	969
0.43  2.00 |	0.55	645.52	1169	17432	1045	530	948
0.44  2.00 |	0.56	647.9	1155	17216	1016	491	904
0.45  2.00 |	0.57	647.25	1144	17054	996	472	878
0.46  2.00 |	0.57	647.4	1143	17025	995	471	875
0.47  2.00 |	0.57	648.34	1139	16955	986	467	862
0.48  2.00 |	0.57	647.84	1136	16900	981	465	856
0.49  2.00 |	0.57	648.17	1132	16822	975	455	845
0.50  2.00 |	0.57	647.19	1130	16791	974	453	843
0.51  2.00 |	0.58	647.06	1123	16632	960	441	826
0.52  2.00 |	0.58	647.06	1123	16620	959	440	826
0.53  2.00 |	0.58	646.2	1113	16477	944	424	804
0.54  2.00 |	0.58	643.81	1106	16403	929	416	794
0.55  2.00 |	0.58	643.71	1103	16373	929	412	787
0.56  2.00 |	0.58	640.5	1095	16232	921	408	777
0.57  2.00 |	0.59	628.65	1067	15896	895	381	744
0.58  2.00 |	0.59	629.7	1067	15874	892	377	741
0.59  2.00 |	0.59	629.7	1067	15874	892	377	741
0.60  2.00 |	0.59	627.23	1059	15781	884	369	729
0.61  2.00 |	0.59	626.96	1057	15722	880	359	725
0.62  2.00 |	0.59	626.96	1057	15706	879	359	725
0.63  2.00 |	0.60	610.58	1023	15285	846	327	691
0.64  2.00 |	0.60	607.68	1014	15136	831	320	678
0.65  2.00 |	0.60	599.9	994	14763	807	307	653
0.66  2.00 |	0.61	601.29	990	14663	798	301	640
0.67  2.00 |	0.61	601.4	984	14476	785	298	626
0.68  2.00 |	0.62	583.39	946	13906	739	272	588
0.69  2.00 |	0.62	574.33	926	13535	721	255	567
0.70  2.00 |	0.62	574.33	926	13529	721	255	567
0.71  2.00 |	0.62	564.07	905	13232	692	236	547
0.72  2.00 |	0.63	553.83	884	12976	677	222	527
0.73  2.00 |	0.63	543.67	869	12802	669	220	520
0.74  2.00 |	0.63	529.54	843	12506	654	205	499
0.75  2.00 |	0.63	522.43	832	12339	642	194	493
0.76  2.00 |	0.63	521.09	824	12164	632	188	479
0.77  2.00 |	0.64	512.46	801	11766	605	165	451
0.78  2.00 |	0.64	509.34	796	11717	603	163	448
0.79  2.00 |	0.64	505.86	792	11689	600	161	448
0.80  2.00 |	0.65	498.73	772	11361	582	149	423
0.81  2.00 |	0.65	494.74	766	11291	576	148	420
0.82  2.00 |	0.65	488.8	753	11083	561	142	407
0.83  2.00 |	0.66	491.67	749	10909	551	135	392
0.84  2.00 |	0.66	485.39	736	10712	540	130	380
0.85  2.00 |	0.66	476.9	719	10429	534	122	365
0.86  2.00 |	0.67	460.44	691	10078	518	112	346
0.87  2.00 |	0.67	442.67	664	9670	499	107	332
0.88  2.00 |	0.67	435.11	653	9503	492	101	327
0.89  2.00 |	0.67	426.23	637	9158	471	90	315
0.90  2.00 |	0.67	398.68	594	8704	443	72	291
0.91  2.00 |	0.68	358.73	531	7969	404	56	255
0.92  2.00 |	0.67	337.35	502	7560	378	50	245
0.93  2.00 |	0.67	331.12	494	7491	373	50	243
0.94  2.00 |	0.68	308.99	455	6882	339	44	215
0.95  2.00 |	0.68	290.77	428	6555	320	43	202
0.96  2.00 |	0.70	265.66	377	5566	263	35	158
0.97  2.00 |	0.71	224.9	316	4721	224	23	128
0.98  2.00 |	0.72	175.34	242	3549	159	15	92
0.99  2.00 |	0.72	111.34	154	2426	106	7	59

0.00  1.00 |	0.56	632.09	1119	16578	967	485	862
0.01  1.00 |	0.57	638.21	1119	16566	962	471	843
0.02  1.00 |	0.57	638.21	1119	16566	962	471	843
0.03  1.00 |	0.57	638.21	1119	16566	962	471	843
0.04  1.00 |	0.57	638.21	1119	16566	962	471	843
0.05  1.00 |	0.57	638.21	1119	16566	962	471	843
0.06  1.00 |	0.57	638.21	1119	16566	962	471	843
0.07  1.00 |	0.57	638.21	1119	16566	962	471	843
0.08  1.00 |	0.57	638.21	1119	16566	962	471	843
0.09  1.00 |	0.57	638.21	1119	16566	962	471	843
0.10  1.00 |	0.57	638.21	1119	16566	962	471	843
0.11  1.00 |	0.57	638.21	1119	16566	962	471	843
0.12  1.00 |	0.57	638.21	1119	16566	962	471	843
0.13  1.00 |	0.57	638.21	1119	16566	962	471	843
0.14  1.00 |	0.57	638.21	1119	16566	962	471	843
0.15  1.00 |	0.57	638.21	1119	16566	962	471	843
0.16  1.00 |	0.57	638.21	1119	16566	962	471	843
0.17  1.00 |	0.57	638.21	1119	16566	962	471	843
0.18  1.00 |	0.57	638.21	1119	16566	962	471	843
0.19  1.00 |	0.57	638.21	1119	16566	962	471	843
0.20  1.00 |	0.57	638.21	1119	16566	962	471	843
0.21  1.00 |	0.57	638.21	1119	16566	962	471	843
0.22  1.00 |	0.57	638.21	1119	16566	962	471	843
0.23  1.00 |	0.57	638.21	1119	16566	962	471	843
0.24  1.00 |	0.57	638.21	1119	16566	962	471	843
0.25  1.00 |	0.57	638.53	1119	16556	960	448	842
0.26  1.00 |	0.57	638.53	1119	16556	960	448	842
0.27  1.00 |	0.57	638.53	1119	16556	960	448	842
0.28  1.00 |	0.57	638.53	1119	16556	960	448	842
0.29  1.00 |	0.57	638.53	1119	16556	960	448	842
0.30  1.00 |	0.57	638.53	1119	16556	960	448	842
0.31  1.00 |	0.57	638.53	1119	16556	960	448	842
0.32  1.00 |	0.57	638.53	1119	16556	960	448	842
0.33  1.00 |	0.57	638.53	1119	16556	960	448	842
0.34  1.00 |	0.57	638.53	1119	16554	960	447	842
0.35  1.00 |	0.57	638.53	1119	16554	960	447	842
0.36  1.00 |	0.57	638.04	1118	16548	959	447	841
0.37  1.00 |	0.57	638.04	1118	16547	959	447	841
0.38  1.00 |	0.57	638.04	1118	16547	959	447	841
0.39  1.00 |	0.57	638.7	1116	16528	956	447	834
0.40  1.00 |	0.57	638.7	1116	16528	956	447	834
0.41  1.00 |	0.57	639.02	1116	16526	956	447	833
0.42  1.00 |	0.57	639.02	1116	16526	956	447	833
0.43  1.00 |	0.57	639.02	1116	16526	956	447	833
0.44  1.00 |	0.57	639.02	1116	16524	956	447	833
0.45  1.00 |	0.58	640.52	1113	16479	948	440	821
0.46  1.00 |	0.58	640.52	1113	16479	948	440	821
0.47  1.00 |	0.58	640.85	1113	16475	948	440	820
0.48  1.00 |	0.58	640.85	1113	16475	948	440	820
0.49  1.00 |	0.58	642.52	1113	16454	946	436	815
0.50  1.00 |	0.58	642.52	1113	16452	945	436	815
0.51  1.00 |	0.58	642.88	1111	16396	941	428	809
0.52  1.00 |	0.58	642.88	1111	16396	941	428	809
0.53  1.00 |	0.58	642.69	1103	16275	926	412	790
0.54  1.00 |	0.58	640.45	1097	16217	913	406	782
0.55  1.00 |	0.59	640.36	1094	16187	913	402	775
0.56  1.00 |	0.59	639.8	1090	16098	909	399	767
0.57  1.00 |	0.59	628.52	1066	15872	894	380	742
0.58  1.00 |	0.59	629.56	1066	15851	891	376	739
0.59  1.00 |	0.59	629.56	1066	15851	891	376	739
0.60  1.00 |	0.59	627.09	1058	15758	883	368	727
0.61  1.00 |	0.59	626.83	1056	15707	879	358	723
0.62  1.00 |	0.59	626.83	1056	15691	878	358	723
0.63  1.00 |	0.60	610.45	1022	15270	845	326	689
0.64  1.00 |	0.60	608.4	1014	15125	830	319	676
0.65  1.00 |	0.60	600.26	994	14757	806	306	652
0.66  1.00 |	0.61	601.66	990	14657	797	300	639
0.67  1.00 |	0.61	601.78	984	14470	784	297	625
0.68  1.00 |	0.62	583.39	946	13906	739	272	588
0.69  1.00 |	0.62	574.33	926	13535	721	255	567
0.70  1.00 |	0.62	574.33	926	13529	721	255	567
0.71  1.00 |	0.62	564.07	905	13232	692	236	547
0.72  1.00 |	0.63	553.83	884	12976	677	222	527
0.73  1.00 |	0.63	543.67	869	12802	669	220	520
0.74  1.00 |	0.63	529.54	843	12506	654	205	499
0.75  1.00 |	0.63	522.43	832	12339	642	194	493
0.76  1.00 |	0.63	521.09	824	12164	632	188	479
0.77  1.00 |	0.64	512.46	801	11766	605	165	451
0.78  1.00 |	0.64	509.34	796	11717	603	163	448
0.79  1.00 |	0.64	505.86	792	11689	600	161	448
0.80  1.00 |	0.65	498.73	772	11361	582	149	423
0.81  1.00 |	0.65	494.74	766	11291	576	148	420
0.82  1.00 |	0.65	488.8	753	11083	561	142	407
0.83  1.00 |	0.66	491.67	749	10909	551	135	392
0.84  1.00 |	0.66	485.39	736	10712	540	130	380
0.85  1.00 |	0.66	476.9	719	10429	534	122	365
0.86  1.00 |	0.67	460.44	691	10078	518	112	346
0.87  1.00 |	0.67	442.67	664	9670	499	107	332
0.88  1.00 |	0.67	435.11	653	9503	492	101	327
0.89  1.00 |	0.67	426.23	637	9158	471	90	315
0.90  1.00 |	0.67	398.68	594	8704	443	72	291
0.91  1.00 |	0.68	358.73	531	7969	404	56	255
0.92  1.00 |	0.67	337.35	502	7560	378	50	245
0.93  1.00 |	0.67	331.12	494	7491	373	50	243
0.94  1.00 |	0.68	308.99	455	6882	339	44	215
0.95  1.00 |	0.68	290.77	428	6555	320	43	202
0.96  1.00 |	0.70	265.66	377	5566	263	35	158
0.97  1.00 |	0.71	224.9	316	4721	224	23	128
0.98  1.00 |	0.72	175.34	242	3549	159	15	92
0.99  1.00 |	0.72	111.34	154	2426	106	7	59

