0.00  9.00 |	0.50	132	264	4078	348	264	427
0.01  9.00 |	0.50	132	264	4063	347	264	425
0.02  9.00 |	0.50	132	264	4063	346	264	421
0.03  9.00 |	0.50	133.01	264	4061	343	260	416
0.04  9.00 |	0.51	133.02	263	4056	339	257	404
0.05  9.00 |	0.51	132.29	260	4044	334	251	394
0.06  9.00 |	0.51	133.07	260	4035	331	248	382
0.07  9.00 |	0.51	133.6	260	4020	324	246	361
0.08  9.00 |	0.52	135.24	259	4001	321	237	352
0.09  9.00 |	0.52	135.24	259	3997	318	237	341
0.10  9.00 |	0.52	135.52	259	3992	313	236	337
0.11  9.00 |	0.54	137.27	254	3973	307	216	329
0.12  9.00 |	0.54	134.7	250	3962	305	214	327
0.13  9.00 |	0.54	135.87	250	3948	301	210	319
0.14  9.00 |	0.55	137.97	250	3929	297	203	312
0.15  9.00 |	0.56	138.7	249	3917	295	198	308
0.16  9.00 |	0.57	141.23	249	3890	287	190	294
0.17  9.00 |	0.58	143.52	249	3886	286	183	285
0.18  9.00 |	0.59	146.23	249	3871	281	175	278
0.19  9.00 |	0.59	146.3	247	3855	278	170	271
0.20  9.00 |	0.59	145.47	246	3847	278	170	270
0.21  9.00 |	0.59	142.98	243	3834	273	170	268
0.22  9.00 |	0.59	143.67	243	3829	272	168	266
0.23  9.00 |	0.59	143.54	242	3804	268	166	259
0.24  9.00 |	0.59	143.89	242	3791	266	165	257
0.25  9.00 |	0.62	149.78	242	3745	261	149	250
0.26  9.00 |	0.62	148.93	241	3741	260	149	247
0.27  9.00 |	0.62	147.6	239	3733	255	148	244
0.28  9.00 |	0.62	147.6	239	3725	254	148	241
0.29  9.00 |	0.63	151.11	239	3704	249	139	235
0.30  9.00 |	0.63	151.11	239	3704	249	139	235
0.31  9.00 |	0.63	150.25	238	3698	247	139	230
0.32  9.00 |	0.63	149.32	236	3661	245	137	221
0.33  9.00 |	0.63	148.39	234	3641	244	135	218
0.34  9.00 |	0.63	148.39	234	3634	244	135	214
0.35  9.00 |	0.64	149.56	233	3619	243	130	208
0.36  9.00 |	0.65	150.31	231	3606	241	124	206
0.37  9.00 |	0.65	149.44	230	3592	237	124	203
0.38  9.00 |	0.66	149.81	228	3555	233	119	197
0.39  9.00 |	0.66	149.36	227	3538	233	118	196
0.40  9.00 |	0.66	149.36	227	3535	231	118	193
0.41  9.00 |	0.66	150.23	227	3528	230	116	191
0.42  9.00 |	0.68	153.36	227	3491	228	109	185
0.43  9.00 |	0.68	153.84	226	3468	227	106	183
0.44  9.00 |	0.69	153.48	223	3418	221	101	180
0.45  9.00 |	0.69	151.25	220	3389	219	100	173
0.46  9.00 |	0.69	151.3	219	3385	218	98	173
0.47  9.00 |	0.69	149.96	217	3363	216	97	168
0.48  9.00 |	0.70	150.93	217	3354	215	95	165
0.49  9.00 |	0.70	152.39	217	3335	213	92	158
0.50  9.00 |	0.70	152.39	217	3329	213	92	158
0.51  9.00 |	0.71	151.64	214	3299	210	88	154
0.52  9.00 |	0.71	152.15	214	3298	210	87	153
0.53  9.00 |	0.71	152.65	214	3265	207	86	149
0.54  9.00 |	0.72	154.2	214	3245	207	83	146
0.55  9.00 |	0.72	154.2	214	3238	207	83	146
0.56  9.00 |	0.72	154.72	214	3220	205	82	144
0.57  9.00 |	0.72	150.75	208	3167	197	79	139
0.58  9.00 |	0.73	150.35	207	3160	196	78	138
0.59  9.00 |	0.73	150.35	207	3160	196	78	138
0.60  9.00 |	0.73	151.95	207	3138	195	75	136
0.61  9.00 |	0.73	151.95	207	3128	195	75	133
0.62  9.00 |	0.73	151.95	207	3128	195	75	133
0.63  9.00 |	0.76	154.13	204	3041	186	66	129
0.64  9.00 |	0.77	155.51	203	3011	185	62	124
0.65  9.00 |	0.77	153.26	200	2942	183	61	117
0.66  9.00 |	0.77	152.54	198	2917	181	59	115
0.67  9.00 |	0.77	151.24	196	2884	177	58	113
0.68  9.00 |	0.79	149.17	190	2799	166	52	112
0.69  9.00 |	0.79	142.44	181	2730	163	49	108
0.70  9.00 |	0.79	142.44	181	2730	163	49	108
0.71  9.00 |	0.81	145.29	180	2662	156	43	105
0.72  9.00 |	0.81	143.41	176	2597	152	40	104
0.73  9.00 |	0.82	142.14	174	2558	150	39	101
0.74  9.00 |	0.82	140.58	171	2504	146	37	93
0.75  9.00 |	0.83	139.03	168	2476	141	35	89
0.76  9.00 |	0.83	138.06	167	2439	141	35	87
0.77  9.00 |	0.83	134.87	163	2349	135	34	84
0.78  9.00 |	0.83	133.9	162	2336	134	34	83
0.79  9.00 |	0.82	130.02	158	2334	133	34	83
0.80  9.00 |	0.82	126.82	154	2272	128	33	81
0.81  9.00 |	0.83	126.54	153	2257	126	32	79
0.82  9.00 |	0.83	122.37	148	2214	124	31	76
0.83  9.00 |	0.83	120.14	145	2183	120	30	74
0.84  9.00 |	0.82	116.26	141	2137	120	30	73
0.85  9.00 |	0.83	113.75	137	2077	118	28	69
0.86  9.00 |	0.84	112.93	134	2002	111	25	68
0.87  9.00 |	0.85	109.48	129	1937	107	23	66
0.88  9.00 |	0.85	108.5	128	1900	100	23	65
0.89  9.00 |	0.87	109.27	125	1839	96	18	62
0.90  9.00 |	0.88	105.88	120	1729	89	16	60
0.91  9.00 |	0.88	99.76	113	1611	79	15	56
0.92  9.00 |	0.90	97.2	108	1541	74	12	52
0.93  9.00 |	0.90	97.2	108	1524	73	12	48
0.94  9.00 |	0.91	91.9	101	1389	63	10	47
0.95  9.00 |	0.91	88.93	98	1330	61	10	45
0.96  9.00 |	0.93	73.42	79	1151	50	6	36
0.97  9.00 |	0.94	64.22	68	981	40	4	33
0.98  9.00 |	0.94	45.18	48	720	23	3	24
0.99  9.00 |	0.92	32.24	35	491	13	3	16

0.00  2.00 |	0.59	144.15	244	3812	273	169	265
0.01  2.00 |	0.59	144.15	244	3797	272	169	263
0.02  2.00 |	0.59	144.15	244	3797	272	169	263
0.03  2.00 |	0.59	144.15	244	3797	272	169	263
0.04  2.00 |	0.59	144.15	244	3797	272	169	263
0.05  2.00 |	0.59	143.32	243	3796	272	169	263
0.06  2.00 |	0.59	143.32	243	3796	272	169	263
0.07  2.00 |	0.59	143.32	243	3796	272	169	263
0.08  2.00 |	0.59	143.32	243	3796	272	169	263
0.09  2.00 |	0.59	143.32	243	3796	272	169	263
0.10  2.00 |	0.59	143.32	243	3796	272	169	263
0.11  2.00 |	0.59	143.32	243	3796	272	169	263
0.12  2.00 |	0.59	143.19	242	3795	272	167	263
0.13  2.00 |	0.59	143.19	242	3795	272	167	263
0.14  2.00 |	0.60	144.96	242	3792	272	162	261
0.15  2.00 |	0.60	145.68	242	3791	271	160	260
0.16  2.00 |	0.60	145.68	242	3791	271	160	260
0.17  2.00 |	0.60	145.68	242	3790	271	160	257
0.18  2.00 |	0.60	146.04	242	3788	271	159	256
0.19  2.00 |	0.60	146.04	242	3788	271	159	256
0.20  2.00 |	0.60	146.04	242	3788	271	159	256
0.21  2.00 |	0.60	144.36	240	3779	266	159	255
0.22  2.00 |	0.60	144.72	240	3778	266	158	253
0.23  2.00 |	0.60	144.24	239	3764	263	157	250
0.24  2.00 |	0.60	144.24	239	3763	263	157	250
0.25  2.00 |	0.62	148.37	239	3735	259	146	245
0.26  2.00 |	0.62	148.37	239	3733	258	146	244
0.27  2.00 |	0.62	147.9	238	3725	253	145	241
0.28  2.00 |	0.62	147.9	238	3718	253	145	239
0.29  2.00 |	0.63	150.25	238	3699	248	139	233
0.30  2.00 |	0.63	150.25	238	3699	248	139	233
0.31  2.00 |	0.63	150.25	238	3694	247	139	230
0.32  2.00 |	0.63	149.32	236	3657	245	137	221
0.33  2.00 |	0.63	148.39	234	3637	244	135	218
0.34  2.00 |	0.63	148.39	234	3630	244	135	214
0.35  2.00 |	0.64	149.56	233	3615	243	130	208
0.36  2.00 |	0.65	150.31	231	3602	241	124	206
0.37  2.00 |	0.65	149.44	230	3588	237	124	203
0.38  2.00 |	0.66	149.81	228	3551	233	119	197
0.39  2.00 |	0.66	149.36	227	3536	233	118	196
0.40  2.00 |	0.66	149.36	227	3533	231	118	193
0.41  2.00 |	0.66	150.23	227	3527	230	116	191
0.42  2.00 |	0.68	153.36	227	3490	228	109	185
0.43  2.00 |	0.68	153.84	226	3467	227	106	183
0.44  2.00 |	0.69	153.48	223	3417	221	101	180
0.45  2.00 |	0.69	151.25	220	3388	219	100	173
0.46  2.00 |	0.69	151.3	219	3384	218	98	173
0.47  2.00 |	0.69	149.96	217	3363	216	97	168
0.48  2.00 |	0.70	150.93	217	3354	215	95	165
0.49  2.00 |	0.70	152.39	217	3335	213	92	158
0.50  2.00 |	0.70	152.39	217	3329	213	92	158
0.51  2.00 |	0.71	151.64	214	3299	210	88	154
0.52  2.00 |	0.71	152.15	214	3298	210	87	153
0.53  2.00 |	0.71	152.65	214	3265	207	86	149
0.54  2.00 |	0.72	154.2	214	3245	207	83	146
0.55  2.00 |	0.72	154.2	214	3238	207	83	146
0.56  2.00 |	0.72	154.72	214	3220	205	82	144
0.57  2.00 |	0.72	150.75	208	3167	197	79	139
0.58  2.00 |	0.73	150.35	207	3160	196	78	138
0.59  2.00 |	0.73	150.35	207	3160	196	78	138
0.60  2.00 |	0.73	151.95	207	3138	195	75	136
0.61  2.00 |	0.73	151.95	207	3128	195	75	133
0.62  2.00 |	0.73	151.95	207	3128	195	75	133
0.63  2.00 |	0.76	154.13	204	3041	186	66	129
0.64  2.00 |	0.77	155.51	203	3011	185	62	124
0.65  2.00 |	0.77	153.26	200	2942	183	61	117
0.66  2.00 |	0.77	152.54	198	2917	181	59	115
0.67  2.00 |	0.77	151.24	196	2884	177	58	113
0.68  2.00 |	0.79	149.17	190	2799	166	52	112
0.69  2.00 |	0.79	142.44	181	2730	163	49	108
0.70  2.00 |	0.79	142.44	181	2730	163	49	108
0.71  2.00 |	0.81	145.29	180	2662	156	43	105
0.72  2.00 |	0.81	143.41	176	2597	152	40	104
0.73  2.00 |	0.82	142.14	174	2558	150	39	101
0.74  2.00 |	0.82	140.58	171	2504	146	37	93
0.75  2.00 |	0.83	139.03	168	2476	141	35	89
0.76  2.00 |	0.83	138.06	167	2439	141	35	87
0.77  2.00 |	0.83	134.87	163	2349	135	34	84
0.78  2.00 |	0.83	133.9	162	2336	134	34	83
0.79  2.00 |	0.82	130.02	158	2334	133	34	83
0.80  2.00 |	0.82	126.82	154	2272	128	33	81
0.81  2.00 |	0.83	126.54	153	2257	126	32	79
0.82  2.00 |	0.83	122.37	148	2214	124	31	76
0.83  2.00 |	0.83	120.14	145	2183	120	30	74
0.84  2.00 |	0.82	116.26	141	2137	120	30	73
0.85  2.00 |	0.83	113.75	137	2077	118	28	69
0.86  2.00 |	0.84	112.93	134	2002	111	25	68
0.87  2.00 |	0.85	109.48	129	1937	107	23	66
0.88  2.00 |	0.85	108.5	128	1900	100	23	65
0.89  2.00 |	0.87	109.27	125	1839	96	18	62
0.90  2.00 |	0.88	105.88	120	1729	89	16	60
0.91  2.00 |	0.88	99.76	113	1611	79	15	56
0.92  2.00 |	0.90	97.2	108	1541	74	12	52
0.93  2.00 |	0.90	97.2	108	1524	73	12	48
0.94  2.00 |	0.91	91.9	101	1389	63	10	47
0.95  2.00 |	0.91	88.93	98	1330	61	10	45
0.96  2.00 |	0.93	73.42	79	1151	50	6	36
0.97  2.00 |	0.94	64.22	68	981	40	4	33
0.98  2.00 |	0.94	45.18	48	720	23	3	24
0.99  2.00 |	0.92	32.24	35	491	13	3	16

0.00  1.00 |	0.70	149.6	215	3298	214	94	158
0.01  1.00 |	0.70	149.6	215	3283	213	94	156
0.02  1.00 |	0.70	149.6	215	3283	213	94	156
0.03  1.00 |	0.70	149.6	215	3283	213	94	156
0.04  1.00 |	0.70	149.6	215	3283	213	94	156
0.05  1.00 |	0.70	149.6	215	3283	213	94	156
0.06  1.00 |	0.70	149.6	215	3283	213	94	156
0.07  1.00 |	0.70	149.6	215	3283	213	94	156
0.08  1.00 |	0.70	149.6	215	3283	213	94	156
0.09  1.00 |	0.70	149.6	215	3283	213	94	156
0.10  1.00 |	0.70	149.6	215	3283	213	94	156
0.11  1.00 |	0.70	149.6	215	3283	213	94	156
0.12  1.00 |	0.70	149.6	215	3283	213	94	156
0.13  1.00 |	0.70	149.6	215	3283	213	94	156
0.14  1.00 |	0.70	149.6	215	3283	213	94	156
0.15  1.00 |	0.70	149.6	215	3283	213	94	156
0.16  1.00 |	0.70	149.6	215	3283	213	94	156
0.17  1.00 |	0.70	149.6	215	3283	213	94	156
0.18  1.00 |	0.70	149.6	215	3283	213	94	156
0.19  1.00 |	0.70	149.6	215	3283	213	94	156
0.20  1.00 |	0.70	149.6	215	3283	213	94	156
0.21  1.00 |	0.70	149.6	215	3283	213	94	156
0.22  1.00 |	0.70	149.6	215	3283	213	94	156
0.23  1.00 |	0.70	149.6	215	3283	213	94	156
0.24  1.00 |	0.70	149.6	215	3283	213	94	156
0.25  1.00 |	0.70	151.56	215	3281	213	90	156
0.26  1.00 |	0.70	151.56	215	3281	213	90	156
0.27  1.00 |	0.70	151.56	215	3281	213	90	156
0.28  1.00 |	0.70	151.56	215	3281	213	90	156
0.29  1.00 |	0.70	151.56	215	3281	213	90	156
0.30  1.00 |	0.70	151.56	215	3281	213	90	156
0.31  1.00 |	0.70	151.56	215	3281	213	90	156
0.32  1.00 |	0.70	151.56	215	3281	213	90	156
0.33  1.00 |	0.70	151.56	215	3281	213	90	156
0.34  1.00 |	0.70	151.56	215	3281	213	90	156
0.35  1.00 |	0.70	151.56	215	3281	213	90	156
0.36  1.00 |	0.70	151.56	215	3281	212	90	156
0.37  1.00 |	0.70	151.56	215	3281	212	90	156
0.38  1.00 |	0.70	151.56	215	3281	212	90	156
0.39  1.00 |	0.70	151.56	215	3275	212	90	156
0.40  1.00 |	0.70	151.56	215	3275	212	90	156
0.41  1.00 |	0.70	151.56	215	3275	212	90	156
0.42  1.00 |	0.70	151.56	215	3275	212	90	156
0.43  1.00 |	0.70	151.56	215	3275	212	90	156
0.44  1.00 |	0.70	151.56	215	3275	212	90	156
0.45  1.00 |	0.70	150.64	214	3266	212	90	154
0.46  1.00 |	0.70	149.73	213	3266	212	90	154
0.47  1.00 |	0.70	149.73	213	3263	212	90	154
0.48  1.00 |	0.70	149.73	213	3263	212	90	154
0.49  1.00 |	0.71	150.23	213	3258	212	89	152
0.50  1.00 |	0.71	150.23	213	3258	212	89	152
0.51  1.00 |	0.71	150.31	212	3248	209	87	151
0.52  1.00 |	0.71	150.31	212	3248	209	87	151
0.53  1.00 |	0.71	150.82	212	3222	206	86	147
0.54  1.00 |	0.72	152.35	212	3206	206	83	144
0.55  1.00 |	0.72	152.35	212	3199	206	83	144
0.56  1.00 |	0.72	152.87	212	3188	204	82	143
0.57  1.00 |	0.72	150.75	208	3163	197	79	139
0.58  1.00 |	0.73	150.35	207	3156	196	78	138
0.59  1.00 |	0.73	150.35	207	3156	196	78	138
0.60  1.00 |	0.73	151.95	207	3134	195	75	136
0.61  1.00 |	0.73	151.95	207	3124	195	75	133
0.62  1.00 |	0.73	151.95	207	3124	195	75	133
0.63  1.00 |	0.76	154.13	204	3037	186	66	129
0.64  1.00 |	0.77	155.51	203	3007	185	62	124
0.65  1.00 |	0.77	153.26	200	2939	183	61	117
0.66  1.00 |	0.77	152.54	198	2914	181	59	115
0.67  1.00 |	0.77	151.24	196	2881	177	58	113
0.68  1.00 |	0.79	149.17	190	2799	166	52	112
0.69  1.00 |	0.79	142.44	181	2730	163	49	108
0.70  1.00 |	0.79	142.44	181	2730	163	49	108
0.71  1.00 |	0.81	145.29	180	2662	156	43	105
0.72  1.00 |	0.81	143.41	176	2597	152	40	104
0.73  1.00 |	0.82	142.14	174	2558	150	39	101
0.74  1.00 |	0.82	140.58	171	2504	146	37	93
0.75  1.00 |	0.83	139.03	168	2476	141	35	89
0.76  1.00 |	0.83	138.06	167	2439	141	35	87
0.77  1.00 |	0.83	134.87	163	2349	135	34	84
0.78  1.00 |	0.83	133.9	162	2336	134	34	83
0.79  1.00 |	0.82	130.02	158	2334	133	34	83
0.80  1.00 |	0.82	126.82	154	2272	128	33	81
0.81  1.00 |	0.83	126.54	153	2257	126	32	79
0.82  1.00 |	0.83	122.37	148	2214	124	31	76
0.83  1.00 |	0.83	120.14	145	2183	120	30	74
0.84  1.00 |	0.82	116.26	141	2137	120	30	73
0.85  1.00 |	0.83	113.75	137	2077	118	28	69
0.86  1.00 |	0.84	112.93	134	2002	111	25	68
0.87  1.00 |	0.85	109.48	129	1937	107	23	66
0.88  1.00 |	0.85	108.5	128	1900	100	23	65
0.89  1.00 |	0.87	109.27	125	1839	96	18	62
0.90  1.00 |	0.88	105.88	120	1729	89	16	60
0.91  1.00 |	0.88	99.76	113	1611	79	15	56
0.92  1.00 |	0.90	97.2	108	1541	74	12	52
0.93  1.00 |	0.90	97.2	108	1524	73	12	48
0.94  1.00 |	0.91	91.9	101	1389	63	10	47
0.95  1.00 |	0.91	88.93	98	1330	61	10	45
0.96  1.00 |	0.93	73.42	79	1151	50	6	36
0.97  1.00 |	0.94	64.22	68	981	40	4	33
0.98  1.00 |	0.94	45.18	48	720	23	3	24
0.99  1.00 |	0.92	32.24	35	491	13	3	16

