0   1	|	1	11	2	0	1	0.25
0   2	|	9	98	3	0	2	0.64
0   3	|	1	9	1	0	0	0.50
0   4	|	2	34	3	1	2	0.25
0   5	|	1	22	1	0	0	0.50
0   6	|	0	0	0	1	0	0.00
0   7	|	1	11	1	0	1	0.33
0   8	|	0	5	0	0	2	0.00
0   9	|	1	3	2	12	2	0.06
0   10	|	0	29	3	0	2	0.00
0   12	|	1	3	0	4	0	0.20
0   13	|	1	21	3	0	5	0.11
0   14	|	1	0	0	0	0	1.00
0   15	|	0	11	1	2	0	0.00
0   22	|	0	3	0	3	0	0.00
0   23	|	0	5	0	1	0	0.00
0   24	|	0	0	0	1	1	0.00
0   28	|	0	1	0	0	0	 - 
0   30	|	0	1	0	0	0	 - 
0   32	|	0	0	1	0	0	0.00
0   33	|	0	2	0	0	1	0.00
0   34	|	0	2	0	0	1	0.00
0   35	|	0	7	0	0	0	 - 
0   36	|	0	1	0	2	0	0.00
0   37	|	1	27	0	0	1	0.50
0   40	|	0	5	2	6	2	0.00
0   41	|	1	5	1	9	1	0.08
0   43	|	0	1	0	0	0	 - 
0   52	|	0	2	0	0	0	 - 
0   53	|	0	0	0	1	0	0.00

1   1	|	3	9	1	0	1	0.60
1   2	|	6	134	9	0	4	0.32
1   3	|	2	25	1	2	0	0.40
1   4	|	3	42	1	0	0	0.75
1   5	|	0	31	0	2	1	0.00
1   7	|	1	16	1	1	2	0.20
1   8	|	0	9	1	0	2	0.00
1   9	|	0	12	2	27	1	0.00
1   10	|	7	64	4	3	4	0.39
1   12	|	0	11	2	2	5	0.00
1   13	|	1	34	3	7	2	0.08
1   14	|	0	0	1	0	0	0.00
1   15	|	1	20	0	0	2	0.33
1   16	|	0	1	0	0	0	 - 
1   17	|	0	0	1	0	0	0.00
1   22	|	0	1	1	7	0	0.00
1   23	|	0	9	1	1	0	0.00
1   28	|	0	2	0	0	1	0.00
1   30	|	0	2	0	0	1	0.00
1   32	|	0	2	0	0	1	0.00
1   33	|	0	3	0	0	0	 - 
1   34	|	1	2	1	0	0	0.50
1   35	|	0	4	0	0	0	 - 
1   36	|	0	2	1	6	2	0.00
1   37	|	5	43	3	1	0	0.56
1   38	|	0	0	1	0	0	0.00
1   40	|	1	7	6	9	4	0.05
1   41	|	0	12	2	5	5	0.00
1   43	|	0	1	0	1	0	0.00
1   52	|	1	2	1	0	0	0.50
1   53	|	0	1	0	2	1	0.00

10   1	|	26	348	10	0	12	0.54
10   2	|	3	33	1	0	0	0.75
10   3	|	46	595	35	6	18	0.44
10   4	|	1	22	0	0	1	0.50
10   5	|	3	6	1	0	0	0.75
10   6	|	2	14	1	0	0	0.67
10   7	|	16	235	11	1	7	0.46
10   8	|	0	12	0	0	0	 - 
10   9	|	7	179	11	11	7	0.19
10   10	|	0	9	0	1	0	0.00
10   11	|	1	17	0	0	1	0.50
10   12	|	8	150	12	7	6	0.24
10   13	|	4	35	0	4	6	0.29
10   14	|	1	30	0	1	3	0.20
10   15	|	1	7	0	0	1	0.50
10   16	|	0	5	0	1	0	0.00
10   17	|	0	3	1	0	0	0.00
10   18	|	0	7	0	0	0	 - 
10   22	|	4	28	3	9	4	0.20
10   23	|	1	7	4	14	3	0.05
10   24	|	2	10	2	1	0	0.40
10   28	|	1	2	0	1	0	0.50
10   30	|	0	4	1	1	2	0.00
10   32	|	4	52	1	0	2	0.57
10   33	|	0	7	2	1	1	0.00
10   34	|	14	191	7	2	8	0.45
10   35	|	1	22	0	1	1	0.33
10   36	|	6	99	4	6	5	0.29
10   37	|	2	30	0	4	4	0.20
10   38	|	0	18	0	0	0	 - 
10   39	|	0	16	1	0	1	0.00
10   40	|	9	92	4	5	3	0.43
10   41	|	22	278	13	16	18	0.32
10   42	|	4	29	4	1	4	0.31
10   43	|	1	11	3	1	0	0.20
10   44	|	1	7	1	0	1	0.33
10   48	|	0	24	6	11	4	0.00
10   49	|	1	2	0	1	0	0.50
10   52	|	0	5	0	6	3	0.00
10   53	|	0	4	2	7	6	0.00

11   1	|	36	621	30	0	10	0.47
11   2	|	3	57	8	1	1	0.23
11   3	|	71	1006	51	6	25	0.46
11   4	|	3	21	2	0	1	0.50
11   5	|	0	13	0	0	0	 - 
11   6	|	1	34	2	0	0	0.33
11   7	|	25	474	24	6	17	0.35
11   8	|	1	12	1	0	1	0.33
11   9	|	31	366	17	12	11	0.44
11   10	|	1	5	1	3	0	0.20
11   11	|	3	34	0	0	0	1.00
11   12	|	10	273	16	11	10	0.21
11   13	|	2	56	6	8	7	0.09
11   14	|	5	54	1	2	3	0.45
11   15	|	1	36	3	5	5	0.07
11   16	|	0	5	0	0	1	0.00
11   17	|	2	3	0	0	0	1.00
11   18	|	0	14	0	0	2	0.00
11   22	|	4	76	11	25	11	0.08
11   23	|	3	27	7	16	9	0.09
11   24	|	3	23	1	8	4	0.19
11   28	|	0	3	0	1	0	0.00
11   29	|	0	0	0	1	0	0.00
11   30	|	0	6	1	1	1	0.00
11   32	|	6	82	3	3	7	0.32
11   33	|	1	10	1	0	0	0.50
11   34	|	21	340	18	3	15	0.37
11   35	|	2	21	0	2	2	0.33
11   36	|	15	192	11	11	8	0.33
11   37	|	3	49	5	4	5	0.18
11   38	|	0	35	0	1	1	0.00
11   39	|	2	9	1	0	0	0.67
11   40	|	9	170	13	8	8	0.24
11   41	|	40	574	50	30	29	0.27
11   42	|	4	71	10	8	19	0.10
11   43	|	4	43	3	4	3	0.29
11   44	|	1	34	0	0	2	0.33
11   48	|	6	40	8	19	12	0.13
11   49	|	0	3	2	3	2	0.00
11   50	|	0	1	0	1	0	0.00
11   52	|	0	10	3	6	5	0.00
11   53	|	1	28	14	12	18	0.02

12   1	|	26	396	14	2	8	0.52
12   2	|	0	35	0	0	0	 - 
12   3	|	58	755	32	12	18	0.48
12   4	|	0	22	1	0	0	0.00
12   5	|	0	6	0	1	1	0.00
12   6	|	2	15	1	0	0	0.67
12   7	|	34	287	22	6	9	0.48
12   8	|	0	3	0	0	1	0.00
12   9	|	11	222	14	7	3	0.31
12   10	|	0	3	1	1	1	0.00
12   11	|	2	24	3	0	0	0.40
12   12	|	11	170	9	13	8	0.27
12   13	|	5	28	3	1	10	0.26
12   14	|	0	26	3	2	3	0.00
12   15	|	1	12	2	3	1	0.14
12   16	|	0	3	0	0	0	 - 
12   17	|	0	1	0	0	0	 - 
12   18	|	0	5	0	1	0	0.00
12   22	|	5	44	12	10	10	0.14
12   23	|	1	9	5	11	5	0.05
12   24	|	1	12	1	4	1	0.14
12   28	|	0	1	0	0	0	 - 
12   29	|	0	1	0	0	0	 - 
12   30	|	0	2	0	0	0	 - 
12   32	|	1	53	3	7	5	0.06
12   33	|	0	6	1	0	1	0.00
12   34	|	20	243	9	8	12	0.41
12   35	|	2	16	2	3	4	0.18
12   36	|	11	131	9	10	8	0.29
12   37	|	4	31	1	4	0	0.44
12   38	|	1	15	1	1	0	0.33
12   39	|	0	10	0	2	0	0.00
12   40	|	5	126	10	8	7	0.17
12   41	|	31	380	26	30	24	0.28
12   42	|	3	28	12	6	15	0.08
12   43	|	2	19	2	1	6	0.18
12   44	|	2	11	3	1	0	0.33
12   48	|	1	15	8	9	7	0.04
12   49	|	0	2	1	1	4	0.00
12   50	|	0	1	0	0	1	0.00
12   52	|	0	0	2	2	6	0.00
12   53	|	1	7	9	8	20	0.03

13   1	|	10	108	7	4	0	0.48
13   2	|	1	9	1	1	1	0.25
13   3	|	18	186	14	11	8	0.35
13   4	|	1	9	1	0	0	0.50
13   5	|	0	3	0	0	0	 - 
13   6	|	0	8	0	1	0	0.00
13   7	|	6	86	10	6	8	0.20
13   8	|	0	7	0	1	0	0.00
13   9	|	3	61	3	2	7	0.20
13   10	|	0	5	0	0	1	0.00
13   11	|	0	7	0	1	0	0.00
13   12	|	3	46	2	12	7	0.13
13   13	|	1	28	2	2	4	0.11
13   14	|	0	15	1	2	0	0.00
13   15	|	1	7	2	1	1	0.20
13   16	|	0	1	1	0	0	0.00
13   17	|	0	0	0	1	0	0.00
13   18	|	0	2	1	2	1	0.00
13   22	|	3	14	4	13	9	0.10
13   23	|	0	5	7	17	10	0.00
13   24	|	0	1	4	3	1	0.00
13   28	|	0	1	0	3	0	0.00
13   29	|	0	0	0	0	1	0.00
13   30	|	0	2	0	1	2	0.00
13   32	|	0	22	3	5	3	0.00
13   33	|	0	7	0	3	1	0.00
13   34	|	3	68	3	8	8	0.14
13   35	|	1	20	3	3	2	0.11
13   36	|	4	36	5	15	4	0.14
13   37	|	2	12	5	6	2	0.13
13   38	|	0	3	0	0	0	 - 
13   39	|	1	3	1	0	2	0.25
13   40	|	2	27	5	3	5	0.13
13   41	|	5	117	7	33	18	0.08
13   42	|	1	25	10	14	16	0.02
13   43	|	0	6	1	2	3	0.00
13   44	|	0	5	0	1	1	0.00
13   48	|	2	6	6	5	10	0.09
13   49	|	0	2	0	0	0	 - 
13   50	|	0	1	0	0	0	 - 
13   52	|	1	2	2	6	4	0.08
13   53	|	0	3	4	8	10	0.00

14   1	|	4	75	3	1	3	0.36
14   2	|	0	4	0	1	1	0.00
14   3	|	11	144	4	3	7	0.44
14   4	|	0	3	0	0	0	 - 
14   5	|	1	3	0	0	0	1.00
14   6	|	0	7	0	0	0	 - 
14   7	|	2	58	4	2	3	0.18
14   9	|	3	42	2	6	5	0.19
14   10	|	0	0	1	0	0	0.00
14   11	|	1	1	1	0	0	0.50
14   12	|	6	47	1	4	1	0.50
14   13	|	1	9	2	1	3	0.14
14   14	|	2	12	0	0	3	0.40
14   15	|	0	5	0	3	4	0.00
14   18	|	0	1	0	0	1	0.00
14   22	|	0	6	3	7	3	0.00
14   23	|	1	4	7	5	9	0.05
14   24	|	0	5	2	4	1	0.00
14   28	|	0	0	0	0	1	0.00
14   29	|	0	0	0	1	1	0.00
14   30	|	0	1	0	0	1	0.00
14   32	|	1	18	4	0	0	0.20
14   33	|	1	3	0	0	0	1.00
14   34	|	2	61	6	0	4	0.17
14   35	|	0	4	1	0	2	0.00
14   36	|	0	31	3	4	2	0.00
14   37	|	0	10	0	3	2	0.00
14   38	|	0	3	0	0	0	 - 
14   39	|	1	5	0	0	0	1.00
14   40	|	0	24	2	4	4	0.00
14   41	|	6	76	10	19	12	0.13
14   42	|	4	15	5	5	10	0.17
14   43	|	0	6	0	1	0	0.00
14   44	|	0	4	0	0	0	 - 
14   48	|	2	6	2	5	11	0.10
14   49	|	0	2	0	1	2	0.00
14   52	|	0	2	0	2	3	0.00
14   53	|	1	5	0	8	10	0.05

15   1	|	1	29	1	0	0	0.50
15   2	|	0	1	0	0	0	 - 
15   3	|	4	47	6	0	0	0.40
15   5	|	0	1	0	0	0	 - 
15   6	|	0	1	0	0	0	 - 
15   7	|	1	20	2	0	0	0.33
15   9	|	1	11	1	0	0	0.50
15   12	|	0	10	0	1	1	0.00
15   13	|	0	2	0	1	0	0.00
15   14	|	0	4	0	0	0	 - 
15   15	|	0	2	0	0	0	 - 
15   22	|	0	1	1	2	0	0.00
15   23	|	0	0	0	1	0	0.00
15   24	|	0	1	0	2	0	0.00
15   32	|	0	5	0	0	0	 - 
15   33	|	0	1	0	0	0	 - 
15   34	|	1	13	0	0	0	1.00
15   35	|	0	3	0	0	0	 - 
15   36	|	0	12	1	0	0	0.00
15   37	|	0	3	0	0	0	 - 
15   38	|	0	1	0	0	0	 - 
15   40	|	0	9	0	1	0	0.00
15   41	|	2	14	0	0	0	1.00
15   42	|	0	1	0	0	0	 - 
15   43	|	0	1	0	0	0	 - 
15   48	|	0	1	0	1	0	0.00
15   52	|	0	1	0	2	0	0.00
15   53	|	0	1	1	0	1	0.00

16   1	|	7	94	2	1	2	0.58
16   2	|	0	8	0	0	1	0.00
16   3	|	11	144	13	4	3	0.35
16   4	|	1	19	1	1	2	0.20
16   5	|	1	7	1	1	1	0.25
16   6	|	1	1	1	0	0	0.50
16   7	|	8	65	4	7	5	0.33
16   8	|	0	22	0	1	0	0.00
16   9	|	2	51	5	8	5	0.10
16   10	|	1	10	0	1	1	0.33
16   11	|	0	5	0	0	0	 - 
16   12	|	4	59	9	5	6	0.17
16   13	|	8	115	12	12	10	0.19
16   14	|	1	14	1	3	2	0.14
16   15	|	2	27	6	3	5	0.13
16   16	|	0	1	0	0	0	 - 
16   18	|	0	3	0	2	3	0.00
16   22	|	1	18	5	22	11	0.03
16   23	|	2	50	16	29	22	0.03
16   24	|	0	6	0	2	2	0.00
16   28	|	0	5	1	3	2	0.00
16   29	|	0	1	0	0	0	 - 
16   30	|	0	2	1	3	0	0.00
16   32	|	3	19	1	1	3	0.38
16   33	|	1	18	2	0	1	0.25
16   34	|	5	69	8	5	8	0.19
16   35	|	1	54	4	3	4	0.08
16   36	|	4	36	5	9	9	0.15
16   37	|	9	98	7	13	10	0.23
16   38	|	0	3	0	0	1	0.00
16   39	|	1	9	1	0	0	0.50
16   40	|	4	42	10	6	12	0.13
16   41	|	10	108	25	22	35	0.11
16   42	|	8	144	24	17	19	0.12
16   43	|	3	11	5	2	3	0.23
16   44	|	0	6	1	1	1	0.00
16   48	|	2	26	12	23	6	0.05
16   49	|	0	6	1	2	2	0.00
16   52	|	3	20	4	12	14	0.09
16   53	|	1	37	12	13	21	0.02

17   1	|	1	12	0	0	0	1.00
17   2	|	0	1	0	0	0	 - 
17   3	|	2	21	3	1	0	0.33
17   4	|	1	2	0	0	0	1.00
17   6	|	0	1	0	0	0	 - 
17   7	|	0	13	1	0	1	0.00
17   8	|	0	3	0	0	0	 - 
17   9	|	1	13	1	0	0	0.50
17   10	|	0	6	0	0	0	 - 
17   11	|	0	1	0	0	0	 - 
17   12	|	0	6	1	0	0	0.00
17   13	|	0	9	0	2	3	0.00
17   14	|	0	6	0	0	0	 - 
17   15	|	0	1	0	1	0	0.00
17   22	|	1	2	0	5	0	0.17
17   23	|	0	5	0	4	1	0.00
17   28	|	0	0	0	1	0	0.00
17   30	|	0	2	0	0	0	 - 
17   32	|	0	2	0	0	0	 - 
17   33	|	0	2	0	0	0	 - 
17   34	|	2	10	2	0	0	0.50
17   35	|	0	7	0	0	1	0.00
17   36	|	1	14	0	1	0	0.50
17   37	|	1	9	0	1	2	0.25
17   38	|	0	3	0	0	1	0.00
17   39	|	0	2	0	0	0	 - 
17   40	|	0	4	0	1	0	0.00
17   41	|	0	21	1	7	2	0.00
17   42	|	2	23	2	0	2	0.33
17   44	|	0	2	0	0	0	 - 
17   48	|	0	2	0	5	1	0.00
17   49	|	0	2	0	0	0	 - 
17   50	|	0	0	0	1	0	0.00
17   52	|	0	4	0	0	0	 - 
17   53	|	0	7	0	2	0	0.00

18   1	|	2	23	0	0	0	1.00
18   2	|	0	1	0	0	0	 - 
18   3	|	0	53	4	0	2	0.00
18   4	|	1	3	0	0	0	1.00
18   5	|	0	1	0	0	0	 - 
18   6	|	0	3	0	0	0	 - 
18   7	|	1	16	2	1	1	0.20
18   8	|	0	1	0	0	0	 - 
18   9	|	1	16	2	1	0	0.25
18   11	|	0	1	0	0	0	 - 
18   12	|	0	19	1	0	0	0.00
18   13	|	0	3	0	0	0	 - 
18   14	|	0	5	0	0	0	 - 
18   22	|	1	1	0	2	0	0.33
18   24	|	0	2	0	1	0	0.00
18   30	|	0	1	0	0	0	 - 
18   32	|	0	6	0	1	0	0.00
18   33	|	0	1	0	0	0	 - 
18   34	|	1	7	2	1	0	0.25
18   35	|	0	1	0	0	0	 - 
18   36	|	1	12	0	1	1	0.33
18   37	|	1	2	0	0	0	1.00
18   38	|	0	3	0	0	0	 - 
18   39	|	1	0	1	0	0	0.50
18   40	|	0	4	0	0	1	0.00
18   41	|	3	25	2	2	1	0.38
18   42	|	0	4	0	0	0	 - 
18   43	|	0	3	0	0	0	 - 
18   48	|	0	2	0	1	1	0.00
18   49	|	0	1	0	0	0	 - 
18   53	|	0	0	0	2	0	0.00

20   1	|	0	31	1	0	1	0.00
20   2	|	0	1	0	0	0	 - 
20   3	|	5	24	4	0	1	0.50
20   4	|	0	1	0	0	0	 - 
20   6	|	0	2	0	0	0	 - 
20   7	|	0	15	2	0	1	0.00
20   9	|	0	25	0	0	0	 - 
20   12	|	3	31	4	0	2	0.33
20   13	|	0	2	1	1	1	0.00
20   14	|	0	0	0	0	1	0.00
20   15	|	1	0	0	0	1	0.50
20   16	|	0	2	0	0	0	 - 
20   17	|	0	2	0	0	0	 - 
20   18	|	0	2	0	0	0	 - 
20   22	|	0	6	0	0	0	 - 
20   23	|	0	4	0	0	2	0.00
20   24	|	0	2	0	0	0	 - 
20   31	|	0	7	0	1	0	0.00
20   32	|	1	2	1	0	0	0.50
20   33	|	0	1	0	0	0	 - 
20   34	|	0	8	3	0	1	0.00
20   35	|	0	1	0	0	0	 - 
20   36	|	1	6	1	0	0	0.50
20   37	|	1	5	2	1	2	0.17
20   38	|	0	4	0	0	0	 - 
20   39	|	1	5	1	0	0	0.50
20   40	|	0	15	2	2	3	0.00
20   41	|	2	34	3	0	3	0.25
20   42	|	1	3	2	3	1	0.14
20   43	|	0	1	2	0	0	0.00
20   44	|	0	1	0	0	0	 - 
20   48	|	3	6	1	2	4	0.30
20   49	|	0	1	0	1	1	0.00
20   50	|	0	2	0	2	0	0.00
20   52	|	0	0	1	0	0	0.00
20   53	|	1	3	6	0	1	0.13

21   1	|	15	213	7	0	6	0.54
21   2	|	2	9	0	0	0	1.00
21   3	|	21	353	17	0	10	0.44
21   4	|	0	7	2	0	0	0.00
21   5	|	0	15	0	0	0	 - 
21   6	|	1	22	0	0	0	1.00
21   7	|	5	112	8	5	3	0.24
21   8	|	0	1	2	0	0	0.00
21   9	|	12	181	8	0	10	0.40
21   10	|	0	3	1	0	0	0.00
21   11	|	0	21	0	0	0	 - 
21   12	|	14	166	13	1	8	0.39
21   13	|	2	15	1	2	1	0.33
21   14	|	0	14	2	0	3	0.00
21   15	|	2	12	0	1	1	0.50
21   16	|	0	1	0	0	1	0.00
21   17	|	0	3	0	0	0	 - 
21   18	|	0	6	1	1	1	0.00
21   22	|	8	46	2	0	1	0.73
21   23	|	1	10	2	4	4	0.09
21   24	|	0	12	1	1	2	0.00
21   28	|	0	1	1	0	0	0.00
21   30	|	0	7	0	1	0	0.00
21   31	|	3	63	3	0	4	0.30
21   32	|	3	30	1	1	3	0.38
21   33	|	0	6	0	0	0	 - 
21   34	|	4	55	3	6	7	0.20
21   35	|	2	7	2	0	0	0.50
21   36	|	9	77	9	2	1	0.43
21   37	|	2	15	0	1	3	0.33
21   38	|	2	15	0	0	0	1.00
21   39	|	0	15	0	0	2	0.00
21   40	|	8	101	5	0	3	0.50
21   41	|	11	219	12	4	12	0.28
21   42	|	2	22	7	5	7	0.10
21   43	|	3	20	1	0	1	0.60
21   44	|	1	7	0	0	1	0.50
21   48	|	3	34	6	4	7	0.15
21   49	|	0	3	5	3	5	0.00
21   50	|	1	8	0	0	1	0.50
21   52	|	0	5	2	1	4	0.00
21   53	|	1	14	4	2	10	0.06

22   1	|	5	64	4	0	0	0.56
22   2	|	0	7	0	0	0	 - 
22   3	|	8	83	11	2	5	0.31
22   4	|	0	1	1	1	1	0.00
22   5	|	0	3	0	1	3	0.00
22   6	|	0	2	1	0	0	0.00
22   7	|	2	36	6	2	9	0.11
22   8	|	0	2	0	1	1	0.00
22   9	|	2	41	6	1	6	0.13
22   10	|	0	2	0	0	1	0.00
22   11	|	0	3	0	0	0	 - 
22   12	|	5	43	4	5	7	0.24
22   13	|	2	22	7	3	4	0.13
22   14	|	0	5	2	2	3	0.00
22   15	|	0	12	2	3	4	0.00
22   16	|	0	1	0	0	0	 - 
22   17	|	0	2	0	0	0	 - 
22   18	|	0	4	0	1	1	0.00
22   22	|	0	18	6	3	9	0.00
22   23	|	2	9	6	6	19	0.06
22   24	|	1	11	3	2	4	0.10
22   28	|	0	1	0	0	0	 - 
22   29	|	0	1	0	0	1	0.00
22   30	|	0	1	0	0	2	0.00
22   31	|	1	15	3	1	1	0.17
22   32	|	1	10	0	3	2	0.17
22   33	|	0	4	1	1	2	0.00
22   34	|	0	23	6	3	8	0.00
22   35	|	1	4	1	4	5	0.09
22   36	|	1	32	3	3	5	0.08
22   37	|	0	33	8	2	6	0.00
22   38	|	0	4	0	0	0	 - 
22   39	|	0	6	0	0	2	0.00
22   40	|	3	35	5	3	4	0.20
22   41	|	8	65	18	8	23	0.14
22   42	|	6	58	21	12	23	0.10
22   43	|	0	10	2	1	8	0.00
22   44	|	0	7	1	0	1	0.00
22   48	|	6	39	20	16	19	0.10
22   49	|	1	13	11	2	20	0.03
22   50	|	1	2	1	2	7	0.09
22   52	|	2	18	6	3	5	0.13
22   53	|	0	29	12	9	48	0.00

23   1	|	7	106	7	4	3	0.33
23   2	|	0	5	0	0	0	 - 
23   3	|	8	137	17	12	9	0.17
23   4	|	0	4	0	1	0	0.00
23   5	|	0	4	0	0	0	 - 
23   6	|	0	12	1	2	0	0.00
23   7	|	6	64	12	9	7	0.18
23   8	|	1	1	0	1	2	0.25
23   9	|	3	82	6	1	5	0.20
23   10	|	0	1	0	0	1	0.00
23   11	|	1	10	1	1	0	0.33
23   12	|	5	74	4	5	15	0.17
23   13	|	2	13	6	6	12	0.08
23   14	|	2	6	1	0	4	0.29
23   15	|	0	3	2	1	4	0.00
23   16	|	0	3	0	0	0	 - 
23   17	|	0	2	1	0	0	0.00
23   18	|	0	1	2	2	0	0.00
23   22	|	1	23	5	2	15	0.04
23   23	|	0	2	6	3	7	0.00
23   24	|	0	3	2	0	1	0.00
23   28	|	0	0	1	0	2	0.00
23   29	|	0	0	0	0	1	0.00
23   30	|	0	3	1	0	2	0.00
23   31	|	1	25	2	1	5	0.11
23   32	|	0	26	3	5	6	0.00
23   33	|	0	0	0	1	1	0.00
23   34	|	4	54	9	8	12	0.12
23   35	|	1	5	1	0	3	0.20
23   36	|	4	35	2	1	14	0.19
23   37	|	2	5	4	0	6	0.17
23   38	|	3	6	0	0	1	0.75
23   39	|	0	3	0	1	0	0.00
23   40	|	3	51	6	4	8	0.14
23   41	|	8	113	21	14	34	0.10
23   42	|	0	6	2	4	4	0.00
23   43	|	0	0	1	2	0	0.00
23   44	|	0	3	0	0	1	0.00
23   48	|	1	2	2	2	1	0.17
23   52	|	0	7	2	0	2	0.00
23   53	|	0	6	2	2	4	0.00

24   1	|	3	50	4	2	1	0.30
24   2	|	1	4	0	0	0	1.00
24   3	|	1	56	8	3	5	0.06
24   4	|	0	2	0	0	0	 - 
24   5	|	0	2	0	0	0	 - 
24   6	|	0	1	0	0	0	 - 
24   7	|	2	20	4	2	2	0.20
24   9	|	2	35	0	2	2	0.33
24   10	|	0	2	0	0	0	 - 
24   11	|	0	1	0	0	0	 - 
24   12	|	3	28	5	0	5	0.23
24   13	|	0	11	3	3	8	0.00
24   14	|	0	6	0	1	0	0.00
24   15	|	0	4	1	0	1	0.00
24   16	|	0	1	0	0	0	 - 
24   17	|	0	2	0	0	0	 - 
24   18	|	0	2	0	0	0	 - 
24   22	|	0	2	2	2	6	0.00
24   23	|	1	1	4	1	5	0.09
24   24	|	0	2	0	0	1	0.00
24   28	|	0	0	0	0	1	0.00
24   29	|	0	1	0	0	0	 - 
24   30	|	1	0	0	0	1	0.50
24   31	|	1	10	2	0	0	0.33
24   32	|	0	10	2	3	1	0.00
24   33	|	0	1	0	0	0	 - 
24   34	|	1	18	6	3	4	0.07
24   35	|	0	2	0	0	3	0.00
24   36	|	2	12	7	1	3	0.15
24   37	|	1	3	2	1	3	0.14
24   38	|	0	2	2	0	2	0.00
24   39	|	0	1	0	0	1	0.00
24   40	|	1	18	2	1	7	0.09
24   41	|	1	47	15	6	21	0.02
24   42	|	1	5	1	0	4	0.17
24   43	|	0	4	0	0	1	0.00
24   44	|	0	1	1	0	0	0.00
24   48	|	0	0	0	0	2	0.00
24   52	|	0	0	0	0	2	0.00
24   53	|	0	1	2	1	7	0.00

25   1	|	1	19	1	1	0	0.33
25   2	|	0	2	0	0	1	0.00
25   3	|	4	33	2	0	1	0.57
25   4	|	0	1	0	0	0	 - 
25   5	|	0	0	1	0	0	0.00
25   6	|	0	2	0	0	0	 - 
25   7	|	0	7	0	0	0	 - 
25   9	|	3	13	0	0	1	0.75
25   10	|	0	1	0	0	0	 - 
25   11	|	0	1	0	0	0	 - 
25   12	|	2	12	0	0	1	0.67
25   13	|	1	1	0	0	1	0.50
25   14	|	0	3	0	0	0	 - 
25   15	|	0	1	1	0	0	0.00
25   22	|	0	5	1	1	1	0.00
25   23	|	1	5	0	0	0	1.00
25   24	|	0	1	0	0	0	 - 
25   28	|	0	1	0	0	0	 - 
25   32	|	0	1	0	0	0	 - 
25   34	|	0	6	0	0	1	0.00
25   35	|	0	1	0	0	1	0.00
25   36	|	0	5	0	0	0	 - 
25   37	|	1	3	0	0	1	0.50
25   38	|	0	2	0	0	0	 - 
25   40	|	0	12	0	0	0	 - 
25   41	|	0	15	0	1	2	0.00
25   42	|	2	13	1	2	2	0.29
25   43	|	1	0	1	0	1	0.33
25   48	|	0	5	1	1	2	0.00
25   49	|	0	1	0	0	2	0.00
25   50	|	0	1	0	0	0	 - 
25   52	|	1	1	0	0	0	1.00
25   53	|	0	3	0	1	2	0.00

26   1	|	1	11	1	1	1	0.25
26   2	|	0	1	0	0	0	 - 
26   3	|	2	19	2	1	0	0.40
26   5	|	0	1	0	0	0	 - 
26   7	|	0	11	1	1	0	0.00
26   9	|	1	8	0	1	0	0.50
26   12	|	4	9	0	0	1	0.80
26   13	|	0	3	1	0	2	0.00
26   14	|	0	0	0	1	0	0.00
26   15	|	0	2	0	0	2	0.00
26   18	|	0	2	0	0	1	0.00
26   22	|	0	2	2	0	2	0.00
26   23	|	0	3	3	1	4	0.00
26   24	|	0	1	0	0	1	0.00
26   32	|	0	5	0	0	1	0.00
26   33	|	0	2	0	0	0	 - 
26   34	|	1	3	2	1	2	0.17
26   35	|	0	0	1	0	0	0.00
26   36	|	0	8	0	1	1	0.00
26   37	|	0	5	1	1	0	0.00
26   38	|	0	1	0	0	0	 - 
26   39	|	0	2	0	0	0	 - 
26   40	|	0	4	1	0	1	0.00
26   41	|	1	16	1	3	2	0.14
26   42	|	1	4	3	2	3	0.11
26   43	|	0	0	1	1	0	0.00
26   44	|	0	1	0	0	0	 - 
26   48	|	0	3	1	0	7	0.00
26   49	|	0	1	0	0	0	 - 
26   52	|	0	1	0	0	0	 - 
26   53	|	1	5	2	1	2	0.17

30   1	|	5	57	5	0	0	0.50
30   2	|	0	4	0	0	0	 - 
30   3	|	8	69	6	0	2	0.50
30   4	|	0	1	0	0	0	 - 
30   5	|	0	1	0	0	0	 - 
30   6	|	0	5	0	0	0	 - 
30   7	|	3	32	2	3	1	0.33
30   8	|	1	1	0	0	1	0.50
30   9	|	8	48	2	0	3	0.62
30   11	|	0	3	0	0	0	 - 
30   12	|	0	21	2	0	3	0.00
30   13	|	0	3	2	2	0	0.00
30   14	|	0	2	0	0	0	 - 
30   15	|	1	2	1	0	0	0.50
30   19	|	1	43	4	0	0	0.20
30   20	|	0	2	2	0	0	0.00
30   21	|	1	0	0	0	1	0.50
30   22	|	0	6	0	0	0	 - 
30   24	|	0	2	0	0	0	 - 
30   25	|	0	3	0	0	0	 - 
30   26	|	0	0	0	0	1	0.00
30   27	|	0	0	0	1	0	0.00
30   28	|	0	0	1	0	0	0.00
30   32	|	0	7	1	0	5	0.00
30   34	|	0	14	1	1	1	0.00
30   35	|	0	2	0	0	0	 - 
30   36	|	0	22	1	0	1	0.00
30   37	|	0	5	0	0	0	 - 
30   38	|	0	1	2	0	0	0.00
30   39	|	0	2	0	0	0	 - 
30   40	|	1	15	1	0	1	0.33
30   41	|	1	17	2	1	0	0.25
30   42	|	0	1	0	0	0	 - 
30   43	|	0	2	0	0	0	 - 
30   44	|	1	1	0	0	1	0.50
30   45	|	1	20	0	1	2	0.25
30   46	|	0	2	1	0	0	0.00
30   48	|	0	2	0	0	0	 - 
30   51	|	0	3	0	1	0	0.00
30   52	|	0	1	0	0	0	 - 
30   53	|	0	3	0	0	0	 - 

31   1	|	8	100	3	0	4	0.53
31   2	|	0	4	1	0	0	0.00
31   3	|	14	131	3	0	2	0.74
31   4	|	0	3	0	0	0	 - 
31   5	|	0	1	0	0	0	 - 
31   6	|	0	3	0	0	0	 - 
31   7	|	2	49	8	0	3	0.15
31   9	|	6	93	11	0	1	0.33
31   11	|	1	2	0	0	0	1.00
31   12	|	0	32	2	1	6	0.00
31   13	|	0	2	2	0	1	0.00
31   14	|	2	13	1	0	0	0.67
31   15	|	0	1	2	0	0	0.00
31   16	|	0	1	0	0	0	 - 
31   18	|	0	2	1	0	0	0.00
31   19	|	8	57	7	3	8	0.31
31   20	|	0	2	1	0	0	0.00
31   21	|	0	5	3	0	0	0.00
31   22	|	0	14	2	2	2	0.00
31   23	|	0	2	1	0	0	0.00
31   24	|	1	2	0	1	0	0.50
31   25	|	1	13	0	0	0	1.00
31   26	|	1	0	0	1	2	0.25
31   27	|	0	2	0	0	0	 - 
31   29	|	0	2	0	0	0	 - 
31   30	|	0	1	0	0	1	0.00
31   32	|	1	9	0	0	0	1.00
31   34	|	2	20	3	1	0	0.33
31   35	|	1	0	0	0	0	1.00
31   36	|	4	30	1	0	0	0.80
31   37	|	0	1	0	0	0	 - 
31   38	|	0	2	0	0	0	 - 
31   39	|	0	5	0	0	1	0.00
31   40	|	5	27	1	2	1	0.56
31   41	|	4	44	6	1	2	0.31
31   42	|	0	1	0	0	1	0.00
31   43	|	0	2	1	0	0	0.00
31   44	|	0	1	0	0	0	 - 
31   45	|	3	28	4	1	2	0.30
31   46	|	0	6	1	0	2	0.00
31   47	|	1	1	0	0	0	1.00
31   48	|	0	2	0	0	0	 - 
31   50	|	0	1	0	0	0	 - 
31   51	|	2	3	0	1	2	0.40
31   53	|	0	1	0	1	0	0.00

32   1	|	4	63	1	0	2	0.57
32   2	|	0	2	0	0	0	 - 
32   3	|	11	89	1	0	4	0.69
32   4	|	0	4	0	0	0	 - 
32   5	|	0	1	0	0	0	 - 
32   6	|	1	1	0	0	0	1.00
32   7	|	1	38	3	0	1	0.20
32   8	|	0	1	0	0	0	 - 
32   9	|	5	60	4	0	2	0.45
32   11	|	0	4	0	0	0	 - 
32   12	|	1	34	2	0	3	0.17
32   13	|	0	3	1	0	1	0.00
32   14	|	0	8	0	0	0	 - 
32   15	|	0	1	0	0	0	 - 
32   18	|	0	2	0	0	0	 - 
32   19	|	4	39	2	1	2	0.44
32   20	|	1	4	0	0	2	0.33
32   21	|	0	3	0	0	1	0.00
32   22	|	0	9	0	0	2	0.00
32   23	|	0	0	1	0	1	0.00
32   24	|	0	4	0	0	0	 - 
32   25	|	0	4	1	0	1	0.00
32   26	|	0	1	0	0	0	 - 
32   29	|	0	1	0	0	0	 - 
32   32	|	2	11	1	0	1	0.50
32   34	|	0	7	3	0	4	0.00
32   35	|	0	0	0	0	1	0.00
32   36	|	3	19	0	0	1	0.75
32   37	|	1	4	0	0	0	1.00
32   38	|	1	3	0	0	0	1.00
32   39	|	1	6	0	0	0	1.00
32   40	|	2	20	3	0	1	0.33
32   41	|	0	26	4	2	0	0.00
32   42	|	1	1	0	0	0	1.00
32   43	|	0	5	0	0	0	 - 
32   44	|	0	1	0	0	0	 - 
32   45	|	0	18	3	1	5	0.00
32   46	|	0	1	0	0	0	 - 
32   47	|	0	2	0	0	0	 - 
32   48	|	3	0	0	0	0	1.00
32   49	|	0	1	0	0	0	 - 
32   51	|	0	2	2	0	2	0.00
32   52	|	0	2	0	0	0	 - 
32   53	|	0	1	0	0	4	0.00

33   1	|	3	14	1	0	0	0.75
33   2	|	0	3	0	0	0	 - 
33   3	|	2	19	0	0	2	0.50
33   4	|	0	1	0	0	0	 - 
33   5	|	0	1	0	0	0	 - 
33   6	|	0	0	1	0	0	0.00
33   7	|	1	8	1	0	0	0.50
33   9	|	1	10	2	0	0	0.33
33   11	|	0	1	0	0	0	 - 
33   12	|	0	4	0	0	1	0.00
33   13	|	0	0	0	0	1	0.00
33   14	|	1	0	0	0	0	1.00
33   15	|	0	1	0	0	0	 - 
33   19	|	2	4	2	0	2	0.33
33   20	|	0	1	1	0	0	0.00
33   21	|	0	1	0	0	0	 - 
33   22	|	0	1	0	0	0	 - 
33   25	|	0	1	0	0	0	 - 
33   27	|	0	1	0	0	0	 - 
33   30	|	0	0	0	0	1	0.00
33   32	|	0	5	0	0	0	 - 
33   34	|	0	2	0	0	0	 - 
33   36	|	0	6	1	0	1	0.00
33   37	|	0	1	0	0	0	 - 
33   40	|	1	4	0	0	0	1.00
33   41	|	1	10	0	0	1	0.50
33   42	|	0	1	0	0	1	0.00
33   43	|	0	0	0	0	1	0.00
33   45	|	1	4	3	0	0	0.25
33   46	|	0	0	0	0	2	0.00
33   51	|	0	1	1	0	0	0.00
33   53	|	0	1	0	0	1	0.00

34   3	|	0	1	0	0	0	 - 
34   7	|	0	2	0	0	0	 - 
34   12	|	1	0	0	0	0	1.00
34   15	|	0	0	1	0	0	0.00
34   19	|	0	3	2	0	1	0.00
34   22	|	0	1	0	0	0	 - 
34   23	|	0	2	0	0	0	 - 
34   25	|	0	1	0	0	0	 - 
34   37	|	0	1	0	0	0	 - 
34   40	|	0	1	0	0	0	 - 
34   41	|	0	4	0	0	1	0.00
34   43	|	0	0	0	0	1	0.00
34   45	|	0	3	1	0	3	0.00
34   46	|	0	0	0	1	1	0.00
34   49	|	0	0	0	0	1	0.00
34   51	|	0	0	0	1	1	0.00
34   53	|	0	0	0	0	1	0.00

35   1	|	0	6	0	0	0	 - 
35   3	|	1	15	1	0	0	0.50
35   6	|	0	2	0	0	0	 - 
35   7	|	1	10	0	0	0	1.00
35   9	|	2	14	0	0	0	1.00
35   12	|	0	14	1	0	3	0.00
35   13	|	0	1	1	1	1	0.00
35   14	|	0	2	0	0	1	0.00
35   15	|	0	1	0	0	0	 - 
35   19	|	1	27	1	0	4	0.17
35   20	|	0	1	0	0	1	0.00
35   21	|	0	1	0	0	0	 - 
35   22	|	0	3	1	0	0	0.00
35   23	|	0	1	1	0	0	0.00
35   25	|	0	0	2	0	1	0.00
35   27	|	0	1	0	0	0	 - 
35   29	|	0	1	0	0	0	 - 
35   32	|	1	6	1	0	0	0.50
35   34	|	1	1	1	1	1	0.25
35   35	|	0	1	0	0	0	 - 
35   36	|	1	5	0	0	0	1.00
35   37	|	0	2	0	0	0	 - 
35   38	|	1	1	0	0	0	1.00
35   39	|	0	1	0	0	0	 - 
35   40	|	1	6	1	0	0	0.50
35   41	|	1	20	2	0	0	0.33
35   42	|	1	0	0	0	1	0.50
35   43	|	0	2	0	0	1	0.00
35   45	|	4	7	1	3	3	0.36
35   46	|	1	1	1	3	3	0.13
35   47	|	0	2	0	0	0	 - 
35   48	|	0	3	2	0	0	0.00
35   49	|	0	1	0	0	0	 - 
35   51	|	0	6	1	1	3	0.00

36   1	|	0	1	1	0	0	0.00
36   3	|	0	5	1	1	1	0.00
36   6	|	0	1	0	0	0	 - 
36   7	|	1	5	0	0	0	1.00
36   8	|	0	1	0	0	0	 - 
36   9	|	0	3	0	1	0	0.00
36   12	|	0	4	1	0	1	0.00
36   13	|	0	1	0	1	0	0.00
36   18	|	0	1	0	0	0	 - 
36   19	|	0	9	3	1	6	0.00
36   20	|	0	2	3	0	1	0.00
36   23	|	0	0	0	1	0	0.00
36   25	|	0	2	1	1	2	0.00
36   26	|	0	0	0	0	1	0.00
36   32	|	0	3	0	1	0	0.00
36   34	|	0	4	0	1	2	0.00
36   36	|	0	2	0	0	0	 - 
36   39	|	0	1	0	0	0	 - 
36   40	|	0	6	0	1	0	0.00
36   41	|	0	7	0	1	2	0.00
36   45	|	0	0	0	1	0	0.00
36   53	|	0	0	0	1	0	0.00

37   1	|	0	2	0	0	0	 - 
37   3	|	0	3	0	0	0	 - 
37   6	|	0	1	0	0	0	 - 
37   7	|	0	1	0	0	0	 - 
37   9	|	0	1	0	0	0	 - 
37   11	|	0	1	0	0	0	 - 
37   12	|	1	3	0	0	1	0.50
37   13	|	0	1	0	0	2	0.00
37   14	|	1	0	0	0	0	1.00
37   15	|	0	1	0	0	1	0.00
37   19	|	1	6	3	1	4	0.11
37   20	|	0	0	0	0	1	0.00
37   21	|	0	0	0	1	0	0.00
37   22	|	0	0	0	1	0	0.00
37   23	|	0	0	1	1	4	0.00
37   24	|	1	0	0	1	1	0.33
37   25	|	1	1	1	1	3	0.17
37   26	|	0	1	0	0	2	0.00
37   27	|	0	0	0	1	2	0.00
37   32	|	0	1	0	0	0	 - 
37   34	|	0	2	0	0	0	 - 
37   35	|	1	0	0	0	0	1.00
37   36	|	0	1	0	0	0	 - 
37   37	|	0	0	0	0	1	0.00
37   39	|	0	0	0	1	0	0.00
37   40	|	0	2	1	0	0	0.00
37   41	|	0	3	2	0	1	0.00
37   42	|	1	1	3	1	3	0.13
37   43	|	0	2	0	0	1	0.00
37   45	|	0	5	10	3	18	0.00
37   46	|	0	5	2	1	4	0.00
37   47	|	0	1	1	1	0	0.00
37   48	|	0	0	0	0	4	0.00
37   49	|	0	0	0	0	1	0.00
37   51	|	0	6	1	2	18	0.00
37   52	|	0	0	0	0	1	0.00
37   53	|	0	2	2	3	3	0.00

38   1	|	0	1	0	0	0	 - 
38   3	|	0	6	0	0	0	 - 
38   7	|	0	4	0	0	1	0.00
38   9	|	1	2	0	0	1	0.50
38   11	|	0	2	0	0	0	 - 
38   12	|	0	1	0	0	0	 - 
38   14	|	0	1	0	0	0	 - 
38   19	|	1	2	1	0	7	0.11
38   20	|	0	0	0	0	2	0.00
38   22	|	0	1	0	0	0	 - 
38   25	|	0	1	0	0	0	 - 
38   30	|	0	1	0	0	0	 - 
38   32	|	0	0	0	0	1	0.00
38   34	|	0	0	1	0	1	0.00
38   35	|	0	1	0	0	0	 - 
38   37	|	0	1	0	0	0	 - 
38   40	|	0	2	1	0	1	0.00
38   41	|	0	2	1	0	1	0.00

39   1	|	0	1	0	0	0	 - 
39   3	|	1	0	0	0	0	1.00
39   7	|	0	2	0	0	0	 - 
39   9	|	0	1	0	0	0	 - 
39   14	|	0	1	0	0	0	 - 
39   19	|	0	0	0	0	1	0.00
39   20	|	0	0	1	0	0	0.00
39   23	|	0	1	1	0	0	0.00
39   25	|	0	0	1	0	0	0.00
39   45	|	0	1	0	0	0	 - 
39   46	|	0	1	0	0	0	 - 
39   48	|	0	1	0	0	0	 - 
39   51	|	0	0	1	0	0	0.00
39   52	|	0	1	0	0	0	 - 
39   53	|	0	0	0	0	1	0.00

40   1	|	0	27	0	0	0	 - 
40   2	|	0	1	0	0	0	 - 
40   3	|	0	28	2	0	2	0.00
40   4	|	0	3	0	0	0	 - 
40   5	|	0	1	0	0	0	 - 
40   6	|	0	3	0	0	0	 - 
40   7	|	3	37	1	0	0	0.75
40   9	|	2	16	0	0	0	1.00
40   11	|	0	1	0	0	0	 - 
40   12	|	0	22	3	0	0	0.00
40   14	|	1	5	0	0	0	1.00
40   16	|	0	1	0	0	0	 - 
40   17	|	0	1	0	0	0	 - 
40   22	|	0	3	1	0	1	0.00
40   29	|	0	1	0	0	0	 - 
40   32	|	0	4	1	0	1	0.00
40   34	|	1	16	0	0	2	0.33
40   36	|	1	13	0	0	0	1.00
40   37	|	0	2	1	0	0	0.00
40   40	|	1	16	1	0	1	0.33
40   41	|	5	25	2	2	0	0.56

41   1	|	5	37	2	0	1	0.63
41   2	|	0	6	0	0	1	0.00
41   3	|	2	51	1	0	1	0.50
41   6	|	0	2	0	0	0	 - 
41   7	|	7	86	8	0	3	0.39
41   9	|	3	35	4	0	1	0.38
41   11	|	0	2	0	0	0	 - 
41   18	|	0	1	0	0	0	 - 
41   29	|	1	2	0	0	0	1.00
41   33	|	0	1	0	0	0	 - 
41   36	|	1	17	0	0	0	1.00
41   38	|	0	1	0	0	0	 - 
41   40	|	4	24	1	2	1	0.50
41   44	|	0	3	0	0	0	 - 

42   1	|	1	35	1	0	1	0.33
42   2	|	0	3	0	0	0	 - 
42   3	|	5	42	1	1	3	0.50
42   7	|	4	49	3	1	0	0.50
42   8	|	0	2	0	0	0	 - 
42   9	|	3	25	1	0	1	0.60
42   11	|	0	5	0	0	0	 - 
42   30	|	1	1	0	0	0	1.00
42   32	|	2	7	2	0	1	0.40
42   36	|	0	18	2	1	0	0.00
42   38	|	0	1	0	0	0	 - 
42   40	|	1	22	1	1	2	0.20

43   1	|	0	8	2	0	0	0.00
43   2	|	0	1	0	0	0	 - 
43   3	|	0	7	0	0	0	 - 
43   5	|	0	1	0	0	0	 - 
43   9	|	0	15	0	0	2	0.00
43   11	|	0	3	0	0	0	 - 
43   44	|	0	1	1	0	0	0.00

44   1	|	0	8	0	0	0	 - 
44   3	|	2	15	0	0	0	1.00
44   4	|	1	1	0	0	0	1.00
44   8	|	0	1	0	0	1	0.00
44   9	|	0	4	1	0	0	0.00
44   11	|	0	1	0	0	0	 - 
44   14	|	0	2	0	0	0	 - 
44   35	|	0	1	0	0	0	 - 
44   37	|	0	0	1	0	0	0.00
44   44	|	0	1	0	0	0	 - 
44   48	|	0	0	0	0	1	0.00

45   1	|	0	2	0	0	0	 - 
45   3	|	0	2	0	0	0	 - 
45   9	|	0	2	0	0	0	 - 
45   34	|	0	3	0	0	0	 - 
45   40	|	0	1	0	0	0	 - 
45   41	|	1	1	0	0	0	1.00

46   1	|	1	6	1	0	1	0.33
46   11	|	0	1	1	0	0	0.00
46   37	|	0	6	1	0	0	0.00

47   1	|	0	2	0	0	0	 - 
47   7	|	0	1	0	0	0	 - 
47   35	|	0	1	0	0	0	 - 
47   37	|	0	1	0	0	0	 - 
47   48	|	0	0	0	1	0	0.00

48   1	|	1	0	0	0	0	1.00
48   3	|	0	4	0	0	0	 - 
48   7	|	0	3	0	0	0	 - 
48   9	|	0	2	0	0	0	 - 
48   12	|	0	1	0	0	0	 - 
48   22	|	0	1	0	0	0	 - 
48   41	|	1	1	1	0	0	0.50

50   1	|	9	60	5	0	2	0.56
50   2	|	0	9	0	0	0	 - 
50   3	|	3	101	7	2	4	0.19
50   5	|	0	2	0	0	0	 - 
50   6	|	0	3	0	0	0	 - 
50   7	|	2	46	2	1	5	0.20
50   9	|	6	58	3	0	0	0.67
50   10	|	0	1	0	0	0	 - 
50   12	|	2	22	1	0	3	0.33
50   14	|	0	9	2	0	0	0.00
50   29	|	0	2	0	0	0	 - 
50   32	|	1	7	0	0	1	0.50
50   33	|	0	1	0	0	0	 - 
50   34	|	0	24	2	0	0	0.00
50   36	|	1	22	0	1	1	0.33
50   38	|	0	2	0	0	0	 - 
50   40	|	0	16	2	0	1	0.00

50   43	|	1	3	0	0	0	1.00
50   44	|	0	2	0	0	0	 - 

51   1	|	11	151	4	0	2	0.65
51   2	|	0	5	1	0	1	0.00
51   3	|	10	208	13	2	8	0.30
51   9	|	11	122	4	3	3	0.52
51   10	|	0	1	0	0	0	 - 
51   11	|	1	10	0	0	0	1.00
51   14	|	1	20	1	0	0	0.50
51   29	|	0	2	0	0	0	 - 
51   33	|	0	1	0	0	0	 - 

52   1	|	6	84	6	0	5	0.35
52   2	|	0	6	1	0	0	0.00
52   3	|	9	117	2	4	0	0.60
52   5	|	2	4	0	0	0	1.00
52   9	|	4	81	3	0	4	0.36
52   10	|	0	3	1	0	0	0.00
52   11	|	0	6	0	0	0	 - 
52   18	|	0	1	1	0	0	0.00
52   38	|	0	5	0	2	0	0.00
52   44	|	1	5	1	1	0	0.33

53   1	|	1	41	3	0	1	0.20
53   11	|	0	1	0	0	0	 - 
53   16	|	1	0	0	0	0	1.00
53   36	|	0	13	1	3	2	0.00
53   44	|	0	3	1	0	0	0.00

54   1	|	1	28	1	0	1	0.33
54   43	|	0	1	0	0	0	 - 

55   3	|	0	7	0	0	0	 - 
55   7	|	0	5	0	0	0	 - 
55   9	|	0	3	0	0	0	 - 
55   11	|	0	1	0	0	0	 - 
55   34	|	0	2	0	0	0	 - 


57   1	|	0	1	0	0	0	 - 
57   8	|	0	3	1	0	0	0.00
57   10	|	0	1	0	0	0	 - 
57   30	|	0	0	0	1	0	0.00

58   1	|	1	6	0	0	0	1.00
58   3	|	2	9	1	0	0	0.67
58   14	|	0	1	0	0	0	 - 
58   33	|	0	1	0	0	0	 - 
58   48	|	0	1	0	0	0	 - 

60   1	|	0	1	0	0	0	 - 
60   2	|	1	0	0	0	0	1.00
60   3	|	1	0	0	0	0	1.00
60   6	|	0	1	0	0	0	 - 
60   12	|	0	0	0	1	0	0.00
60   13	|	0	1	0	0	0	 - 
60   22	|	1	1	0	0	1	0.50
60   28	|	0	3	0	0	0	 - 
60   32	|	1	0	1	0	0	0.50
60   34	|	0	1	0	0	0	 - 
60   36	|	0	1	0	0	0	 - 
60   37	|	1	0	0	0	0	1.00
60   41	|	0	6	0	0	0	 - 
60   42	|	0	4	0	0	0	 - 
60   43	|	0	2	0	0	0	 - 
60   48	|	1	0	0	0	0	1.00
60   49	|	0	0	0	1	0	0.00
60   52	|	0	2	0	0	0	 - 
60   53	|	1	4	0	0	0	1.00

61   1	|	0	1	0	0	0	 - 
61   3	|	0	3	0	0	0	 - 
61   4	|	0	1	0	0	0	 - 
61   5	|	0	1	0	0	0	 - 
61   7	|	0	2	0	0	0	 - 
61   9	|	0	1	0	0	0	 - 
61   10	|	0	1	0	0	0	 - 
61   13	|	0	0	1	0	0	0.00
61   15	|	1	1	0	0	0	1.00
61   23	|	0	1	0	0	0	 - 
61   32	|	0	1	0	0	0	 - 
61   33	|	0	1	0	0	0	 - 
61   34	|	0	1	0	0	0	 - 
61   37	|	0	3	1	0	0	0.00
61   39	|	0	2	0	0	0	 - 
61   41	|	1	2	0	2	1	0.25
61   42	|	1	3	0	0	0	1.00
61   43	|	0	0	1	0	0	0.00
61   52	|	0	3	0	0	0	 - 
61   53	|	0	1	0	1	0	0.00

71   12	|	1	0	0	0	0	1.00
71   14	|	0	2	0	0	0	 - 
71   15	|	0	1	1	0	0	0.00
71   22	|	0	2	1	0	0	0.00
71   24	|	0	1	0	0	0	 - 
71   34	|	0	1	0	0	0	 - 
71   36	|	0	1	0	0	0	 - 
71   40	|	0	1	0	0	0	 - 
71   41	|	1	6	3	0	0	0.25
71   48	|	0	1	0	0	0	 - 
71   52	|	0	1	0	0	0	 - 
71   53	|	0	2	0	0	1	0.00

72   1	|	0	0	0	0	1	0.00
72   12	|	0	0	0	0	1	0.00
72   23	|	0	1	0	0	0	 - 
72   36	|	0	2	0	0	0	 - 
72   39	|	0	1	0	0	0	 - 
72   41	|	0	1	0	0	0	 - 
72   42	|	0	0	1	0	0	0.00

80   1	|	0	17	0	0	1	0.00
80   3	|	1	16	1	0	2	0.25
80   4	|	1	1	0	0	0	1.00
80   7	|	1	6	0	0	0	1.00
80   9	|	0	13	0	0	0	 - 
80   12	|	1	1	0	0	0	1.00
80   13	|	0	1	1	0	0	0.00
80   14	|	0	1	0	0	0	 - 
80   19	|	1	6	0	0	0	1.00
80   22	|	1	2	0	0	0	1.00
80   23	|	0	3	0	0	0	 - 
80   25	|	0	0	1	0	0	0.00
80   27	|	0	1	0	0	0	 - 
80   32	|	0	1	0	0	1	0.00
80   34	|	0	2	0	1	0	0.00
80   36	|	1	4	0	0	0	1.00
80   38	|	0	1	0	0	0	 - 
80   40	|	0	6	0	0	0	 - 
80   41	|	2	6	0	0	0	1.00
80   42	|	1	0	0	0	0	1.00
80   44	|	0	1	0	0	0	 - 
80   45	|	0	0	1	0	2	0.00
80   46	|	0	0	0	1	1	0.00
80   51	|	0	1	1	1	0	0.00
80   53	|	0	0	0	0	2	0.00

81   1	|	1	6	0	0	0	1.00
81   3	|	0	8	0	0	2	0.00
81   6	|	0	1	0	0	0	 - 
81   7	|	0	2	0	1	0	0.00
81   9	|	0	3	0	0	0	 - 
81   11	|	0	1	0	0	0	 - 
81   12	|	0	5	0	0	0	 - 
81   19	|	0	6	0	0	0	 - 
81   25	|	0	3	0	0	0	 - 
81   32	|	0	1	0	0	1	0.00
81   34	|	1	0	0	0	0	1.00
81   38	|	0	1	0	0	0	 - 
81   40	|	0	1	0	0	0	 - 
81   41	|	0	1	0	0	0	 - 
81   45	|	1	0	1	0	2	0.25
81   46	|	0	1	0	0	0	 - 

82   1	|	0	12	1	0	0	0.00
82   3	|	2	13	1	0	0	0.67
82   5	|	1	0	0	0	0	1.00
82   6	|	0	2	0	0	0	 - 
82   7	|	1	5	0	0	0	1.00
82   9	|	1	10	1	0	1	0.33
82   11	|	0	2	0	0	0	 - 
82   12	|	0	7	0	0	0	 - 
82   13	|	1	0	2	0	0	0.33
82   14	|	1	1	0	0	0	1.00
82   19	|	1	4	0	1	3	0.20
82   20	|	0	1	0	0	0	 - 
82   22	|	0	2	0	0	1	0.00
82   23	|	0	1	0	0	0	 - 
82   25	|	0	1	0	0	1	0.00
82   26	|	0	0	1	0	0	0.00
82   32	|	0	0	1	0	0	0.00
82   34	|	0	6	0	1	0	0.00
82   35	|	0	1	0	0	1	0.00
82   36	|	0	6	0	0	0	 - 
82   39	|	0	1	0	0	0	 - 
82   40	|	0	6	0	0	0	 - 
82   41	|	0	8	1	0	0	0.00
82   43	|	0	1	0	0	0	 - 
82   45	|	0	7	1	2	2	0.00
82   46	|	0	1	1	1	1	0.00
82   47	|	0	4	0	0	0	 - 
82   48	|	0	1	0	0	0	 - 
82   51	|	0	4	0	0	0	 - 

83   1	|	0	1	0	0	0	 - 
83   3	|	0	1	0	0	0	 - 
83   7	|	1	3	0	0	0	1.00
83   9	|	0	1	0	0	0	 - 
83   12	|	0	2	0	0	0	 - 
83   14	|	0	1	0	0	1	0.00
83   19	|	0	3	0	0	0	 - 
83   23	|	0	1	0	0	0	 - 
83   25	|	0	1	0	0	0	 - 
83   34	|	0	1	0	0	0	 - 
83   36	|	0	1	0	0	0	 - 
83   40	|	0	2	0	0	0	 - 
83   41	|	0	1	0	0	0	 - 
83   45	|	0	0	0	0	1	0.00
83   46	|	0	1	0	0	0	 - 

84   1	|	1	3	1	0	0	0.50
84   2	|	0	1	0	0	0	 - 
84   3	|	1	6	0	0	0	1.00
84   7	|	0	1	0	0	0	 - 
84   12	|	0	3	0	0	0	 - 
84   13	|	0	1	0	0	0	 - 
84   19	|	0	2	0	0	0	 - 
84   20	|	0	1	0	0	0	 - 
84   34	|	0	1	0	0	0	 - 
84   35	|	0	1	0	0	0	 - 
84   36	|	0	1	0	0	0	 - 
84   37	|	0	0	1	0	0	0.00
84   40	|	0	3	0	0	0	 - 
84   41	|	0	3	0	0	1	0.00
84   45	|	0	3	0	0	0	 - 
84   47	|	0	1	0	0	0	 - 

86   1	|	0	3	0	0	0	 - 
86   3	|	0	1	0	0	0	 - 
86   7	|	0	5	0	0	0	 - 
86   9	|	0	1	0	0	0	 - 
86   11	|	0	1	0	0	0	 - 
86   12	|	0	1	2	0	0	0.00
86   13	|	0	1	0	0	0	 - 
86   19	|	0	0	1	0	1	0.00
86   22	|	0	0	0	0	1	0.00
86   23	|	0	1	0	0	0	 - 
86   34	|	1	0	0	0	0	1.00
86   37	|	0	0	0	0	1	0.00
86   40	|	0	1	0	0	0	 - 
86   41	|	0	1	0	0	0	 - 
86   42	|	0	0	0	0	2	0.00
86   45	|	0	2	0	0	3	0.00
86   46	|	0	0	0	0	3	0.00
86   48	|	0	1	0	0	1	0.00
86   51	|	0	0	0	0	3	0.00
86   52	|	0	0	0	0	1	0.00

