0   1	|	0	3	0	0	1	0.00
0   2	|	2	28	6	0	6	0.14
0   3	|	0	4	0	0	2	0.00
0   4	|	0	7	4	0	2	0.00
0   5	|	1	9	3	0	1	0.20
0   7	|	0	4	0	0	1	0.00
0   8	|	0	1	0	0	2	0.00
0   9	|	0	2	0	7	5	0.00
0   10	|	0	10	1	1	3	0.00
0   12	|	1	1	0	2	3	0.17
0   13	|	0	8	2	2	4	0.00
0   14	|	0	0	0	0	1	0.00
0   15	|	0	5	2	0	2	0.00
0   17	|	0	1	0	0	0	 - 
0   18	|	0	0	0	0	1	0.00
0   22	|	0	1	2	1	6	0.00
0   23	|	0	3	1	1	6	0.00
0   24	|	0	0	0	0	1	0.00
0   28	|	0	1	0	0	0	 - 
0   30	|	0	0	1	0	5	0.00
0   34	|	0	0	0	0	4	0.00
0   35	|	0	2	0	0	1	0.00
0   36	|	0	0	0	1	3	0.00
0   37	|	0	10	3	1	6	0.00
0   38	|	0	0	0	0	1	0.00
0   40	|	0	2	1	6	10	0.00
0   41	|	1	4	0	6	14	0.05
0   43	|	0	1	0	0	0	 - 
0   52	|	0	0	1	0	1	0.00
0   53	|	0	1	1	1	0	0.00

1   1	|	0	7	0	0	0	 - 
1   2	|	2	49	3	0	10	0.13
1   3	|	0	13	1	0	2	0.00
1   4	|	0	10	2	0	3	0.00
1   5	|	0	13	2	1	2	0.00
1   7	|	0	5	3	0	7	0.00
1   8	|	0	1	0	0	2	0.00
1   9	|	0	3	2	9	7	0.00
1   10	|	2	22	5	1	4	0.17
1   12	|	0	3	1	2	5	0.00
1   13	|	0	11	1	2	12	0.00
1   14	|	0	0	0	0	1	0.00
1   15	|	0	7	1	0	6	0.00
1   22	|	0	1	1	2	5	0.00
1   23	|	0	5	0	1	5	0.00
1   24	|	0	0	0	0	1	0.00
1   28	|	0	2	1	0	4	0.00
1   30	|	0	1	0	1	3	0.00
1   32	|	0	0	0	0	1	0.00
1   33	|	0	2	0	0	0	 - 
1   34	|	0	1	0	0	5	0.00
1   35	|	0	1	1	0	2	0.00
1   36	|	0	2	1	1	5	0.00
1   37	|	0	17	2	0	4	0.00
1   38	|	0	0	1	0	2	0.00
1   40	|	0	3	4	4	13	0.00
1   41	|	0	2	3	1	19	0.00
1   43	|	0	0	0	0	2	0.00
1   52	|	0	3	1	2	2	0.00
1   53	|	0	1	0	1	3	0.00

10   1	|	7	142	13	0	23	0.16
10   2	|	0	10	3	0	1	0.00
10   3	|	10	226	26	1	42	0.13
10   4	|	0	11	2	0	2	0.00
10   5	|	1	2	1	0	3	0.20
10   6	|	0	6	0	0	1	0.00
10   7	|	2	91	14	1	29	0.04
10   8	|	0	6	0	0	1	0.00
10   9	|	3	74	11	5	18	0.08
10   10	|	0	4	0	0	5	0.00
10   11	|	0	11	1	0	1	0.00
10   12	|	3	56	12	6	24	0.07
10   13	|	0	23	4	1	16	0.00
10   14	|	2	19	1	1	4	0.25
10   15	|	0	5	1	1	7	0.00
10   16	|	0	2	0	0	1	0.00
10   18	|	0	3	0	0	2	0.00
10   22	|	1	20	9	1	36	0.02
10   23	|	0	11	8	8	37	0.00
10   24	|	1	14	4	3	15	0.04
10   28	|	0	1	0	0	1	0.00
10   29	|	0	0	0	0	1	0.00
10   30	|	0	3	1	0	7	0.00
10   32	|	3	18	4	1	5	0.23
10   33	|	0	2	1	1	2	0.00
10   34	|	2	66	14	2	29	0.04
10   35	|	0	14	2	1	7	0.00
10   36	|	2	50	9	3	15	0.07
10   37	|	0	23	0	5	9	0.00
10   38	|	0	8	2	0	1	0.00
10   39	|	0	7	0	0	1	0.00
10   40	|	5	38	10	3	21	0.13
10   41	|	3	113	23	12	69	0.03
10   42	|	1	17	3	1	25	0.03
10   43	|	0	13	4	0	8	0.00
10   44	|	0	8	1	0	0	0.00
10   48	|	0	13	6	6	37	0.00
10   49	|	0	1	2	0	4	0.00
10   50	|	0	1	0	0	0	 - 
10   52	|	0	7	1	4	12	0.00
10   53	|	1	4	2	5	37	0.02

11   1	|	6	242	41	0	39	0.07
11   2	|	1	16	4	0	6	0.09
11   3	|	23	476	79	1	97	0.12
11   4	|	0	10	1	0	1	0.00
11   5	|	0	8	2	0	6	0.00
11   6	|	1	12	3	0	0	0.25
11   7	|	6	195	41	5	70	0.05
11   8	|	0	5	1	0	1	0.00
11   9	|	8	165	25	7	47	0.09
11   10	|	0	3	2	2	7	0.00
11   11	|	0	15	0	0	2	0.00
11   12	|	4	139	28	5	87	0.03
11   13	|	2	30	10	3	58	0.03
11   14	|	1	28	4	2	11	0.06
11   15	|	0	13	3	3	30	0.00
11   16	|	0	1	0	0	1	0.00
11   17	|	1	2	0	0	1	0.50
11   18	|	0	4	2	0	20	0.00
11   22	|	1	37	28	16	159	0.00
11   23	|	4	20	22	14	274	0.01
11   24	|	0	24	9	4	61	0.00
11   28	|	0	0	0	0	7	0.00
11   29	|	0	3	0	0	4	0.00
11   30	|	0	3	1	3	13	0.00
11   32	|	3	42	6	1	29	0.08
11   33	|	0	7	1	0	3	0.00
11   34	|	5	143	25	2	64	0.05
11   35	|	0	11	4	0	20	0.00
11   36	|	5	105	19	6	58	0.06
11   37	|	0	26	4	0	44	0.00
11   38	|	0	11	0	0	3	0.00
11   39	|	1	5	0	1	10	0.08
11   40	|	2	84	16	5	98	0.02
11   41	|	7	259	80	23	262	0.02
11   42	|	3	41	18	8	144	0.02
11   43	|	1	16	6	1	26	0.03
11   44	|	0	12	2	0	11	0.00
11   48	|	2	17	22	14	268	0.01
11   49	|	0	2	2	3	40	0.00
11   50	|	0	1	2	1	19	0.00
11   52	|	0	4	5	5	64	0.00
11   53	|	4	17	15	9	184	0.02

12   1	|	5	189	37	1	32	0.07
12   2	|	0	17	1	0	1	0.00
12   3	|	17	334	42	4	47	0.15
12   4	|	0	12	1	1	3	0.00
12   5	|	0	0	0	0	6	0.00
12   6	|	3	7	0	0	1	0.75
12   7	|	3	100	30	2	51	0.03
12   8	|	0	1	0	0	4	0.00
12   9	|	4	114	21	5	28	0.07
12   10	|	0	1	0	2	7	0.00
12   11	|	0	11	2	0	1	0.00
12   12	|	5	65	16	8	61	0.06
12   13	|	1	24	6	2	58	0.01
12   14	|	1	30	2	1	15	0.05
12   15	|	1	7	5	1	28	0.03
12   16	|	0	1	0	0	1	0.00
12   17	|	0	0	0	0	1	0.00
12   18	|	0	2	2	0	5	0.00
12   22	|	0	28	13	6	122	0.00
12   23	|	1	7	5	9	219	0.00
12   24	|	0	9	4	8	66	0.00
12   28	|	1	2	0	2	5	0.13
12   29	|	0	1	0	0	2	0.00
12   30	|	0	3	0	1	15	0.00
12   32	|	1	35	8	3	20	0.03
12   33	|	0	2	0	0	3	0.00
12   34	|	8	96	12	5	41	0.12
12   35	|	1	9	1	1	26	0.03
12   36	|	2	62	15	4	51	0.03
12   37	|	0	15	5	2	41	0.00
12   38	|	0	6	1	0	3	0.00
12   39	|	0	5	1	1	11	0.00
12   40	|	2	62	19	3	69	0.02
12   41	|	5	173	46	26	187	0.02
12   42	|	1	14	8	6	129	0.01
12   43	|	0	12	2	1	24	0.00
12   44	|	1	7	1	0	5	0.14
12   48	|	0	18	10	12	161	0.00
12   49	|	0	2	0	1	31	0.00
12   50	|	0	0	0	0	8	0.00
12   52	|	0	1	2	4	54	0.00
12   53	|	1	4	11	3	148	0.01

13   1	|	2	54	7	3	10	0.09
13   2	|	1	4	0	0	1	0.50
13   3	|	2	84	17	3	22	0.05
13   4	|	0	6	1	0	5	0.00
13   5	|	0	1	0	0	5	0.00
13   6	|	0	0	2	1	1	0.00
13   7	|	1	43	9	0	32	0.02
13   8	|	0	1	0	0	3	0.00
13   9	|	2	21	6	3	25	0.06
13   10	|	0	2	2	0	5	0.00
13   11	|	0	1	1	0	1	0.00
13   12	|	1	20	4	2	57	0.02
13   13	|	1	9	7	3	62	0.01
13   14	|	0	4	2	2	13	0.00
13   15	|	1	5	0	0	20	0.05
13   16	|	0	1	0	0	0	 - 
13   17	|	0	0	0	1	0	0.00
13   18	|	0	4	0	0	10	0.00
13   22	|	1	7	9	8	110	0.01
13   23	|	0	4	13	10	192	0.00
13   24	|	0	2	7	1	59	0.00
13   28	|	0	1	0	0	8	0.00
13   29	|	0	0	0	1	1	0.00
13   30	|	0	0	2	0	10	0.00
13   32	|	0	10	1	1	8	0.00
13   33	|	0	3	0	0	1	0.00
13   34	|	1	24	4	5	44	0.02
13   35	|	0	9	2	3	12	0.00
13   36	|	1	16	5	5	45	0.02
13   37	|	0	7	7	4	32	0.00
13   38	|	0	0	0	0	2	0.00
13   39	|	0	1	2	0	5	0.00
13   40	|	0	7	4	5	59	0.00
13   41	|	1	56	19	12	157	0.01
13   42	|	1	24	11	6	106	0.01
13   43	|	0	5	2	1	23	0.00
13   44	|	0	4	1	2	1	0.00
13   48	|	2	2	7	2	154	0.01
13   49	|	0	2	0	0	26	0.00
13   50	|	0	2	1	0	17	0.00
13   52	|	0	1	4	4	56	0.00
13   53	|	0	7	7	2	109	0.00

14   1	|	1	38	3	0	8	0.08
14   2	|	0	2	0	0	0	 - 
14   3	|	2	51	12	1	26	0.05
14   4	|	0	0	1	0	2	0.00
14   5	|	1	3	0	0	1	0.50
14   6	|	0	1	0	0	1	0.00
14   7	|	0	36	3	2	31	0.00
14   8	|	0	0	0	0	1	0.00
14   9	|	0	17	3	3	35	0.00
14   10	|	0	0	0	0	1	0.00
14   11	|	1	0	0	0	1	0.50
14   12	|	2	26	6	5	46	0.03
14   13	|	0	4	3	0	57	0.00
14   14	|	1	5	2	1	11	0.07
14   15	|	0	3	3	0	21	0.00
14   16	|	0	1	0	0	0	 - 
14   17	|	0	0	0	0	2	0.00
14   18	|	0	0	0	0	5	0.00
14   22	|	0	6	3	6	120	0.00
14   23	|	0	5	8	3	208	0.00
14   24	|	0	3	5	3	69	0.00
14   28	|	0	0	0	1	3	0.00
14   29	|	0	1	0	0	3	0.00
14   30	|	0	1	0	0	7	0.00
14   32	|	0	4	1	0	15	0.00
14   33	|	0	0	1	0	1	0.00
14   34	|	0	15	6	0	27	0.00
14   35	|	0	4	1	0	12	0.00
14   36	|	0	13	6	5	27	0.00
14   37	|	0	5	2	1	38	0.00
14   38	|	0	2	0	0	1	0.00
14   39	|	0	2	0	0	13	0.00
14   40	|	0	15	10	0	45	0.00
14   41	|	1	35	16	13	151	0.01
14   42	|	3	14	8	3	114	0.02
14   43	|	0	0	2	1	20	0.00
14   44	|	0	5	0	0	3	0.00
14   48	|	0	9	7	4	183	0.00
14   49	|	0	0	2	3	27	0.00
14   50	|	0	0	0	0	6	0.00
14   52	|	0	0	3	2	47	0.00
14   53	|	0	1	3	1	91	0.00

15   1	|	0	8	0	0	2	0.00
15   2	|	0	1	0	0	0	 - 
15   3	|	1	18	3	0	5	0.11
15   5	|	0	0	0	0	1	0.00
15   6	|	0	1	0	0	0	 - 
15   7	|	1	7	0	0	2	0.33
15   9	|	0	4	0	0	2	0.00
15   12	|	0	10	1	0	3	0.00
15   13	|	0	0	0	0	1	0.00
15   14	|	0	2	0	0	1	0.00
15   15	|	0	0	0	0	1	0.00
15   22	|	0	1	2	0	4	0.00
15   23	|	0	0	2	0	2	0.00
15   24	|	0	1	0	0	1	0.00
15   32	|	0	4	0	0	0	 - 
15   33	|	0	1	0	0	0	 - 
15   34	|	0	5	1	0	0	0.00
15   35	|	0	0	1	0	0	0.00
15   36	|	0	5	2	3	1	0.00
15   37	|	0	1	1	0	1	0.00
15   40	|	0	4	0	0	0	 - 
15   41	|	0	7	2	0	4	0.00
15   42	|	0	1	1	0	1	0.00
15   48	|	0	0	2	0	3	0.00
15   49	|	0	1	0	0	0	 - 
15   52	|	0	1	0	2	1	0.00
15   53	|	0	0	0	0	3	0.00

16   1	|	2	42	3	0	7	0.17
16   2	|	0	6	1	0	3	0.00
16   3	|	5	57	16	5	15	0.12
16   4	|	0	7	2	0	2	0.00
16   5	|	0	2	4	0	4	0.00
16   6	|	1	3	1	0	1	0.33
16   7	|	1	29	7	0	34	0.02
16   8	|	0	8	1	1	9	0.00
16   9	|	0	28	4	1	36	0.00
16   10	|	1	8	3	3	6	0.08
16   11	|	0	2	0	0	0	 - 
16   12	|	1	39	9	10	88	0.01
16   13	|	3	58	22	5	121	0.02
16   14	|	0	7	1	0	18	0.00
16   15	|	2	9	8	1	42	0.04
16   16	|	0	1	0	0	0	 - 
16   17	|	0	1	1	0	2	0.00
16   18	|	0	2	3	2	12	0.00
16   22	|	0	14	12	11	180	0.00
16   23	|	0	38	24	28	304	0.00
16   24	|	0	10	5	3	77	0.00
16   28	|	0	1	0	3	10	0.00
16   29	|	0	1	1	0	7	0.00
16   30	|	0	4	3	2	19	0.00
16   32	|	0	15	1	0	13	0.00
16   33	|	2	3	2	0	3	0.29
16   34	|	1	30	9	3	42	0.02
16   35	|	0	23	2	1	28	0.00
16   36	|	1	27	4	10	50	0.02
16   37	|	1	45	23	3	82	0.01
16   38	|	1	3	0	1	5	0.14
16   39	|	0	3	3	1	6	0.00
16   40	|	4	31	9	7	116	0.03
16   41	|	3	58	30	15	250	0.01
16   42	|	3	75	34	10	201	0.01
16   43	|	0	5	2	0	29	0.00
16   44	|	0	1	1	0	4	0.00
16   48	|	1	14	20	14	219	0.00
16   49	|	0	4	4	1	47	0.00
16   50	|	0	0	1	0	14	0.00
16   52	|	1	13	9	7	83	0.01
16   53	|	1	21	16	17	185	0.00

17   1	|	0	7	0	0	0	 - 
17   3	|	0	9	3	1	2	0.00
17   4	|	1	0	0	0	0	1.00
17   7	|	0	4	0	0	1	0.00
17   8	|	0	1	0	0	0	 - 
17   9	|	1	4	1	0	4	0.17
17   10	|	0	2	0	0	0	 - 
17   12	|	1	4	1	0	5	0.14
17   13	|	0	6	0	0	4	0.00
17   14	|	0	0	0	1	1	0.00
17   15	|	0	2	1	1	8	0.00
17   18	|	0	0	0	0	1	0.00
17   22	|	0	2	0	1	6	0.00
17   23	|	0	2	4	3	11	0.00
17   24	|	0	1	0	0	3	0.00
17   28	|	0	1	0	0	1	0.00
17   30	|	0	1	0	0	0	 - 
17   32	|	0	4	0	0	1	0.00
17   33	|	0	1	0	0	0	 - 
17   34	|	1	1	0	0	5	0.17
17   35	|	0	0	1	0	1	0.00
17   36	|	0	4	0	0	7	0.00
17   37	|	0	6	1	0	4	0.00
17   38	|	0	1	0	0	0	 - 
17   40	|	0	4	1	0	6	0.00
17   41	|	0	9	2	2	13	0.00
17   42	|	1	7	1	1	6	0.11
17   43	|	0	1	0	0	1	0.00
17   44	|	0	0	0	0	2	0.00
17   48	|	0	0	0	1	9	0.00
17   49	|	0	0	1	0	2	0.00
17   52	|	0	1	0	0	3	0.00
17   53	|	0	1	3	1	2	0.00

18   1	|	0	8	1	0	2	0.00
18   3	|	0	20	2	0	3	0.00
18   5	|	0	1	0	0	1	0.00
18   7	|	0	5	0	0	1	0.00
18   9	|	1	3	0	0	1	0.50
18   11	|	0	1	0	0	0	 - 
18   12	|	0	4	0	0	1	0.00
18   13	|	0	0	0	0	1	0.00
18   14	|	0	1	0	0	0	 - 
18   15	|	0	0	0	0	1	0.00
18   17	|	0	0	1	0	0	0.00
18   18	|	0	1	0	0	1	0.00
18   22	|	0	0	0	1	2	0.00
18   23	|	0	1	0	0	7	0.00
18   24	|	0	1	0	0	2	0.00
18   30	|	0	1	0	0	1	0.00
18   32	|	0	0	0	1	0	0.00
18   34	|	0	4	0	0	2	0.00
18   35	|	0	1	0	0	0	 - 
18   36	|	0	9	2	0	2	0.00
18   37	|	1	0	0	0	1	0.50
18   38	|	0	2	0	0	0	 - 
18   39	|	1	2	0	0	0	1.00
18   40	|	0	1	0	0	1	0.00
18   41	|	0	9	2	1	8	0.00
18   42	|	0	0	0	0	1	0.00
18   43	|	0	3	0	0	0	 - 
18   44	|	0	1	0	0	0	 - 
18   48	|	0	1	1	1	2	0.00
18   52	|	0	1	0	0	0	 - 
18   53	|	0	0	0	0	2	0.00

20   1	|	2	11	2	0	6	0.20
20   3	|	2	14	6	0	4	0.17
20   4	|	0	1	0	0	1	0.00
20   5	|	0	2	0	0	1	0.00
20   6	|	0	3	0	0	0	 - 
20   7	|	0	12	1	0	4	0.00
20   9	|	0	9	3	0	8	0.00
20   12	|	0	16	4	0	13	0.00
20   13	|	0	5	1	1	6	0.00
20   14	|	0	1	0	0	0	 - 
20   15	|	0	1	0	0	5	0.00
20   17	|	0	1	0	0	0	 - 
20   18	|	0	0	0	0	1	0.00
20   22	|	0	3	1	0	15	0.00
20   23	|	0	2	0	1	18	0.00
20   24	|	0	2	1	1	5	0.00
20   28	|	0	0	0	0	2	0.00
20   30	|	0	0	0	0	1	0.00
20   31	|	0	6	0	0	2	0.00
20   32	|	0	1	2	0	4	0.00
20   34	|	0	3	2	1	4	0.00
20   35	|	0	0	0	0	3	0.00
20   36	|	0	7	2	1	6	0.00
20   37	|	1	0	1	0	9	0.09
20   38	|	0	0	1	0	0	0.00
20   39	|	1	1	1	0	0	0.50
20   40	|	0	5	3	2	8	0.00
20   41	|	1	13	5	3	35	0.02
20   42	|	0	3	3	3	16	0.00
20   43	|	0	0	1	0	3	0.00
20   48	|	0	3	3	1	29	0.00
20   49	|	0	2	1	0	22	0.00
20   50	|	0	1	0	0	3	0.00
20   52	|	0	2	0	2	7	0.00
20   53	|	0	3	6	1	21	0.00

21   1	|	0	94	20	0	29	0.00
21   2	|	0	3	1	0	5	0.00
21   3	|	9	164	24	1	60	0.10
21   4	|	0	4	1	1	1	0.00
21   5	|	0	4	1	0	3	0.00
21   6	|	0	10	3	0	1	0.00
21   7	|	3	60	12	1	36	0.06
21   8	|	0	2	1	0	2	0.00
21   9	|	3	80	22	0	36	0.05
21   10	|	0	3	0	0	2	0.00
21   11	|	0	6	0	0	0	 - 
21   12	|	4	92	21	3	64	0.04
21   13	|	1	7	4	5	28	0.03
21   14	|	0	17	3	0	5	0.00
21   15	|	0	4	2	0	21	0.00
21   16	|	0	2	0	0	0	 - 
21   17	|	0	2	2	0	1	0.00
21   18	|	0	2	0	2	4	0.00
21   22	|	1	33	7	2	66	0.01
21   23	|	4	4	4	2	68	0.05
21   24	|	0	11	7	0	31	0.00
21   28	|	0	0	0	1	7	0.00
21   29	|	0	0	1	0	3	0.00
21   30	|	0	1	1	0	2	0.00
21   31	|	0	39	8	1	17	0.00
21   32	|	0	18	1	0	13	0.00
21   33	|	0	4	0	0	1	0.00
21   34	|	1	23	8	4	29	0.02
21   35	|	0	4	1	0	3	0.00
21   36	|	4	37	9	0	29	0.10
21   37	|	0	10	6	1	30	0.00
21   38	|	0	14	1	0	1	0.00
21   39	|	0	5	1	0	3	0.00
21   40	|	2	50	13	3	48	0.03
21   41	|	3	100	37	6	109	0.02
21   42	|	2	14	11	1	77	0.02
21   43	|	1	11	5	0	15	0.05
21   44	|	0	3	1	0	6	0.00
21   48	|	2	25	16	3	133	0.01
21   49	|	1	4	4	1	64	0.01
21   50	|	0	5	2	1	28	0.00
21   52	|	1	4	3	1	40	0.02
21   53	|	0	7	15	4	121	0.00

22   1	|	0	33	6	0	11	0.00
22   2	|	0	1	0	0	3	0.00
22   3	|	2	48	9	6	35	0.04
22   4	|	0	1	1	0	4	0.00
22   5	|	0	3	2	1	7	0.00
22   6	|	0	3	0	0	1	0.00
22   7	|	0	16	4	6	47	0.00
22   8	|	0	0	0	0	6	0.00
22   9	|	1	24	11	1	64	0.01
22   10	|	0	0	1	1	6	0.00
22   11	|	0	2	0	0	1	0.00
22   12	|	0	23	22	2	126	0.00
22   13	|	0	10	11	5	79	0.00
22   14	|	0	4	2	1	18	0.00
22   15	|	0	7	4	2	75	0.00
22   16	|	0	1	0	0	1	0.00
22   17	|	0	0	0	0	4	0.00
22   18	|	0	1	2	4	30	0.00
22   22	|	1	13	13	3	237	0.00
22   23	|	2	17	24	13	424	0.00
22   24	|	0	13	4	5	133	0.00
22   28	|	0	2	0	0	13	0.00
22   29	|	0	0	0	0	6	0.00
22   30	|	0	2	0	0	18	0.00
22   31	|	0	9	3	0	22	0.00
22   32	|	0	8	2	2	30	0.00
22   33	|	0	2	3	0	4	0.00
22   34	|	1	18	6	5	49	0.02
22   35	|	0	2	6	2	45	0.00
22   36	|	0	9	10	2	86	0.00
22   37	|	0	16	18	4	137	0.00
22   38	|	0	1	0	0	5	0.00
22   39	|	1	2	2	2	22	0.04
22   40	|	1	16	8	9	124	0.01
22   41	|	1	48	42	13	288	0.00
22   42	|	1	34	40	14	400	0.00
22   43	|	1	5	7	3	83	0.01
22   44	|	0	5	4	2	15	0.00
22   48	|	4	29	51	12	843	0.00
22   49	|	1	15	19	10	446	0.00
22   50	|	0	9	12	4	166	0.00
22   52	|	0	10	12	4	214	0.00
22   53	|	0	20	34	5	565	0.00

23   1	|	3	37	12	1	24	0.08
23   3	|	1	81	22	11	74	0.01
23   4	|	0	1	1	0	4	0.00
23   5	|	0	4	2	1	5	0.00
23   6	|	0	4	0	0	2	0.00
23   7	|	1	27	10	8	84	0.01
23   8	|	0	7	0	0	5	0.00
23   9	|	1	43	14	7	80	0.01
23   10	|	0	1	3	1	7	0.00
23   11	|	0	3	0	0	4	0.00
23   12	|	0	36	16	2	124	0.00
23   13	|	1	10	19	16	149	0.01
23   14	|	0	2	2	0	30	0.00
23   15	|	0	6	6	2	51	0.00
23   16	|	0	1	0	1	2	0.00
23   17	|	1	0	0	0	4	0.20
23   18	|	0	3	0	0	4	0.00
23   22	|	0	19	11	4	295	0.00
23   23	|	1	7	15	10	225	0.00
23   24	|	1	6	2	3	63	0.01
23   28	|	0	2	1	0	28	0.00
23   29	|	0	0	1	2	8	0.00
23   30	|	0	1	0	0	32	0.00
23   31	|	2	11	4	2	20	0.07
23   32	|	0	7	3	3	37	0.00
23   33	|	0	0	1	1	5	0.00
23   34	|	1	23	17	10	111	0.01
23   35	|	0	3	1	2	29	0.00
23   36	|	2	28	19	3	116	0.01
23   37	|	2	6	7	2	61	0.03
23   38	|	2	2	1	0	3	0.33
23   39	|	0	3	1	0	17	0.00
23   40	|	1	34	15	7	189	0.00
23   41	|	3	69	50	24	485	0.01
23   42	|	0	4	5	3	65	0.00
23   43	|	0	1	0	0	8	0.00
23   44	|	0	1	0	0	6	0.00
23   48	|	0	2	2	4	66	0.00
23   52	|	0	4	3	1	71	0.00
23   53	|	0	5	3	3	133	0.00

24   1	|	0	26	3	2	13	0.00
24   2	|	0	4	2	0	1	0.00
24   3	|	0	31	10	3	44	0.00
24   4	|	0	2	0	0	1	0.00
24   5	|	0	0	1	0	5	0.00
24   6	|	0	2	0	0	0	 - 
24   7	|	0	15	6	4	48	0.00
24   8	|	0	0	1	0	0	0.00
24   9	|	0	17	11	0	59	0.00
24   10	|	0	0	0	0	5	0.00
24   11	|	0	1	0	0	1	0.00
24   12	|	0	13	6	3	68	0.00
24   13	|	0	5	6	0	112	0.00
24   14	|	1	3	2	1	16	0.05
24   15	|	0	4	4	0	31	0.00
24   16	|	0	0	0	0	2	0.00
24   17	|	0	0	0	0	1	0.00
24   18	|	0	2	1	0	6	0.00
24   22	|	0	5	7	3	136	0.00
24   23	|	1	3	10	3	127	0.01
24   24	|	0	3	3	3	37	0.00
24   28	|	0	0	0	0	11	0.00
24   29	|	0	0	0	0	4	0.00
24   30	|	0	0	0	1	15	0.00
24   31	|	0	8	0	0	7	0.00
24   32	|	1	4	0	2	9	0.08
24   33	|	0	0	1	0	3	0.00
24   34	|	1	8	5	3	47	0.02
24   35	|	0	3	2	0	22	0.00
24   36	|	1	11	5	1	57	0.02
24   37	|	0	2	2	2	40	0.00
24   38	|	0	1	1	0	6	0.00
24   39	|	0	0	0	0	7	0.00
24   40	|	1	9	6	1	83	0.01
24   41	|	0	28	16	4	255	0.00
24   42	|	0	4	4	1	48	0.00
24   43	|	0	3	0	0	6	0.00
24   44	|	0	1	1	0	5	0.00
24   48	|	0	0	1	0	35	0.00
24   52	|	1	1	1	0	40	0.02
24   53	|	0	1	0	1	58	0.00

25   1	|	0	6	0	0	3	0.00
25   2	|	0	1	0	0	0	 - 
25   3	|	2	12	2	0	8	0.17
25   5	|	0	0	0	0	1	0.00
25   6	|	0	0	1	0	0	0.00
25   7	|	0	5	0	0	5	0.00
25   9	|	1	5	0	0	5	0.17
25   10	|	0	0	0	0	1	0.00
25   12	|	0	8	1	1	4	0.00
25   13	|	0	1	0	1	1	0.00
25   14	|	0	1	1	0	2	0.00
25   15	|	0	0	1	1	3	0.00
25   16	|	0	1	0	0	0	 - 
25   17	|	0	1	0	0	0	 - 
25   22	|	0	0	1	0	6	0.00
25   23	|	1	1	0	0	7	0.13
25   24	|	0	0	0	1	3	0.00
25   30	|	0	0	0	0	1	0.00
25   32	|	0	2	0	0	2	0.00
25   34	|	0	3	0	0	2	0.00
25   35	|	0	0	0	1	2	0.00
25   36	|	0	1	0	0	0	 - 
25   37	|	0	1	0	0	3	0.00
25   38	|	0	0	0	0	1	0.00
25   39	|	0	1	0	0	0	 - 
25   40	|	1	6	0	0	6	0.14
25   41	|	1	9	3	0	12	0.06
25   42	|	2	1	1	2	9	0.14
25   43	|	0	1	0	0	3	0.00
25   48	|	0	4	0	0	15	0.00
25   49	|	0	0	0	0	10	0.00
25   50	|	0	1	0	2	1	0.00
25   52	|	0	2	0	0	1	0.00
25   53	|	0	1	1	0	21	0.00

26   1	|	0	10	0	0	2	0.00
26   3	|	0	8	3	0	7	0.00
26   5	|	0	0	0	0	2	0.00
26   7	|	0	9	1	1	8	0.00
26   8	|	0	0	1	0	0	0.00
26   9	|	0	2	2	1	8	0.00
26   12	|	0	6	2	0	14	0.00
26   13	|	0	1	0	0	14	0.00
26   14	|	0	1	0	0	5	0.00
26   15	|	0	0	1	3	9	0.00
26   18	|	0	1	0	0	2	0.00
26   22	|	0	1	2	0	42	0.00
26   23	|	0	2	2	1	56	0.00
26   24	|	0	1	2	0	24	0.00
26   28	|	0	0	0	0	2	0.00
26   30	|	0	0	0	0	2	0.00
26   32	|	0	6	0	1	5	0.00
26   33	|	0	1	0	0	1	0.00
26   34	|	0	1	2	1	10	0.00
26   35	|	0	0	1	0	4	0.00
26   36	|	0	3	2	2	16	0.00
26   37	|	0	8	1	0	8	0.00
26   38	|	0	1	0	0	2	0.00
26   39	|	0	2	0	0	1	0.00
26   40	|	0	4	0	1	13	0.00
26   41	|	1	11	3	1	36	0.02
26   42	|	0	2	2	2	55	0.00
26   43	|	0	1	0	0	7	0.00
26   44	|	0	0	0	0	2	0.00
26   48	|	0	2	1	1	54	0.00
26   49	|	0	0	0	0	8	0.00
26   50	|	0	0	0	1	2	0.00
26   52	|	0	1	0	1	31	0.00
26   53	|	0	2	3	3	55	0.00

30   1	|	1	29	4	0	5	0.10
30   3	|	1	28	8	0	11	0.05
30   4	|	0	1	1	0	0	0.00
30   5	|	0	0	0	0	1	0.00
30   6	|	0	4	0	0	0	 - 
30   7	|	0	15	4	0	6	0.00
30   9	|	2	26	4	0	7	0.15
30   11	|	0	2	0	0	1	0.00
30   12	|	0	13	4	0	2	0.00
30   13	|	0	2	0	1	2	0.00
30   14	|	0	2	1	0	1	0.00
30   15	|	0	0	0	1	0	0.00
30   19	|	0	17	4	2	19	0.00
30   20	|	0	0	2	0	2	0.00
30   21	|	0	1	0	0	0	 - 
30   22	|	0	4	1	0	3	0.00
30   23	|	0	2	0	0	2	0.00
30   24	|	0	1	1	0	1	0.00
30   25	|	0	3	0	0	4	0.00
30   27	|	0	0	0	0	1	0.00
30   28	|	0	0	1	0	0	0.00
30   30	|	0	0	0	0	1	0.00
30   32	|	0	1	1	0	5	0.00
30   33	|	0	1	0	1	0	0.00
30   34	|	0	3	1	2	4	0.00
30   35	|	0	0	0	1	1	0.00
30   36	|	0	9	1	0	2	0.00
30   37	|	0	1	0	0	0	 - 
30   38	|	0	1	1	0	0	0.00
30   39	|	0	3	0	0	1	0.00
30   40	|	1	10	1	0	3	0.20
30   41	|	0	10	5	1	10	0.00
30   42	|	0	0	2	0	0	0.00
30   43	|	0	1	0	0	0	 - 
30   44	|	0	2	0	0	0	 - 
30   45	|	0	8	1	1	10	0.00
30   46	|	0	0	1	0	3	0.00
30   47	|	0	0	0	0	2	0.00
30   48	|	0	1	0	0	4	0.00
30   49	|	0	0	0	0	1	0.00
30   51	|	0	2	1	0	8	0.00
30   53	|	0	2	0	0	2	0.00

31   1	|	1	52	5	0	12	0.06
31   2	|	0	1	0	0	0	 - 
31   3	|	3	71	12	0	16	0.10
31   4	|	0	5	1	0	0	0.00
31   5	|	0	3	0	0	0	 - 
31   6	|	0	2	0	0	0	 - 
31   7	|	2	24	3	0	14	0.11
31   9	|	2	48	14	0	9	0.08
31   10	|	0	1	0	0	1	0.00
31   11	|	1	3	0	0	1	0.50
31   12	|	0	17	3	0	9	0.00
31   13	|	0	4	0	0	3	0.00
31   14	|	1	6	1	0	4	0.17
31   15	|	0	1	1	0	2	0.00
31   19	|	2	30	9	1	51	0.03
31   20	|	0	0	2	0	5	0.00
31   21	|	0	3	2	1	2	0.00
31   22	|	0	6	2	0	10	0.00
31   23	|	0	2	0	0	6	0.00
31   24	|	1	5	0	0	3	0.25
31   25	|	1	4	4	0	21	0.04
31   26	|	0	1	1	2	7	0.00
31   27	|	0	1	1	0	4	0.00
31   29	|	0	1	0	0	1	0.00
31   30	|	0	1	1	0	3	0.00
31   32	|	1	5	1	0	4	0.17
31   34	|	0	15	4	3	2	0.00
31   35	|	0	2	1	0	1	0.00
31   36	|	2	13	5	0	5	0.17
31   37	|	1	1	3	0	0	0.25
31   38	|	0	2	0	0	0	 - 
31   39	|	0	2	0	0	0	 - 
31   40	|	0	15	2	1	9	0.00
31   41	|	3	28	6	1	17	0.11
31   42	|	0	0	1	0	6	0.00
31   43	|	0	4	1	0	1	0.00
31   44	|	0	1	0	0	0	 - 
31   45	|	0	12	6	2	58	0.00
31   46	|	0	4	0	0	16	0.00
31   47	|	0	0	0	0	5	0.00
31   48	|	0	2	0	0	14	0.00
31   49	|	0	0	0	0	3	0.00
31   50	|	0	0	0	0	3	0.00
31   51	|	0	4	5	0	47	0.00
31   52	|	0	0	0	0	3	0.00
31   53	|	0	1	1	0	12	0.00

32   1	|	1	38	3	0	11	0.07
32   2	|	0	3	1	0	1	0.00
32   3	|	3	50	10	0	15	0.11
32   4	|	0	2	0	0	1	0.00
32   6	|	0	1	0	0	0	 - 
32   7	|	1	19	4	1	6	0.08
32   8	|	0	1	0	0	0	 - 
32   9	|	0	31	8	0	11	0.00
32   10	|	0	1	0	0	0	 - 
32   11	|	1	4	0	0	0	1.00
32   12	|	0	21	4	0	10	0.00
32   13	|	0	3	2	0	5	0.00
32   14	|	0	5	0	0	0	 - 
32   15	|	0	1	0	0	3	0.00
32   18	|	0	1	0	0	0	 - 
32   19	|	0	19	5	2	38	0.00
32   20	|	1	1	0	0	5	0.17
32   21	|	0	1	0	1	2	0.00
32   22	|	0	9	0	0	8	0.00
32   23	|	1	2	0	0	9	0.10
32   24	|	0	1	0	1	5	0.00
32   25	|	0	7	2	0	12	0.00
32   26	|	0	0	0	0	2	0.00
32   27	|	0	1	0	0	1	0.00
32   28	|	0	0	1	0	2	0.00
32   32	|	1	1	0	1	4	0.17
32   33	|	0	0	0	0	1	0.00
32   34	|	0	10	1	1	8	0.00
32   35	|	0	1	0	0	0	 - 
32   36	|	0	11	4	0	3	0.00
32   37	|	0	1	1	0	0	0.00
32   38	|	1	1	0	0	0	1.00
32   40	|	0	8	3	0	5	0.00
32   41	|	0	18	6	1	19	0.00
32   42	|	0	1	0	0	2	0.00
32   43	|	1	1	0	0	3	0.25
32   44	|	0	1	0	0	0	 - 
32   45	|	1	11	4	3	54	0.02
32   46	|	0	1	0	0	10	0.00
32   47	|	0	2	0	0	3	0.00
32   48	|	1	0	1	0	11	0.08
32   49	|	0	0	0	0	1	0.00
32   51	|	0	4	3	0	35	0.00
32   52	|	0	1	0	0	3	0.00
32   53	|	0	0	2	0	9	0.00

33   1	|	0	6	3	1	2	0.00
33   3	|	0	8	3	1	2	0.00
33   4	|	0	1	0	0	0	 - 
33   6	|	0	2	0	0	0	 - 
33   7	|	0	6	1	0	3	0.00
33   9	|	0	13	2	0	4	0.00
33   11	|	0	1	0	0	0	 - 
33   12	|	0	4	0	0	4	0.00
33   13	|	0	0	0	0	1	0.00
33   14	|	0	1	0	0	0	 - 
33   15	|	0	1	2	0	0	0.00
33   19	|	0	6	6	0	17	0.00
33   20	|	0	1	0	0	1	0.00
33   21	|	0	0	0	0	1	0.00
33   22	|	0	1	0	1	1	0.00
33   23	|	0	0	1	0	7	0.00
33   24	|	0	1	0	0	4	0.00
33   25	|	0	1	0	0	12	0.00
33   26	|	0	0	0	0	1	0.00
33   27	|	0	0	1	0	0	0.00
33   30	|	0	0	0	0	1	0.00
33   32	|	0	3	1	0	0	0.00
33   34	|	0	0	1	0	4	0.00
33   36	|	0	2	0	0	0	 - 
33   37	|	0	0	0	0	1	0.00
33   38	|	0	1	0	0	0	 - 
33   40	|	0	2	0	0	4	0.00
33   41	|	0	5	3	0	8	0.00
33   42	|	0	0	0	0	1	0.00
33   43	|	0	0	1	0	1	0.00
33   45	|	0	1	4	0	24	0.00
33   46	|	0	0	0	1	10	0.00
33   47	|	0	0	0	0	2	0.00
33   48	|	0	0	0	0	7	0.00
33   49	|	0	0	0	0	1	0.00
33   50	|	0	0	0	0	2	0.00
33   51	|	0	0	0	0	24	0.00
33   52	|	0	0	0	0	1	0.00
33   53	|	0	0	0	0	4	0.00

34   7	|	0	2	1	0	0	0.00
34   12	|	0	2	1	0	0	0.00
34   13	|	0	1	0	0	0	 - 
34   14	|	0	1	0	0	0	 - 
34   19	|	0	1	0	0	7	0.00
34   22	|	0	1	0	0	2	0.00
34   23	|	0	1	0	0	2	0.00
34   25	|	0	0	0	0	6	0.00
34   26	|	0	0	0	0	1	0.00
34   34	|	0	1	0	0	0	 - 
34   37	|	0	1	0	0	0	 - 
34   40	|	0	1	0	0	0	 - 
34   41	|	0	5	2	1	3	0.00
34   42	|	0	0	0	0	3	0.00
34   45	|	0	5	1	0	11	0.00
34   48	|	0	0	0	0	4	0.00
34   49	|	0	0	0	0	1	0.00
34   51	|	0	0	1	0	16	0.00
34   52	|	0	0	0	0	2	0.00
34   53	|	0	1	0	0	4	0.00

35   1	|	0	3	0	0	1	0.00
35   3	|	0	7	2	1	1	0.00
35   6	|	0	3	0	0	0	 - 
35   7	|	0	2	2	1	3	0.00
35   9	|	0	2	0	0	2	0.00
35   10	|	0	0	0	0	1	0.00
35   11	|	0	0	0	0	1	0.00
35   12	|	0	4	3	0	3	0.00
35   13	|	0	0	0	1	6	0.00
35   14	|	0	2	0	0	3	0.00
35   15	|	0	0	0	0	2	0.00
35   17	|	0	0	0	0	1	0.00
35   19	|	0	13	4	1	32	0.00
35   20	|	0	0	0	0	7	0.00
35   21	|	0	1	0	0	2	0.00
35   22	|	0	0	1	0	7	0.00
35   23	|	0	1	1	0	13	0.00
35   24	|	0	1	0	0	5	0.00
35   25	|	0	1	1	0	13	0.00
35   26	|	0	1	0	0	3	0.00
35   27	|	0	1	0	0	2	0.00
35   30	|	0	0	0	0	2	0.00
35   32	|	0	2	0	0	1	0.00
35   34	|	0	1	2	1	3	0.00
35   35	|	0	1	1	0	2	0.00
35   36	|	0	1	2	1	3	0.00
35   39	|	0	0	1	0	0	0.00
35   40	|	0	4	1	1	5	0.00
35   41	|	0	12	1	0	13	0.00
35   42	|	0	1	0	0	11	0.00
35   43	|	0	4	0	0	3	0.00
35   45	|	2	9	8	3	85	0.02
35   46	|	0	1	0	1	19	0.00
35   47	|	0	4	1	0	2	0.00
35   48	|	0	1	1	1	22	0.00
35   49	|	0	0	1	0	5	0.00
35   50	|	0	0	0	0	4	0.00
35   51	|	2	6	3	2	48	0.04
35   52	|	0	0	0	0	1	0.00
35   53	|	0	0	1	0	15	0.00

36   1	|	0	3	1	0	1	0.00
36   3	|	0	0	0	0	3	0.00
36   4	|	0	0	0	0	1	0.00
36   5	|	0	0	0	0	1	0.00
36   7	|	0	1	2	0	6	0.00
36   9	|	0	1	2	1	4	0.00
36   12	|	0	0	2	0	11	0.00
36   13	|	0	0	0	0	12	0.00
36   14	|	0	1	0	0	2	0.00
36   15	|	0	0	0	0	2	0.00
36   19	|	0	4	4	4	105	0.00
36   20	|	0	2	2	0	12	0.00
36   21	|	0	0	0	0	2	0.00
36   22	|	0	3	1	0	25	0.00
36   23	|	0	1	0	0	9	0.00
36   24	|	0	0	1	0	1	0.00
36   25	|	0	2	0	0	48	0.00
36   26	|	0	1	0	0	9	0.00
36   27	|	0	1	0	0	1	0.00
36   28	|	0	0	0	0	1	0.00
36   30	|	0	0	0	0	4	0.00
36   32	|	0	1	0	1	1	0.00
36   33	|	0	0	0	0	1	0.00
36   34	|	0	4	0	1	9	0.00
36   35	|	0	1	0	1	1	0.00
36   36	|	0	1	0	0	10	0.00
36   37	|	0	1	0	0	1	0.00
36   40	|	0	2	0	1	19	0.00
36   41	|	0	5	2	1	52	0.00
36   42	|	0	0	0	0	1	0.00
36   45	|	0	0	1	0	6	0.00
36   46	|	0	0	0	0	3	0.00
36   51	|	0	0	0	0	2	0.00
36   52	|	0	0	0	0	4	0.00
36   53	|	0	1	0	0	4	0.00

37   1	|	0	1	0	0	0	 - 
37   3	|	0	1	0	0	2	0.00
37   5	|	0	0	0	0	1	0.00
37   7	|	0	1	1	1	6	0.00
37   9	|	0	2	0	0	0	 - 
37   11	|	0	1	0	0	0	 - 
37   12	|	0	3	0	1	10	0.00
37   13	|	0	1	1	0	13	0.00
37   14	|	1	0	0	0	2	0.33
37   15	|	0	3	0	0	8	0.00
37   17	|	0	0	0	0	1	0.00
37   18	|	0	0	0	0	2	0.00
37   19	|	0	2	7	5	90	0.00
37   20	|	0	0	0	0	17	0.00
37   21	|	0	0	0	1	8	0.00
37   22	|	0	0	2	1	23	0.00
37   23	|	0	1	4	1	82	0.00
37   24	|	1	0	2	1	33	0.03
37   25	|	1	1	2	1	41	0.02
37   26	|	0	1	0	0	24	0.00
37   27	|	0	0	0	0	10	0.00
37   30	|	0	0	0	0	4	0.00
37   32	|	0	1	0	0	0	 - 
37   34	|	1	1	0	0	6	0.14
37   35	|	1	0	0	1	4	0.17
37   36	|	0	0	0	0	6	0.00
37   37	|	0	0	0	0	10	0.00
37   38	|	0	0	0	1	0	0.00
37   39	|	0	1	0	0	0	 - 
37   40	|	0	0	0	0	6	0.00
37   41	|	0	0	0	1	37	0.00
37   42	|	0	1	3	2	48	0.00
37   43	|	0	0	0	0	12	0.00
37   44	|	0	1	0	0	1	0.00
37   45	|	1	6	11	11	313	0.00
37   46	|	0	1	4	2	97	0.00
37   47	|	0	2	0	2	12	0.00
37   48	|	0	0	4	0	108	0.00
37   49	|	0	0	1	1	34	0.00
37   50	|	0	0	0	0	12	0.00
37   51	|	1	2	9	4	287	0.00
37   52	|	0	0	0	0	12	0.00
37   53	|	0	2	1	1	56	0.00

38   1	|	0	1	0	0	0	 - 
38   3	|	0	2	1	0	0	0.00
38   7	|	0	0	0	0	3	0.00
38   8	|	0	1	0	0	0	 - 
38   9	|	1	1	0	0	3	0.25
38   12	|	0	1	0	0	10	0.00
38   13	|	0	0	2	0	9	0.00
38   14	|	0	1	0	0	0	 - 
38   15	|	0	0	0	0	3	0.00
38   19	|	0	2	0	0	90	0.00
38   20	|	0	0	1	0	9	0.00
38   21	|	0	0	0	0	1	0.00
38   22	|	0	0	0	0	13	0.00
38   23	|	0	0	0	0	16	0.00
38   24	|	0	0	0	0	3	0.00
38   25	|	0	0	0	0	27	0.00
38   26	|	0	0	0	0	11	0.00
38   27	|	0	0	0	0	1	0.00
38   28	|	0	0	0	0	2	0.00
38   30	|	0	0	0	0	2	0.00
38   32	|	0	0	0	0	1	0.00
38   34	|	0	0	1	0	4	0.00
38   35	|	0	0	0	0	3	0.00
38   36	|	0	1	1	0	6	0.00
38   37	|	0	0	0	0	4	0.00
38   38	|	0	0	0	0	2	0.00
38   40	|	0	1	0	0	14	0.00
38   41	|	0	2	4	0	31	0.00
38   42	|	0	0	0	0	1	0.00
38   43	|	0	0	0	0	2	0.00
38   45	|	0	0	1	0	3	0.00
38   51	|	0	0	0	0	4	0.00
38   52	|	0	0	0	0	1	0.00
38   53	|	0	0	0	0	3	0.00

39   1	|	0	1	0	0	0	 - 
39   9	|	0	0	0	0	1	0.00
39   12	|	0	0	1	0	0	0.00
39   19	|	0	0	0	0	6	0.00
39   20	|	0	0	0	0	2	0.00
39   23	|	0	1	0	0	3	0.00
39   24	|	0	0	0	0	2	0.00
39   26	|	0	0	0	0	1	0.00
39   28	|	0	0	0	0	1	0.00
39   34	|	0	1	0	0	0	 - 
39   36	|	0	0	0	0	1	0.00
39   37	|	0	0	0	0	1	0.00
39   40	|	0	0	0	0	1	0.00
39   41	|	0	1	0	0	4	0.00
39   42	|	0	0	0	0	2	0.00
39   43	|	0	0	0	0	1	0.00
39   45	|	0	0	1	0	7	0.00
39   46	|	0	0	0	0	5	0.00
39   47	|	0	0	0	0	1	0.00
39   48	|	0	0	1	0	5	0.00
39   50	|	0	0	0	0	3	0.00
39   51	|	0	1	3	0	16	0.00
39   53	|	0	1	0	0	2	0.00

40   1	|	0	11	0	0	2	0.00
40   3	|	0	16	0	0	1	0.00
40   7	|	0	15	3	0	4	0.00
40   9	|	0	7	1	0	0	0.00
40   12	|	0	11	2	0	4	0.00
40   14	|	0	2	1	0	2	0.00
40   16	|	0	1	0	0	0	 - 
40   18	|	0	0	1	0	0	0.00
40   22	|	0	3	0	0	6	0.00
40   32	|	0	6	0	0	0	 - 
40   34	|	0	10	0	0	6	0.00
40   36	|	0	7	0	0	1	0.00
40   37	|	0	2	1	0	0	0.00
40   40	|	0	3	1	0	6	0.00
40   41	|	3	9	3	3	10	0.16

41   1	|	2	12	4	0	4	0.20
41   2	|	0	1	0	0	0	 - 
41   3	|	0	20	2	0	1	0.00
41   6	|	0	1	0	0	0	 - 
41   7	|	3	34	6	0	5	0.21
41   9	|	1	20	1	0	1	0.33
41   11	|	0	1	0	0	0	 - 
41   18	|	0	1	0	0	2	0.00
41   29	|	0	1	0	0	0	 - 
41   36	|	0	7	0	0	10	0.00
41   40	|	0	8	1	1	16	0.00
41   44	|	0	2	0	0	2	0.00

42   1	|	0	17	0	0	3	0.00
42   2	|	0	1	1	0	1	0.00
42   3	|	1	17	6	0	1	0.13
42   7	|	1	21	4	0	2	0.14
42   8	|	0	1	0	0	2	0.00
42   9	|	0	16	0	0	1	0.00
42   11	|	0	4	0	0	0	 - 
42   30	|	1	0	0	0	0	1.00
42   32	|	0	4	3	0	1	0.00
42   36	|	0	9	1	0	8	0.00
42   38	|	0	0	0	0	1	0.00
42   40	|	0	10	1	0	17	0.00

43   1	|	0	3	0	0	1	0.00
43   2	|	0	1	0	0	0	 - 
43   3	|	0	5	2	0	1	0.00
43   9	|	0	2	1	0	2	0.00
43   11	|	0	2	0	0	1	0.00
43   44	|	0	0	0	1	1	0.00

44   1	|	0	4	0	0	0	 - 
44   3	|	0	7	0	0	2	0.00
44   4	|	1	0	0	0	0	1.00
44   8	|	0	1	0	0	0	 - 
44   9	|	0	2	0	0	3	0.00
44   11	|	0	0	0	0	1	0.00
44   14	|	0	1	0	0	2	0.00
44   35	|	0	1	0	0	2	0.00
44   37	|	0	0	1	0	6	0.00
44   44	|	0	1	0	0	1	0.00
44   48	|	0	0	0	0	11	0.00

45   1	|	0	1	0	0	0	 - 
45   3	|	0	1	0	0	0	 - 
45   9	|	0	1	0	0	0	 - 
45   34	|	0	1	0	0	0	 - 
45   41	|	0	1	0	0	0	 - 

46   11	|	0	0	1	0	0	0.00
46   37	|	0	2	1	0	4	0.00

47   1	|	0	1	0	0	0	 - 
47   7	|	0	1	0	0	0	 - 
47   37	|	0	0	0	0	1	0.00
47   48	|	0	0	0	0	1	0.00

48   1	|	0	2	0	0	0	 - 
48   3	|	0	1	0	0	0	 - 
48   7	|	0	5	0	0	0	 - 
48   9	|	0	1	0	0	0	 - 
48   22	|	0	0	1	0	0	0.00
48   40	|	0	0	0	0	1	0.00
48   41	|	0	1	1	1	1	0.00

50   1	|	1	27	5	0	6	0.08
50   2	|	0	5	0	0	0	 - 
50   3	|	0	43	8	1	6	0.00
50   5	|	0	1	2	0	0	0.00
50   6	|	0	2	0	0	0	 - 
50   7	|	0	19	4	0	6	0.00
50   9	|	0	32	7	0	8	0.00
50   12	|	0	11	4	0	9	0.00
50   14	|	1	3	0	0	2	0.33
50   28	|	0	0	0	0	3	0.00
50   29	|	0	1	0	0	0	 - 
50   34	|	1	14	2	0	4	0.14
50   36	|	1	10	2	0	6	0.11
50   38	|	0	1	0	0	1	0.00
50   40	|	0	7	3	0	6	0.00
50   43	|	0	2	2	0	0	0.00
50   44	|	0	1	0	0	0	 - 

51   1	|	4	63	9	0	9	0.18
51   2	|	0	7	0	0	2	0.00
51   3	|	2	75	14	0	27	0.05
51   9	|	5	53	6	1	29	0.12
51   10	|	0	2	0	0	3	0.00
51   11	|	0	4	1	0	0	0.00
51   14	|	0	14	4	0	12	0.00
51   29	|	0	1	0	0	5	0.00
51   33	|	0	1	0	0	3	0.00

52   1	|	3	51	5	0	6	0.21
52   2	|	0	1	0	0	1	0.00
52   3	|	1	47	13	1	12	0.04
52   5	|	0	1	0	0	1	0.00
52   9	|	0	44	9	2	17	0.00
52   10	|	0	2	0	0	1	0.00
52   11	|	0	1	0	0	1	0.00
52   18	|	0	1	1	0	3	0.00
52   38	|	0	1	0	0	0	 - 
52   44	|	0	3	0	0	3	0.00

53   1	|	0	18	1	1	4	0.00
53   16	|	0	1	0	0	0	 - 
53   36	|	0	6	0	4	33	0.00
53   44	|	0	0	1	0	4	0.00

54   1	|	0	8	2	0	0	0.00
54   43	|	0	3	1	0	4	0.00

55   1	|	0	3	0	0	0	 - 
55   3	|	1	4	1	0	1	0.33
55   7	|	0	2	1	0	1	0.00
55   9	|	0	1	0	0	0	 - 
55   34	|	0	2	0	0	0	 - 


57   8	|	0	1	0	0	0	 - 
57   10	|	0	0	0	0	1	0.00
57   43	|	0	0	0	0	1	0.00

58   1	|	0	2	0	0	2	0.00
58   3	|	1	3	1	0	0	0.50
58   14	|	0	2	0	0	0	 - 
58   33	|	0	1	0	0	0	 - 

60   1	|	0	1	0	0	0	 - 
60   5	|	0	0	0	0	1	0.00
60   6	|	0	1	0	0	0	 - 
60   7	|	0	0	1	0	1	0.00
60   9	|	0	1	0	0	0	 - 
60   12	|	0	1	1	0	4	0.00
60   13	|	0	0	0	0	3	0.00
60   15	|	0	0	0	0	1	0.00
60   22	|	0	0	0	0	4	0.00
60   23	|	0	0	1	0	10	0.00
60   24	|	0	0	0	0	4	0.00
60   28	|	0	0	0	0	1	0.00
60   30	|	0	0	1	0	1	0.00
60   33	|	0	1	0	0	0	 - 
60   34	|	0	1	0	0	0	 - 
60   35	|	0	1	0	0	2	0.00
60   36	|	0	0	0	0	1	0.00
60   37	|	0	0	0	0	3	0.00
60   40	|	0	0	0	0	1	0.00
60   41	|	0	4	0	1	5	0.00
60   42	|	0	1	1	0	10	0.00
60   43	|	0	1	0	0	3	0.00
60   44	|	0	2	0	0	0	 - 
60   48	|	0	0	0	0	12	0.00
60   49	|	0	1	0	0	4	0.00
60   50	|	0	0	0	0	2	0.00
60   52	|	0	3	0	0	2	0.00
60   53	|	1	4	3	0	14	0.06

61   1	|	0	1	0	0	0	 - 
61   3	|	0	1	0	0	1	0.00
61   5	|	0	1	0	0	0	 - 
61   7	|	0	0	0	0	1	0.00
61   9	|	0	0	0	0	1	0.00
61   12	|	0	0	1	0	3	0.00
61   15	|	0	2	0	0	0	 - 
61   23	|	0	0	2	0	4	0.00
61   30	|	0	0	0	0	1	0.00
61   32	|	0	1	0	0	1	0.00
61   34	|	0	1	0	0	0	 - 
61   35	|	0	1	0	0	0	 - 
61   37	|	0	1	0	0	1	0.00
61   39	|	0	0	0	0	1	0.00
61   40	|	0	0	0	0	1	0.00
61   41	|	0	2	1	1	5	0.00
61   42	|	0	1	1	0	2	0.00
61   43	|	0	0	1	0	0	0.00
61   48	|	0	0	0	0	4	0.00
61   49	|	0	0	0	0	1	0.00
61   52	|	0	0	0	0	2	0.00
61   53	|	0	2	0	1	2	0.00

71   10	|	0	0	0	0	1	0.00
71   12	|	0	0	0	0	2	0.00
71   13	|	0	1	1	0	2	0.00
71   15	|	0	0	0	0	3	0.00
71   22	|	0	0	1	0	6	0.00
71   23	|	0	0	0	0	5	0.00
71   24	|	0	0	1	0	5	0.00
71   35	|	0	0	1	0	0	0.00
71   36	|	0	2	1	0	0	0.00
71   37	|	0	0	0	0	1	0.00
71   40	|	0	0	0	0	1	0.00
71   41	|	0	2	1	0	9	0.00
71   42	|	0	1	0	0	5	0.00
71   48	|	0	0	0	0	2	0.00
71   49	|	0	0	0	0	1	0.00
71   50	|	0	0	0	0	2	0.00
71   52	|	0	0	0	0	1	0.00
71   53	|	0	0	3	0	2	0.00

72   12	|	0	0	0	0	1	0.00
72   13	|	0	1	0	0	0	 - 
72   14	|	0	0	0	0	1	0.00
72   15	|	0	0	0	0	2	0.00
72   22	|	0	1	0	1	2	0.00
72   23	|	0	0	0	0	2	0.00
72   34	|	0	1	0	0	0	 - 
72   36	|	0	0	0	0	1	0.00
72   41	|	1	0	0	0	5	0.17
72   42	|	0	1	1	0	1	0.00
72   43	|	0	0	1	0	1	0.00
72   48	|	0	0	0	0	2	0.00
72   49	|	0	0	1	0	0	0.00
72   53	|	0	1	0	0	1	0.00

80   1	|	0	8	1	0	2	0.00
80   3	|	0	4	2	0	4	0.00
80   4	|	0	1	0	0	0	 - 
80   6	|	0	1	0	0	0	 - 
80   7	|	0	5	2	0	1	0.00
80   9	|	0	4	0	0	1	0.00
80   10	|	0	1	0	0	1	0.00
80   12	|	0	2	0	0	2	0.00
80   13	|	0	1	0	0	1	0.00
80   14	|	0	0	1	0	0	0.00
80   15	|	0	1	0	0	1	0.00
80   19	|	0	3	1	0	20	0.00
80   20	|	0	0	0	0	1	0.00
80   21	|	0	1	0	0	0	 - 
80   22	|	0	4	0	0	3	0.00
80   23	|	0	1	0	0	8	0.00
80   24	|	0	0	0	0	2	0.00
80   25	|	0	0	0	0	7	0.00
80   26	|	0	0	0	0	3	0.00
80   27	|	0	0	0	0	1	0.00
80   34	|	0	0	0	1	2	0.00
80   36	|	0	2	0	0	1	0.00
80   38	|	0	1	0	0	0	 - 
80   39	|	0	0	0	0	1	0.00
80   40	|	0	0	1	0	5	0.00
80   41	|	0	5	1	0	7	0.00
80   42	|	0	0	0	0	9	0.00
80   45	|	0	3	3	1	40	0.00
80   46	|	0	0	1	1	5	0.00
80   47	|	0	0	0	0	2	0.00
80   48	|	0	0	1	0	9	0.00
80   49	|	0	0	0	0	2	0.00
80   51	|	0	2	1	0	21	0.00
80   52	|	0	0	0	0	3	0.00
80   53	|	0	0	0	0	2	0.00

81   1	|	0	1	0	0	0	 - 
81   3	|	0	7	0	0	1	0.00
81   8	|	0	0	0	0	1	0.00
81   9	|	0	1	0	0	1	0.00
81   12	|	0	2	1	1	0	0.00
81   19	|	0	5	0	0	1	0.00
81   25	|	0	2	0	0	1	0.00
81   27	|	1	0	0	0	0	1.00
81   36	|	0	1	0	0	0	 - 
81   41	|	0	1	0	0	0	 - 
81   45	|	0	1	0	0	0	 - 
81   46	|	0	0	0	0	1	0.00
81   48	|	0	0	0	0	1	0.00
81   53	|	0	0	0	0	1	0.00

82   1	|	0	4	2	0	2	0.00
82   3	|	1	5	1	0	3	0.20
82   7	|	0	1	0	0	1	0.00
82   9	|	1	4	1	0	1	0.33
82   10	|	0	0	0	0	1	0.00
82   12	|	0	0	0	0	4	0.00
82   13	|	0	0	1	0	1	0.00
82   15	|	0	0	0	0	3	0.00
82   19	|	0	7	3	0	22	0.00
82   20	|	0	0	0	0	6	0.00
82   22	|	0	1	0	0	4	0.00
82   23	|	0	0	1	1	8	0.00
82   24	|	0	1	0	0	3	0.00
82   25	|	0	2	0	0	6	0.00
82   26	|	0	0	0	0	2	0.00
82   27	|	0	0	0	0	3	0.00
82   28	|	0	0	0	0	2	0.00
82   30	|	0	0	0	0	1	0.00
82   32	|	0	0	1	0	1	0.00
82   34	|	0	1	0	0	1	0.00
82   36	|	0	2	1	0	3	0.00
82   37	|	0	2	0	0	3	0.00
82   40	|	0	6	0	1	3	0.00
82   41	|	0	3	0	0	5	0.00
82   42	|	0	0	1	0	2	0.00
82   44	|	0	0	0	0	1	0.00
82   45	|	0	5	3	4	39	0.00
82   46	|	0	0	2	0	10	0.00
82   47	|	0	1	0	0	2	0.00
82   48	|	0	0	0	0	7	0.00
82   49	|	0	1	1	0	3	0.00
82   51	|	0	2	1	0	27	0.00
82   52	|	0	1	0	0	4	0.00
82   53	|	0	1	0	0	9	0.00

83   1	|	0	1	0	0	0	 - 
83   3	|	0	2	0	0	0	 - 
83   7	|	0	2	0	0	0	 - 
83   9	|	0	1	0	0	0	 - 
83   12	|	0	3	0	0	0	 - 
83   15	|	0	0	0	1	0	0.00
83   19	|	0	1	0	0	0	 - 
83   22	|	0	0	1	0	0	0.00
83   30	|	0	0	0	0	1	0.00
83   34	|	0	1	0	0	0	 - 
83   36	|	0	1	0	0	0	 - 
83   41	|	0	1	0	0	2	0.00
83   45	|	0	1	0	0	0	 - 
83   48	|	0	0	1	0	1	0.00
83   51	|	0	0	0	0	3	0.00

84   1	|	1	2	2	0	2	0.20
84   3	|	0	2	0	0	2	0.00
84   7	|	0	2	0	0	1	0.00
84   9	|	0	3	0	0	0	 - 
84   12	|	0	1	0	0	1	0.00
84   19	|	0	0	0	0	3	0.00
84   27	|	0	1	0	0	0	 - 
84   34	|	0	1	0	0	0	 - 
84   38	|	0	1	0	0	0	 - 
84   41	|	0	1	0	0	1	0.00
84   45	|	0	1	1	0	1	0.00
84   48	|	0	0	0	0	1	0.00

86   1	|	0	1	1	0	0	0.00
86   7	|	0	1	0	0	3	0.00
86   9	|	0	0	0	0	1	0.00
86   11	|	0	1	0	0	0	 - 
86   12	|	0	0	0	0	1	0.00
86   13	|	0	0	0	0	1	0.00
86   14	|	0	1	0	0	1	0.00
86   15	|	0	0	0	0	3	0.00
86   16	|	0	0	0	0	1	0.00
86   18	|	0	0	0	0	1	0.00
86   19	|	0	1	0	0	34	0.00
86   20	|	0	0	0	0	4	0.00
86   21	|	0	0	0	0	1	0.00
86   22	|	0	0	0	0	10	0.00
86   23	|	1	0	1	2	14	0.06
86   24	|	0	0	0	1	3	0.00
86   25	|	0	0	1	0	11	0.00
86   26	|	0	0	0	0	4	0.00
86   27	|	1	0	0	0	3	0.25
86   30	|	0	0	0	0	1	0.00
86   34	|	0	0	0	0	1	0.00
86   35	|	0	0	0	0	2	0.00
86   36	|	0	1	0	0	2	0.00
86   41	|	0	0	0	0	10	0.00
86   42	|	0	0	0	0	8	0.00
86   45	|	0	2	0	3	29	0.00
86   46	|	0	0	1	1	7	0.00
86   48	|	0	0	0	0	8	0.00
86   51	|	0	1	0	0	32	0.00
86   52	|	0	0	0	0	4	0.00
86   53	|	0	0	1	0	11	0.00

