Fit 12
peak	1.4	1.5941	 	1.9
muL	0	0.099890 	1
muPeak	0.65	0.89750	 	1.25
muR	0	0.054975 	1
nuL	0.5	1.2518		2.5
nuR	0.5	1.5487		2.5
bo1	-0.1	9.4506e-03 	0.11
bs1	-0.15	1.7329e-02 	0.2
bc1	-0.06	-1.0277e-02	0.04
sl1	0.05	1.0004e-01 	0.11
sh1	0.03	4.7587e-02 	0.07
bo2	-0.15	4.5000e-01 	0.45
bs2	-0.5	3.0000e-01 	0.3
bc2	-0.15	-1.5000e-01	0.2
sl2	0.1	4.0000e-01 	0.4
sh2	0.01	3.0000e-01 	0.3
fl	0.5	9.9537e-01 	1
fh	0	9.9242e-01 	1
bfrac	0.001	6.0000e-02 	0.03
bmean	-0.2	1.0000e-01 	-0.65
bsigr	0.1	1.0000		1
bsigl	0.3	3.4777e-01 	1.1
bpow	0.07	7.0000e-01 	-2.2
bsigpow	1	1.3800		-3
























