10012 10014 10017 10019 10020 10021 10022 10024 10025 10026 10027 10028 
10029 10031 10032 10033 10034 10038 10039 10042 10043 10045 10046 10047 
10048 10049 10050 10051 10052 10053 10106 10107 10109 10111 10114 10116 
10117 10118 10119 10120 10121 10122 10124 10125 10126 10127 10129 10130 
10131 10132 10134 10138 10139 10140 10141 10142 10143 10144 10145 10146 
10147 10148 10149 10150 10151 

11019 11020 11021 11025 11026 11027 11029 11030 11031 11045 11046 11047 
11050 11051 11119 11120 11121 11125 11126 11127 11128 11131 11145 11146 
11147 11151 11217 11219 11220 11221 11225 11226 11227 11228 11231 11245 
11246 11247 11250 11251 11308 11310 11316 11317 11319 11320 11321 11325 
11326 11327 11328 11329 11330 11331 11345 11346 11347 11351 11405 11416 
11417 11418 11419 11420 11421 11425 11426 11427 11428 11429 11430 11431 
11445 11446 11447 11450 11451 11452 11504 11510 11514 11515 11516 11519 
11520 11521 11522 11524 11525 11526 11527 11531 11533 11535 11545 11546 
11547 11548 11549 11550 11551 11552 11553 11616 11617 11618 11619 11620 
11621 11625 11626 11627 11629 11631 11645 11646 11647 11651 11705 11711 
11714 11716 11717 11718 11719 11720 11721 11722 11725 11726 11727 11728 
11730 11731 11738 11744 11745 11746 11747 11749 11750 11751 11805 11808 
11813 11815 11819 11820 11821 11822 11823 11824 11825 11826 11827 11830 
11831 11835 11842 11843 11844 11845 11846 11847 11849 11851 11852 11853 


14004 14008 14015 14019 14020 14021 14023 14024 14025 14026 14027 14030 
14031 14033 14037 14042 14043 14044 14045 14046 14047 14048 14051 14052 
14053 14108 14110 14118 14119 14120 14121 14125 14126 14127 14128 14129 
14130 14131 14133 14142 14143 14145 14146 14147 14151 14152 14208 14210 
14215 14217 14218 14219 14220 14221 14223 14224 14225 14226 14227 14230 
14231 14245 14246 14247 14248 14250 14251 14252 14253 14304 14305 14308 
14310 14311 14314 14315 14316 14318 14319 14320 14321 14322 14325 14326 
14327 14331 14332 14335 14337 14339 14342 14343 14344 14345 14346 14347 
14348 14349 14350 14351 14353 14404 14408 14411 14413 14414 14415 14416 
14417 14419 14420 14421 14422 14424 14425 14426 14427 14430 14431 14432 
14435 14437 14440 14442 14443 14444 14445 14446 14447 14448 14450 14451 
14452 14453 14505 14506 14508 14510 14515 14516 14517 14518 14519 14520 
14521 14522 14523 14525 14526 14527 14528 14529 14530 14531 14532 14533 
14534 14537 14538 14539 14540 14541 14543 14545 14546 14547 14549 14550 
14551 14608 14610 14613 14615 14619 14620 14621 14622 14623 14624 14625 
14626 14627 14628 14629 14631 14632 14633 14637 14639 14643 14644 14645 
14646 14647 14648 14649 14651 14652 14653 14704 14705 14706 14707 14709 
14710 14712 14713 14716 14717 14719 14720 14721 14722 14723 14724 14725 
14726 14727 14728 14729 14731 14732 14733 14734 14737 14738 14739 14740 
14741 14742 14744 14745 14746 14747 14750 14751 14753 14804 14806 14807 
14808 14810 14813 14816 14817 14818 14819 14820 14821 14822 14823 14824 
14825 14826 14827 14828 14829 14830 14831 14832 14833 14834 14835 14837 
14838 14839 14840 14841 14844 14845 14846 14847 14849 14850 14851 14852 


15004 15008 15010 15019 15020 15021 15023 15025 15026 15027 15028 15029 
15030 15031 15033 15044 15045 15046 15047 15048 15049 15051 15052 15108 
15117 15119 15120 15121 15125 15126 15127 15128 15129 15130 15131 15133 
15145 15146 15147 15149 15150 15151 15208 15210 15215 15216 15217 15218 
15219 15220 15221 15225 15226 15227 15230 15231 15233 15245 15246 15247 
15248 15249 15250 15251 15252 15304 15305 15306 15308 15310 15315 15316 
15317 15318 15319 15320 15321 15325 15326 15327 15328 15330 15331 15333 
15337 15338 15339 15343 15344 15345 15346 15347 15348 15349 15350 15351 
15353 15404 15405 15406 15408 15410 15413 15415 15417 15418 15419 15420 
15421 15425 15426 15427 15429 15430 15431 15433 15435 15437 15438 15439 
15443 15444 15445 15446 15447 15448 15449 15450 15451 15452 15453 15502 
15506 15512 15516 15517 15519 15520 15521 15522 15523 15524 15525 15526 
15527 15529 15531 15532 15533 15534 15535 15536 15537 15540 15542 15545 
15546 15547 15549 15550 15551 15553 15601 15602 15603 15604 15605 15606 
15607 15608 15609 15610 15611 15612 15613 15614 15615 15616 15617 15618 
15619 15620 15621 15622 15623 15624 15625 15626 15627 15628 15629 15630 
15631 15632 15633 15634 15635 15636 15637 15638 15639 15640 15641 15642 
15643 15644 15645 15646 15647 15648 15649 15650 15651 15652 15653 15704 
15705 15707 15708 15710 15712 15714 15715 15716 15719 15720 15721 15722 
15724 15725 15726 15727 15729 15731 15732 15733 15734 15735 15737 15739 
15740 15743 15744 15745 15746 15747 15748 15751 15752 15753 15802 15813 
15814 15817 15818 15819 15820 15821 15822 15823 15824 15825 15826 15827 
15830 15831 15832 15834 15835 15836 15837 15838 15840 15842 15845 15846 
15847 15849 15851 15853 

12004 12006 12008 12015 12016 12017 12018 12019 12020 12021 12025 12026 
12027 12028 12029 12030 12033 12035 12039 12045 12046 12047 12048 12051 
12116 12117 12119 12120 12121 12125 12126 12127 12128 12145 12146 12147 
12151 12217 12219 12220 12221 12225 12226 12227 12229 12245 12246 12247 
12251 12310 12317 12318 12319 12320 12321 12325 12326 12327 12333 12344 
12345 12346 12347 12349 12350 12351 12406 12411 12416 12417 12419 12420 
12421 12425 12426 12427 12429 12443 12445 12446 12447 12449 12450 12451 
12504 12506 12508 12510 12514 12515 12516 12517 12518 12519 12520 12521 
12525 12526 12527 12528 12529 12530 12531 12532 12533 12535 12539 12543 
12544 12545 12546 12547 12550 12551 12604 12606 12610 12614 12617 12619 
12620 12621 12625 12626 12627 12629 12631 12632 12633 12638 12639 12644 
12645 12646 12647 12650 12651 

13008 13017 13021 13023 13026 13027 13028 13030 13031 13033 13035 13042 
13047 13049 13050 13052 13053 13108 13117 13128 13130 13131 13133 13142 
13143 13149 13150 13153 13204 13208 13216 13217 13221 13223 13228 13229 
13230 13231 13233 13235 13249 13250 13253 13304 13306 13313 13316 13317 
13321 13326 13327 13328 13329 13330 13331 13333 13335 13338 13345 13346 
13347 13348 13349 13350 13352 13353 13402 13404 13405 13406 13408 13410 
13412 13414 13415 13416 13417 13418 13419 13420 13421 13422 13423 13424 
13425 13426 13427 13428 13429 13430 13431 13433 13434 13437 13438 13439 
13440 13442 13444 13446 13449 13450 13453 13504 13505 13513 13516 13517 
13518 13520 13521 13525 13526 13527 13528 13529 13530 13531 13532 13533 
13535 13537 13539 13543 13546 13548 13549 13550 13552 13553 13604 13606 
13608 13610 13613 13614 13616 13617 13621 13622 13623 13624 13626 13627 
13629 13630 13631 13632 13634 13635 13638 13639 13642 13644 13645 13646 
13647 13648 13649 13650 13651 13653 13704 13705 13706 13707 13708 13710 
13711 13712 13714 13715 13717 13718 13721 13722 13724 13727 13728 13729 
13730 13731 13733 13735 13738 13743 13747 13749 13750 13802 13804 13806 
13808 13809 13810 13811 13812 13814 13815 13816 13817 13818 13821 13823 
13824 13826 13827 13828 13829 13830 13831 13832 13834 13835 13836 13837 
13838 13839 13840 13842 13843 13844 13845 13846 13847 13848 13849 13850 
13851 13852 13902 13903 13904 13905 13906 13908 13910 13911 13914 13915 
13916 13917 13918 13919 13920 13921 13922 13923 13924 13925 13926 13927 
13928 13929 13930 13931 13932 13933 13935 13937 13938 13939 13940 13941 
13942 13943 13944 13946 13947 13948 13949 13950 13951 13952 13953 

16003 16006 16007 16009 16010 16011 16014 16017 16019 16020 16021 16022 
16023 16024 16025 16026 16027 16028 16029 16031 16032 16038 16039 16040 
16045 16046 16047 16049 16050 16051 16102 16103 16104 16106 16107 16108 
16109 16110 16111 16112 16113 16116 16117 16118 16119 16120 16121 16122 
16124 16125 16126 16127 16128 16129 16130 16131 16132 16133 16134 16135 
16137 16138 16140 16141 16142 16143 16144 16145 16146 16147 16148 16149 
16150 16151 16152 

17102 17103 17104 17106 17107 17108 17111 17112 17113 17114 17115 17116 
17117 17118 17119 17120 17121 17124 17125 17126 17127 17129 17131 17133 
17135 17136 17137 17138 17139 17140 17142 17143 17144 17145 17146 17147 
17148 17149 17150 17151 17153 17201 17202 17204 17205 17206 17207 17208 
17209 17210 17211 17212 17214 17215 17216 17217 17218 17219 17220 17221 
17223 17224 17225 17226 17227 17228 17229 17230 17231 17232 17233 17234 
17235 17236 17237 17238 17239 17240 17242 17243 17244 17245 17246 17247 
17249 17250 17251 17252 

18002 18004 18005 18006 18008 18010 18013 18014 18015 18016 18017 18018 
18020 18021 18023 18024 18025 18026 18027 18028 18029 18030 18031 18033 
18034 18035 18038 18039 18044 18047 18049 18050 18051 18052 18053 18102 
18104 18105 18106 18108 18110 18111 18112 18113 18114 18116 18117 18118 
18119 18120 18121 18123 18124 18125 18126 18127 18128 18129 18130 18131 
18132 18133 18135 18137 18138 18139 18142 18143 18144 18145 18146 18147 
18149 18150 18151 18152 18153 18204 18206 18208 18211 18213 18215 18216 
18217 18220 18221 18222 18224 18225 18226 18227 18228 18229 18230 18231 
18232 18233 18235 18237 18238 18239 18243 18246 18247 18249 18250 18253 
18302 18304 18305 18306 18308 18310 18311 18312 18313 18314 18315 18316 
18317 18318 18319 18320 18321 18322 18323 18324 18325 18326 18327 18328 
18329 18330 18331 18332 18333 18335 18336 18337 18338 18339 18340 18341 
18342 18343 18344 18347 18349 18350 18351 18352 18353 18402 18404 18405 
18406 18408 18410 18411 18413 18414 18415 18416 18417 18418 18420 18421 
18423 18424 18425 18426 18427 18428 18429 18430 18431 18432 18433 18435 
18437 18438 18439 18440 18442 18443 18444 18446 18447 18449 18450 18451 
18452 18453 18501 18502 18503 18504 18505 18506 18507 18508 18509 18510 
18511 18512 18513 18514 18515 18516 18517 18518 18519 18520 18521 18522 
18523 18524 18525 18526 18527 18528 18529 18530 18531 18532 18533 18534 
18535 18536 18537 18538 18539 18540 18541 18542 18543 18544 18545 18546 
18547 18548 18549 18550 18551 18552 18553 18602 18603 18604 18605 18606 
18607 18609 18610 18611 18614 18615 18616 18617 18618 18619 18620 18622 
18624 18625 18626 18627 18628 18629 18630 18631 18632 18633 18634 18635 
18636 18638 18639 18640 18642 18643 18644 18646 18647 18648 18649 18650 
18652 18653 

10056 10058 10059 10156 10158 11254 11256 11354 11358 11359 11458 11554 
11556 11558 11559 11654 11658 11754 11756 11757 11758 11854 11858 14054 
14056 14058 14154 14158 14254 14256 14258 14259 14355 14356 14357 14358 
14454 14455 14456 14458 14459 14554 14555 14556 14557 14558 14559 14654 
14658 14754 14755 14756 14757 14758 14759 14854 14856 14857 14858 14859 
15054 15056 15058 15059 15156 15158 15256 15258 15259 15355 15356 15358 
15456 15457 15458 15554 15556 15557 15558 15559 15654 15655 15656 15657 
15658 15659 15754 15755 15756 15757 15758 15759 15854 15855 15856 15858 
15859 15859 

12054 12055 12056 12058 12059 12154 12155 12156 12157 12158 12159 12254 
12255 12257 12258 12259 12354 12355 12357 12358 12359 12454 12455 12457 
12458 12459 12554 12555 12558 12559 12654 12655 12656 12658 12659 13054 
13055 13056 13058 13059 13154 13155 13156 13158 13159 13254 13255 13258 
13259 13354 13355 13357 13358 13359 13454 13455 13457 13458 13459 13554 
13555 13557 13558 13559 13654 13655 13657 13658 13659 13754 13755 13757 
13758 13759 13854 13855 13858 13859 13954 13955 13956 13957 13958 13959 
16054 16055 16056 16058 16059 16154 16155 16156 16158 16159 17154 17155 
17157 17158 17159 17254 17255 17257 17258 17259 18054 18055 18056 18057 
18058 18059 18154 18155 18156 18157 18158 18159 18254 18255 18256 18257 
18258 18259 18354 18355 18356 18357 18358 18359 18454 18455 18457 18458 
18459 18654 18655 18657 18658 18659 18659 

