0   1	|	0	20	3	0	9	0.00
0   2	|	8	168	16	0	20	0.18
0   3	|	1	19	7	0	13	0.05
0   4	|	3	53	7	2	5	0.18
0   5	|	0	35	4	1	9	0.00
0   6	|	0	0	0	1	0	0.00
0   7	|	0	21	6	0	20	0.00
0   8	|	0	8	2	1	9	0.00
0   9	|	1	8	7	18	17	0.02
0   10	|	1	73	11	5	11	0.04
0   12	|	0	10	5	7	15	0.00
0   13	|	2	44	14	9	44	0.03
0   14	|	0	2	0	0	5	0.00
0   15	|	0	14	5	3	15	0.00
0   16	|	0	0	0	1	0	0.00
0   17	|	0	0	1	0	0	0.00
0   22	|	0	3	4	6	36	0.00
0   23	|	0	8	0	6	21	0.00
0   24	|	0	0	0	2	5	0.00
0   28	|	0	1	0	1	3	0.00
0   29	|	0	0	1	1	2	0.00
0   30	|	0	2	0	0	5	0.00
0   32	|	0	2	2	0	3	0.00
0   33	|	0	3	2	0	3	0.00
0   34	|	0	4	2	0	17	0.00
0   35	|	0	13	1	1	7	0.00
0   36	|	0	5	6	7	11	0.00
0   37	|	1	55	6	1	19	0.04
0   38	|	0	1	0	0	0	 - 
0   39	|	0	0	1	0	0	0.00
0   40	|	0	7	8	8	29	0.00
0   41	|	0	11	8	25	69	0.00
0   43	|	0	0	0	1	1	0.00
0   44	|	0	0	1	0	0	0.00
0   52	|	0	6	0	0	10	0.00
0   53	|	0	5	0	1	3	0.00

1   1	|	4	24	5	0	6	0.27
1   2	|	5	211	33	0	27	0.08
1   3	|	2	31	5	2	16	0.08
1   4	|	3	72	16	0	9	0.11
1   5	|	1	59	7	4	14	0.04
1   6	|	0	1	0	0	1	0.00
1   7	|	2	36	10	2	28	0.05
1   8	|	0	18	1	0	10	0.00
1   9	|	0	14	8	36	30	0.00
1   10	|	7	105	12	4	22	0.16
1   12	|	0	20	8	6	43	0.00
1   13	|	1	82	20	18	69	0.01
1   14	|	0	2	1	1	7	0.00
1   15	|	1	39	8	2	24	0.03
1   16	|	0	1	0	0	0	 - 
1   17	|	0	0	1	0	1	0.00
1   18	|	0	1	0	1	4	0.00
1   22	|	0	0	5	16	39	0.00
1   23	|	1	19	5	3	35	0.02
1   24	|	0	0	0	0	3	0.00
1   28	|	0	4	3	1	6	0.00
1   29	|	0	0	1	1	0	0.00
1   30	|	0	2	0	1	7	0.00
1   32	|	0	5	1	1	5	0.00
1   33	|	0	7	1	0	4	0.00
1   34	|	1	4	6	2	21	0.03
1   35	|	0	22	5	0	11	0.00
1   36	|	0	5	3	7	26	0.00
1   37	|	6	60	10	3	17	0.17
1   38	|	0	0	0	0	1	0.00
1   39	|	0	2	0	1	3	0.00
1   40	|	1	15	20	19	50	0.01
1   41	|	0	31	16	17	107	0.00
1   43	|	0	1	1	0	5	0.00
1   52	|	1	9	2	1	11	0.07
1   53	|	0	3	0	2	8	0.00

10   1	|	28	701	100	1	104	0.12
10   2	|	3	78	5	0	12	0.15
10   3	|	55	1269	170	14	235	0.12
10   4	|	2	45	5	0	8	0.13
10   5	|	3	16	2	1	8	0.21
10   6	|	4	31	5	0	7	0.25
10   7	|	25	499	76	4	140	0.10
10   8	|	2	23	7	0	8	0.12
10   9	|	14	381	54	24	106	0.07
10   10	|	0	13	3	3	2	0.00
10   11	|	1	38	4	0	9	0.07
10   12	|	8	333	70	19	139	0.03
10   13	|	4	104	24	17	126	0.02
10   14	|	0	86	11	5	36	0.00
10   15	|	2	33	8	6	40	0.04
10   16	|	0	7	0	2	3	0.00
10   17	|	0	7	1	0	0	0.00
10   18	|	0	13	1	1	12	0.00
10   22	|	7	71	30	28	154	0.03
10   23	|	3	46	34	42	236	0.01
10   24	|	2	31	15	23	68	0.02
10   28	|	1	4	1	1	12	0.07
10   29	|	0	1	0	0	1	0.00
10   30	|	0	5	3	4	20	0.00
10   32	|	5	118	21	0	31	0.09
10   33	|	0	13	7	0	7	0.00
10   34	|	15	373	46	4	125	0.08
10   35	|	3	47	5	1	17	0.12
10   36	|	8	242	55	19	110	0.04
10   37	|	5	80	12	11	58	0.06
10   38	|	0	32	6	1	6	0.00
10   39	|	1	29	2	1	7	0.09
10   40	|	8	216	50	19	115	0.04
10   41	|	37	681	128	56	448	0.06
10   42	|	8	106	41	8	125	0.04
10   43	|	2	42	15	2	34	0.04
10   44	|	2	19	1	0	8	0.18
10   48	|	3	50	40	21	162	0.01
10   49	|	1	7	3	2	24	0.03
10   50	|	0	1	1	2	12	0.00
10   52	|	0	13	8	16	73	0.00
10   53	|	2	30	17	21	148	0.01

11   1	|	50	1300	180	0	197	0.12
11   2	|	4	109	17	1	20	0.10
11   3	|	83	2212	331	23	547	0.08
11   4	|	3	55	9	1	19	0.09
11   5	|	1	27	5	1	28	0.03
11   6	|	1	58	12	0	8	0.05
11   7	|	38	971	184	18	352	0.06
11   8	|	1	29	9	0	16	0.04
11   9	|	38	787	146	33	280	0.08
11   10	|	1	12	7	3	16	0.04
11   11	|	3	77	12	0	8	0.13
11   12	|	19	632	102	36	475	0.03
11   13	|	9	186	47	24	341	0.02
11   14	|	8	152	24	8	101	0.06
11   15	|	6	84	28	12	157	0.03
11   16	|	0	13	0	0	3	0.00
11   17	|	1	9	1	0	1	0.33
11   18	|	1	30	4	4	46	0.02
11   22	|	6	161	81	60	878	0.01
11   23	|	6	108	94	74	1270	0.00
11   24	|	7	101	52	38	430	0.01
11   28	|	1	10	0	2	36	0.03
11   29	|	0	2	1	2	18	0.00
11   30	|	0	14	5	5	66	0.00
11   32	|	7	201	35	5	117	0.04
11   33	|	1	29	2	0	10	0.08
11   34	|	30	751	127	8	384	0.05
11   35	|	7	76	21	3	89	0.06
11   36	|	27	455	95	37	353	0.05
11   37	|	8	149	34	14	244	0.03
11   38	|	3	55	6	1	17	0.11
11   39	|	1	40	7	3	41	0.02
11   40	|	11	426	95	24	470	0.02
11   41	|	60	1389	324	91	1348	0.03
11   42	|	11	226	76	20	680	0.01
11   43	|	6	85	18	5	154	0.03
11   44	|	2	56	11	0	44	0.04
11   48	|	12	141	84	66	1238	0.01
11   49	|	0	4	11	10	189	0.00
11   50	|	0	3	8	5	64	0.00
11   52	|	0	27	22	18	357	0.00
11   53	|	2	79	76	36	886	0.00

12   1	|	32	968	127	5	157	0.10
12   2	|	1	74	7	0	12	0.05
12   3	|	82	1689	240	28	350	0.12
12   4	|	0	44	5	1	9	0.00
12   5	|	2	20	4	3	10	0.11
12   6	|	1	30	6	1	9	0.06
12   7	|	46	706	118	14	289	0.10
12   8	|	0	15	5	0	18	0.00
12   9	|	20	545	94	24	185	0.06
12   10	|	0	11	1	3	12	0.00
12   11	|	2	58	8	0	2	0.17
12   12	|	18	424	82	39	364	0.04
12   13	|	3	88	30	14	299	0.01
12   14	|	2	88	20	3	103	0.02
12   15	|	1	31	14	7	132	0.01
12   16	|	0	9	0	0	2	0.00
12   17	|	0	2	2	0	7	0.00
12   18	|	0	9	2	1	34	0.00
12   22	|	8	89	49	36	604	0.01
12   23	|	4	36	62	46	1007	0.00
12   24	|	3	64	26	20	400	0.01
12   28	|	0	2	3	1	36	0.00
12   29	|	0	6	0	0	12	0.00
12   30	|	0	3	1	1	57	0.00
12   32	|	5	133	24	17	99	0.03
12   33	|	0	15	5	0	12	0.00
12   34	|	23	539	86	18	292	0.05
12   35	|	2	38	14	5	99	0.02
12   36	|	15	320	57	21	258	0.04
12   37	|	4	64	26	17	213	0.02
12   38	|	1	36	5	3	8	0.06
12   39	|	1	25	2	3	35	0.02
12   40	|	10	265	53	26	392	0.02
12   41	|	52	920	238	68	1054	0.04
12   42	|	5	91	51	27	595	0.01
12   43	|	5	59	15	6	183	0.02
12   44	|	1	33	5	1	19	0.04
12   48	|	3	51	46	26	806	0.00
12   49	|	0	8	8	6	147	0.00
12   50	|	0	5	0	2	76	0.00
12   52	|	1	4	16	5	272	0.00
12   53	|	3	32	42	21	752	0.00

13   1	|	12	251	46	4	42	0.12
13   2	|	1	14	4	2	6	0.08
13   3	|	22	428	83	22	129	0.09
13   4	|	2	15	1	1	8	0.17
13   5	|	0	8	3	1	15	0.00
13   6	|	0	12	5	2	5	0.00
13   7	|	12	172	39	17	164	0.05
13   8	|	0	11	1	1	13	0.00
13   9	|	3	153	43	16	124	0.02
13   10	|	0	11	4	1	11	0.00
13   11	|	0	14	0	1	5	0.00
13   12	|	4	117	33	27	263	0.01
13   13	|	4	58	23	24	258	0.01
13   14	|	0	34	12	7	56	0.00
13   15	|	0	15	17	9	112	0.00
13   16	|	0	3	1	1	3	0.00
13   17	|	0	0	0	0	3	0.00
13   18	|	0	4	6	3	30	0.00
13   22	|	2	19	24	34	494	0.00
13   23	|	2	29	63	56	996	0.00
13   24	|	3	25	27	16	297	0.01
13   28	|	0	1	0	3	36	0.00
13   29	|	0	1	1	1	13	0.00
13   30	|	0	3	3	1	48	0.00
13   32	|	1	49	15	9	60	0.01
13   33	|	0	9	1	4	7	0.00
13   34	|	4	166	37	14	191	0.02
13   35	|	0	40	14	5	79	0.00
13   36	|	8	89	22	27	187	0.03
13   37	|	3	49	35	16	196	0.01
13   38	|	0	7	1	2	14	0.00
13   39	|	1	7	4	2	52	0.02
13   40	|	5	76	38	15	292	0.01
13   41	|	10	262	101	79	781	0.01
13   42	|	3	62	64	35	616	0.00
13   43	|	0	16	15	7	114	0.00
13   44	|	1	10	3	0	20	0.04
13   48	|	0	24	38	18	676	0.00
13   49	|	0	4	10	5	157	0.00
13   50	|	2	2	2	0	47	0.04
13   52	|	1	11	15	9	245	0.00
13   53	|	2	11	25	14	516	0.00

14   1	|	3	165	19	2	28	0.06
14   2	|	0	5	0	1	2	0.00
14   3	|	14	320	47	10	122	0.07
14   4	|	0	8	0	1	5	0.00
14   5	|	1	3	1	0	8	0.10
14   6	|	0	9	2	1	3	0.00
14   7	|	6	120	27	8	123	0.04
14   8	|	0	0	1	1	8	0.00
14   9	|	5	87	19	10	106	0.04
14   10	|	0	2	3	1	11	0.00
14   11	|	0	10	5	0	7	0.00
14   12	|	7	89	22	16	256	0.02
14   13	|	1	23	13	7	242	0.00
14   14	|	2	22	6	1	44	0.04
14   15	|	0	16	4	7	107	0.00
14   16	|	0	2	0	1	2	0.00
14   17	|	0	1	0	1	6	0.00
14   18	|	0	2	0	2	42	0.00
14   22	|	1	26	27	14	497	0.00
14   23	|	1	26	40	27	1086	0.00
14   24	|	1	24	19	16	304	0.00
14   28	|	0	1	1	2	21	0.00
14   29	|	0	2	0	1	7	0.00
14   30	|	0	1	3	0	23	0.00
14   32	|	2	43	17	1	69	0.02
14   33	|	1	6	2	1	12	0.06
14   34	|	6	119	33	7	163	0.03
14   35	|	0	12	6	1	64	0.00
14   36	|	4	73	19	12	179	0.02
14   37	|	3	25	12	15	202	0.01
14   38	|	0	7	1	1	11	0.00
14   39	|	3	9	2	1	36	0.07
14   40	|	3	55	25	17	272	0.01
14   41	|	12	207	97	40	728	0.01
14   42	|	4	45	34	13	640	0.01
14   43	|	0	19	5	7	126	0.00
14   44	|	0	5	3	1	14	0.00
14   48	|	2	15	46	21	808	0.00
14   49	|	0	4	8	3	188	0.00
14   50	|	0	4	2	2	63	0.00
14   52	|	0	5	7	3	219	0.00
14   53	|	1	21	21	15	436	0.00

15   1	|	1	58	8	0	10	0.05
15   2	|	0	4	0	0	1	0.00
15   3	|	5	97	16	1	14	0.14
15   5	|	0	2	0	0	1	0.00
15   6	|	0	1	1	0	1	0.00
15   7	|	1	43	9	0	13	0.04
15   9	|	1	34	2	1	12	0.06
15   11	|	0	2	0	0	2	0.00
15   12	|	0	25	6	2	6	0.00
15   13	|	0	6	1	2	4	0.00
15   14	|	0	6	0	1	3	0.00
15   15	|	0	4	0	0	1	0.00
15   16	|	0	0	0	0	1	0.00
15   22	|	0	4	2	4	11	0.00
15   23	|	0	1	0	3	14	0.00
15   24	|	0	2	3	2	2	0.00
15   28	|	0	0	0	0	1	0.00
15   30	|	0	0	1	0	1	0.00
15   32	|	0	7	2	0	2	0.00
15   33	|	0	2	0	0	0	 - 
15   34	|	1	25	0	0	8	0.11
15   35	|	0	5	0	0	3	0.00
15   36	|	0	17	4	0	6	0.00
15   37	|	0	6	1	0	5	0.00
15   38	|	0	1	0	0	0	 - 
15   39	|	0	0	1	0	0	0.00
15   40	|	1	11	4	2	7	0.07
15   41	|	4	40	7	3	20	0.12
15   42	|	0	6	0	1	5	0.00
15   43	|	1	2	1	0	1	0.33
15   44	|	0	2	0	0	0	 - 
15   48	|	0	5	0	3	8	0.00
15   49	|	0	0	1	0	2	0.00
15   50	|	0	0	0	0	1	0.00
15   52	|	0	2	0	0	7	0.00
15   53	|	0	2	1	0	6	0.00

16   1	|	12	164	24	1	38	0.16
16   2	|	1	14	0	0	11	0.08
16   3	|	10	312	64	7	136	0.05
16   4	|	1	35	2	2	23	0.04
16   5	|	1	14	6	5	31	0.02
16   6	|	0	6	3	2	4	0.00
16   7	|	11	150	45	11	195	0.04
16   8	|	0	46	5	0	46	0.00
16   9	|	2	126	34	27	211	0.01
16   10	|	1	36	11	3	46	0.02
16   11	|	0	9	2	1	3	0.00
16   12	|	6	141	58	24	414	0.01
16   13	|	9	279	88	51	549	0.01
16   14	|	3	37	10	7	84	0.03
16   15	|	3	58	27	18	217	0.01
16   16	|	0	4	0	0	14	0.00
16   17	|	0	1	1	1	7	0.00
16   18	|	0	7	6	5	56	0.00
16   22	|	4	77	88	53	824	0.00
16   23	|	9	226	171	151	1587	0.00
16   24	|	5	50	51	21	357	0.01
16   28	|	0	5	8	6	55	0.00
16   29	|	0	3	3	3	22	0.00
16   30	|	0	9	10	5	68	0.00
16   32	|	4	43	14	1	60	0.05
16   33	|	1	34	5	1	17	0.04
16   34	|	4	139	49	10	213	0.01
16   35	|	3	120	37	6	147	0.02
16   36	|	6	106	38	20	332	0.02
16   37	|	13	299	66	33	425	0.02
16   38	|	0	13	7	1	16	0.00
16   39	|	3	20	11	0	47	0.05
16   40	|	5	119	65	39	467	0.01
16   41	|	17	344	170	93	1342	0.01
16   42	|	20	415	166	49	981	0.02
16   43	|	6	33	14	10	174	0.03
16   44	|	0	9	6	2	24	0.00
16   48	|	4	79	87	54	1188	0.00
16   49	|	2	19	22	7	192	0.01
16   50	|	0	3	4	5	50	0.00
16   52	|	2	52	42	31	433	0.00
16   53	|	4	115	89	50	906	0.00

17   1	|	1	21	2	0	3	0.17
17   2	|	0	4	0	0	1	0.00
17   3	|	4	53	4	0	13	0.19
17   4	|	0	3	0	1	0	0.00
17   5	|	0	1	1	1	0	0.00
17   6	|	0	1	0	0	0	 - 
17   7	|	1	29	2	0	12	0.07
17   8	|	0	5	0	0	1	0.00
17   9	|	0	20	5	4	4	0.00
17   10	|	0	7	1	0	2	0.00
17   11	|	0	3	1	0	1	0.00
17   12	|	1	24	5	5	20	0.03
17   13	|	0	39	11	3	33	0.00
17   14	|	0	9	0	1	8	0.00
17   15	|	0	6	0	1	5	0.00
17   17	|	0	2	0	0	1	0.00
17   18	|	0	1	0	0	2	0.00
17   22	|	1	9	6	10	22	0.03
17   23	|	0	17	8	11	56	0.00
17   24	|	0	3	1	2	10	0.00
17   28	|	0	0	0	1	2	0.00
17   29	|	0	0	0	0	1	0.00
17   30	|	0	1	0	0	4	0.00
17   32	|	0	7	1	0	5	0.00
17   33	|	0	1	1	0	2	0.00
17   34	|	2	23	5	1	15	0.09
17   35	|	0	14	2	0	8	0.00
17   36	|	1	19	2	2	15	0.05
17   37	|	1	32	4	4	19	0.04
17   38	|	0	6	0	1	3	0.00
17   39	|	0	3	2	2	2	0.00
17   40	|	0	12	4	6	14	0.00
17   41	|	0	44	15	11	59	0.00
17   42	|	2	36	12	4	31	0.04
17   43	|	0	3	0	0	4	0.00
17   44	|	0	2	0	0	2	0.00
17   48	|	0	5	6	8	37	0.00
17   49	|	0	4	0	0	4	0.00
17   50	|	0	0	0	1	1	0.00
17   52	|	0	10	3	3	8	0.00
17   53	|	0	10	6	2	37	0.00

18   1	|	2	60	5	0	7	0.14
18   2	|	0	2	1	0	0	0.00
18   3	|	2	90	17	1	24	0.05
18   4	|	1	7	0	0	0	1.00
18   5	|	0	0	0	0	1	0.00
18   6	|	0	6	0	0	0	 - 
18   7	|	2	30	6	1	7	0.13
18   8	|	0	1	0	0	0	 - 
18   9	|	0	38	7	2	8	0.00
18   10	|	0	1	1	0	2	0.00
18   11	|	0	6	0	0	0	 - 
18   12	|	0	28	4	1	18	0.00
18   13	|	0	5	2	0	2	0.00
18   14	|	0	7	2	0	2	0.00
18   15	|	0	1	0	0	4	0.00
18   16	|	0	1	0	0	1	0.00
18   18	|	0	1	0	0	0	 - 
18   22	|	1	3	6	3	9	0.05
18   23	|	0	4	2	1	13	0.00
18   24	|	0	3	0	1	5	0.00
18   28	|	0	0	0	0	1	0.00
18   29	|	0	0	0	0	1	0.00
18   30	|	0	1	0	0	1	0.00
18   32	|	1	9	1	0	2	0.25
18   33	|	0	1	0	0	0	 - 
18   34	|	2	20	4	1	5	0.17
18   35	|	0	3	0	0	2	0.00
18   36	|	1	18	2	2	7	0.08
18   37	|	0	4	2	1	5	0.00
18   38	|	0	1	0	0	1	0.00
18   39	|	0	1	1	0	1	0.00
18   40	|	0	15	3	1	8	0.00
18   41	|	4	59	13	6	34	0.07
18   42	|	0	8	1	0	14	0.00
18   43	|	0	4	1	0	4	0.00
18   44	|	0	1	0	0	1	0.00
18   48	|	0	5	0	1	10	0.00
18   49	|	0	1	0	0	1	0.00
18   50	|	0	0	0	0	1	0.00
18   52	|	0	2	0	1	5	0.00
18   53	|	0	3	2	2	10	0.00

20   1	|	0	63	12	2	13	0.00
20   2	|	0	2	0	0	0	 - 
20   3	|	4	73	18	1	27	0.08
20   4	|	0	5	1	1	3	0.00
20   5	|	0	0	0	0	5	0.00
20   6	|	0	6	1	0	2	0.00
20   7	|	1	31	13	3	29	0.02
20   8	|	0	0	1	0	0	0.00
20   9	|	0	52	6	2	26	0.00
20   10	|	0	0	0	0	2	0.00
20   11	|	0	2	1	0	1	0.00
20   12	|	3	55	15	2	49	0.04
20   13	|	0	5	5	3	29	0.00
20   14	|	1	8	6	0	7	0.07
20   15	|	1	7	7	0	29	0.03
20   16	|	0	2	0	0	0	 - 
20   17	|	0	2	1	0	0	0.00
20   18	|	1	4	0	0	4	0.20
20   22	|	1	19	7	2	79	0.01
20   23	|	0	7	10	5	107	0.00
20   24	|	0	9	5	3	36	0.00
20   28	|	0	0	1	0	5	0.00
20   29	|	0	0	0	0	2	0.00
20   30	|	0	0	1	0	5	0.00
20   31	|	0	23	1	0	7	0.00
20   32	|	1	8	4	0	12	0.06
20   33	|	0	2	0	0	1	0.00
20   34	|	0	21	10	2	23	0.00
20   35	|	0	3	1	1	7	0.00
20   36	|	1	31	4	3	19	0.04
20   37	|	0	15	12	3	23	0.00
20   38	|	0	7	0	0	2	0.00
20   39	|	0	8	2	0	4	0.00
20   40	|	0	39	12	1	51	0.00
20   41	|	5	81	31	10	130	0.03
20   42	|	3	22	18	5	102	0.02
20   43	|	0	7	5	2	16	0.00
20   44	|	0	6	0	0	5	0.00
20   48	|	2	17	16	3	186	0.01
20   49	|	0	5	10	2	80	0.00
20   50	|	0	4	1	4	26	0.00
20   52	|	0	5	4	0	46	0.00
20   53	|	1	20	20	6	148	0.01

21   1	|	24	517	94	0	144	0.09
21   2	|	2	27	7	0	4	0.15
21   3	|	27	872	149	5	280	0.06
21   4	|	1	29	8	0	9	0.06
21   5	|	1	23	2	0	17	0.05
21   6	|	1	54	11	0	8	0.05
21   7	|	11	287	75	15	181	0.04
21   8	|	0	4	4	2	7	0.00
21   9	|	19	449	87	3	222	0.06
21   10	|	0	12	4	0	14	0.00
21   11	|	0	43	4	0	8	0.00
21   12	|	19	460	95	10	250	0.05
21   13	|	3	50	20	3	105	0.02
21   14	|	1	53	17	4	28	0.02
21   15	|	2	28	16	4	76	0.02
21   16	|	0	5	2	0	6	0.00
21   17	|	0	4	0	1	4	0.00
21   18	|	0	15	8	4	42	0.00
21   22	|	7	113	38	6	289	0.02
21   23	|	2	27	34	13	395	0.00
21   24	|	1	42	17	7	131	0.01
21   28	|	0	5	3	0	20	0.00
21   29	|	0	3	2	0	5	0.00
21   30	|	0	13	2	2	21	0.00
21   31	|	7	152	32	1	53	0.08
21   32	|	4	86	22	2	69	0.04
21   33	|	0	7	2	0	7	0.00
21   34	|	6	162	42	19	161	0.03
21   35	|	2	24	10	4	49	0.03
21   36	|	7	193	48	10	138	0.03
21   37	|	3	64	18	10	123	0.02
21   38	|	2	50	3	0	16	0.10
21   39	|	0	34	8	0	24	0.00
21   40	|	10	274	58	5	221	0.03
21   41	|	20	556	157	22	607	0.02
21   42	|	4	86	54	27	402	0.01
21   43	|	4	51	18	6	103	0.03
21   44	|	1	17	11	0	15	0.04
21   48	|	6	86	65	14	613	0.01
21   49	|	1	14	26	13	314	0.00
21   50	|	1	29	14	10	121	0.01
21   52	|	1	21	18	1	213	0.00
21   53	|	3	31	34	19	564	0.00

22   1	|	6	134	19	3	62	0.07
22   2	|	1	10	3	1	1	0.17
22   3	|	12	211	64	16	216	0.04
22   4	|	0	4	3	1	17	0.00
22   5	|	0	10	8	1	38	0.00
22   6	|	1	4	2	1	4	0.13
22   7	|	2	90	54	18	245	0.01
22   8	|	0	5	1	5	23	0.00
22   9	|	3	123	53	14	248	0.01
22   10	|	0	7	6	4	37	0.00
22   11	|	1	13	1	1	4	0.14
22   12	|	11	139	78	23	628	0.01
22   13	|	2	51	58	30	455	0.00
22   14	|	1	24	21	8	97	0.01
22   15	|	0	35	39	21	346	0.00
22   16	|	0	2	1	1	7	0.00
22   17	|	0	3	1	0	9	0.00
22   18	|	0	14	6	2	156	0.00
22   22	|	6	66	69	23	1179	0.00
22   23	|	7	102	158	71	2283	0.00
22   24	|	2	46	53	35	625	0.00
22   28	|	0	4	1	3	79	0.00
22   29	|	1	3	3	0	27	0.03
22   30	|	0	4	3	3	92	0.00
22   31	|	1	40	28	3	149	0.01
22   32	|	1	39	29	12	142	0.01
22   33	|	0	8	6	2	23	0.00
22   34	|	2	56	48	22	317	0.01
22   35	|	2	17	23	17	219	0.01
22   36	|	2	75	53	21	446	0.00
22   37	|	5	83	72	30	675	0.01
22   38	|	1	14	3	1	27	0.03
22   39	|	0	17	17	5	123	0.00
22   40	|	4	88	52	26	666	0.01
22   41	|	13	229	176	71	1605	0.01
22   42	|	12	188	175	94	2221	0.00
22   43	|	2	41	29	16	441	0.00
22   44	|	0	9	6	2	64	0.00
22   48	|	16	129	227	66	3793	0.00
22   49	|	7	85	134	40	2431	0.00
22   50	|	3	39	52	24	861	0.00
22   52	|	2	45	58	17	1153	0.00
22   53	|	10	135	155	57	2659	0.00

23   1	|	9	220	38	11	108	0.05
23   2	|	0	15	4	0	9	0.00
23   3	|	15	329	88	37	452	0.03
23   4	|	0	14	5	2	18	0.00
23   5	|	1	12	5	1	34	0.02
23   6	|	0	27	5	2	14	0.00
23   7	|	9	152	85	39	436	0.02
23   8	|	1	3	5	2	30	0.03
23   9	|	7	218	65	16	386	0.01
23   10	|	1	6	3	1	41	0.02
23   11	|	2	23	6	1	13	0.09
23   12	|	7	208	84	29	701	0.01
23   13	|	2	58	66	22	635	0.00
23   14	|	2	24	13	5	119	0.01
23   15	|	2	30	18	16	245	0.01
23   16	|	0	4	5	0	10	0.00
23   17	|	0	3	1	1	11	0.00
23   18	|	0	4	4	6	49	0.00
23   22	|	9	77	77	25	1574	0.01
23   23	|	0	55	80	35	1266	0.00
23   24	|	1	25	28	16	350	0.00
23   28	|	1	3	4	5	104	0.01
23   29	|	1	1	1	1	38	0.02
23   30	|	0	5	5	3	164	0.00
23   31	|	1	60	21	14	143	0.01
23   32	|	0	50	35	20	201	0.00
23   33	|	1	3	5	3	17	0.04
23   34	|	8	124	82	55	616	0.01
23   35	|	1	23	14	13	136	0.01
23   36	|	6	120	64	36	590	0.01
23   37	|	2	29	35	19	318	0.01
23   38	|	1	15	7	1	23	0.03
23   39	|	0	11	8	2	68	0.00
23   40	|	3	143	68	37	904	0.00
23   41	|	14	343	228	108	2249	0.01
23   42	|	1	19	25	14	335	0.00
23   43	|	0	9	5	5	66	0.00
23   44	|	0	9	1	2	33	0.00
23   48	|	1	12	21	6	371	0.00
23   52	|	1	24	19	10	294	0.00
23   53	|	2	23	24	10	545	0.00

24   1	|	5	109	17	2	44	0.07
24   2	|	1	3	2	0	3	0.17
24   3	|	2	136	38	9	191	0.01
24   4	|	0	3	3	2	11	0.00
24   5	|	0	5	5	0	17	0.00
24   6	|	0	9	0	1	3	0.00
24   7	|	4	61	37	11	206	0.02
24   8	|	0	0	3	1	18	0.00
24   9	|	5	76	27	7	190	0.02
24   10	|	0	4	2	0	26	0.00
24   11	|	1	3	1	0	5	0.14
24   12	|	7	76	29	9	314	0.02
24   13	|	1	33	21	11	453	0.00
24   14	|	0	15	3	0	77	0.00
24   15	|	2	8	11	1	124	0.01
24   16	|	0	3	1	2	5	0.00
24   17	|	0	3	2	0	17	0.00
24   18	|	1	2	2	1	30	0.03
24   22	|	1	14	28	5	645	0.00
24   23	|	4	18	37	14	702	0.01
24   24	|	2	15	8	3	182	0.01
24   28	|	1	2	5	1	58	0.02
24   29	|	0	6	1	0	21	0.00
24   30	|	2	4	2	0	48	0.04
24   31	|	2	25	8	1	24	0.06
24   32	|	0	20	11	6	65	0.00
24   33	|	0	1	0	1	11	0.00
24   34	|	2	38	34	10	329	0.01
24   35	|	0	11	10	6	110	0.00
24   36	|	2	40	37	10	274	0.01
24   37	|	2	10	12	5	190	0.01
24   38	|	1	6	2	3	8	0.07
24   39	|	0	0	4	2	29	0.00
24   40	|	4	66	30	3	477	0.01
24   41	|	7	124	95	40	1254	0.01
24   42	|	1	21	10	5	256	0.00
24   43	|	0	8	4	0	39	0.00
24   44	|	0	3	1	0	22	0.00
24   48	|	0	0	3	1	146	0.00
24   52	|	0	6	12	1	128	0.00
24   53	|	3	5	12	9	245	0.01

25   1	|	2	46	9	1	12	0.08
25   2	|	0	4	1	0	1	0.00
25   3	|	5	69	11	0	12	0.18
25   4	|	0	4	1	0	4	0.00
25   5	|	0	2	1	0	4	0.00
25   6	|	0	2	1	0	1	0.00
25   7	|	0	20	7	0	14	0.00
25   8	|	0	0	1	0	1	0.00
25   9	|	2	32	7	1	8	0.11
25   10	|	0	1	0	0	3	0.00
25   11	|	0	2	0	0	0	 - 
25   12	|	3	36	13	0	34	0.06
25   13	|	1	2	1	2	16	0.05
25   14	|	0	9	3	0	2	0.00
25   15	|	0	4	0	0	8	0.00
25   17	|	0	0	1	0	0	0.00
25   18	|	0	0	1	0	4	0.00
25   22	|	0	11	3	3	29	0.00
25   23	|	0	13	3	1	44	0.00
25   24	|	0	2	4	2	20	0.00
25   28	|	0	1	0	0	2	0.00
25   30	|	0	1	1	0	1	0.00
25   32	|	0	6	0	0	5	0.00
25   33	|	0	1	0	0	1	0.00
25   34	|	0	10	4	0	14	0.00
25   35	|	0	3	1	0	7	0.00
25   36	|	0	21	3	2	12	0.00
25   37	|	1	12	3	1	22	0.04
25   38	|	0	4	0	0	0	 - 
25   39	|	0	1	0	1	5	0.00
25   40	|	0	24	4	0	11	0.00
25   41	|	0	47	9	7	42	0.00
25   42	|	2	24	8	7	61	0.03
25   43	|	1	5	3	0	7	0.09
25   44	|	0	0	0	0	2	0.00
25   48	|	0	11	10	2	103	0.00
25   49	|	0	5	7	2	54	0.00
25   50	|	0	4	0	2	15	0.00
25   52	|	1	5	2	1	32	0.03
25   53	|	1	9	7	2	86	0.01

26   1	|	1	32	11	2	11	0.04
26   2	|	0	3	0	0	2	0.00
26   3	|	2	47	14	4	43	0.03
26   4	|	0	0	0	0	1	0.00
26   5	|	0	3	2	0	1	0.00
26   6	|	0	1	0	0	2	0.00
26   7	|	0	24	8	2	21	0.00
26   8	|	0	0	2	0	2	0.00
26   9	|	1	27	9	2	32	0.02
26   10	|	0	2	1	0	3	0.00
26   11	|	0	3	0	0	0	 - 
26   12	|	4	36	11	5	80	0.04
26   13	|	0	10	8	3	67	0.00
26   14	|	0	4	2	4	6	0.00
26   15	|	0	10	5	3	58	0.00
26   16	|	0	0	1	2	0	0.00
26   17	|	0	0	0	1	1	0.00
26   18	|	0	1	0	0	24	0.00
26   22	|	1	13	13	3	148	0.01
26   23	|	1	24	21	8	333	0.00
26   24	|	1	7	6	5	92	0.01
26   28	|	1	1	0	0	12	0.08
26   29	|	0	0	0	0	4	0.00
26   30	|	0	0	1	0	13	0.00
26   32	|	2	10	3	0	24	0.07
26   33	|	0	3	1	1	1	0.00
26   34	|	1	13	7	3	58	0.01
26   35	|	0	1	3	2	15	0.00
26   36	|	1	16	10	4	61	0.01
26   37	|	1	11	9	5	76	0.01
26   38	|	0	4	0	0	1	0.00
26   39	|	0	7	2	0	12	0.00
26   40	|	0	21	8	1	68	0.00
26   41	|	3	58	26	5	202	0.01
26   42	|	2	17	19	14	224	0.01
26   43	|	0	5	2	5	41	0.00
26   44	|	0	2	0	3	8	0.00
26   48	|	0	19	11	2	291	0.00
26   49	|	0	5	3	2	49	0.00
26   50	|	0	2	0	0	18	0.00
26   52	|	0	8	4	4	117	0.00
26   53	|	2	14	8	9	248	0.01

30   1	|	4	119	21	0	35	0.07
30   2	|	0	10	0	0	2	0.00
30   3	|	10	176	30	0	56	0.10
30   4	|	0	5	1	0	2	0.00
30   5	|	0	4	0	0	0	 - 
30   6	|	1	10	0	0	1	0.50
30   7	|	2	77	16	9	37	0.03
30   8	|	1	2	0	0	1	0.50
30   9	|	11	116	23	0	37	0.15
30   10	|	0	0	0	0	1	0.00
30   11	|	1	9	2	0	4	0.14
30   12	|	2	58	14	0	26	0.05
30   13	|	1	10	4	1	10	0.06
30   14	|	0	10	2	0	1	0.00
30   15	|	1	5	1	0	9	0.09
30   18	|	0	2	0	0	1	0.00
30   19	|	2	103	24	1	87	0.02
30   20	|	0	10	5	0	8	0.00
30   21	|	1	1	2	0	4	0.14
30   22	|	1	11	5	0	17	0.04
30   23	|	0	5	1	1	11	0.00
30   24	|	0	6	1	0	10	0.00
30   25	|	0	23	6	1	33	0.00
30   26	|	0	2	1	0	9	0.00
30   27	|	1	6	2	3	1	0.14
30   28	|	0	2	0	0	2	0.00
30   29	|	0	2	0	0	0	 - 
30   30	|	0	1	0	0	2	0.00
30   32	|	0	12	3	1	7	0.00
30   33	|	0	0	0	0	1	0.00
30   34	|	1	32	4	2	28	0.03
30   35	|	0	2	0	0	5	0.00
30   36	|	2	42	14	0	18	0.06
30   37	|	0	8	2	0	3	0.00
30   38	|	0	3	2	0	2	0.00
30   39	|	0	5	1	0	1	0.00
30   40	|	1	37	6	0	19	0.04
30   41	|	1	62	24	3	48	0.01
30   42	|	0	3	0	1	9	0.00
30   43	|	1	5	1	0	2	0.25
30   44	|	1	2	2	0	1	0.25
30   45	|	1	40	19	6	102	0.01
30   46	|	0	5	2	0	13	0.00
30   47	|	0	1	0	0	7	0.00
30   48	|	0	4	1	0	8	0.00
30   49	|	0	0	0	0	1	0.00
30   50	|	0	2	0	0	0	 - 
30   51	|	0	15	4	3	55	0.00
30   52	|	0	1	0	0	6	0.00
30   53	|	0	4	1	0	15	0.00

31   1	|	14	210	34	0	46	0.15
31   2	|	0	13	4	0	2	0.00
31   3	|	16	289	46	1	68	0.12
31   4	|	0	3	2	0	2	0.00
31   5	|	0	8	0	0	3	0.00
31   6	|	0	8	1	0	1	0.00
31   7	|	1	131	39	4	43	0.01
31   8	|	0	2	2	0	1	0.00
31   9	|	10	217	40	0	78	0.08
31   10	|	0	0	3	0	2	0.00
31   11	|	1	12	2	0	2	0.20
31   12	|	0	102	21	3	70	0.00
31   13	|	1	10	6	0	23	0.03
31   14	|	1	22	4	0	9	0.07
31   15	|	0	7	4	1	11	0.00
31   16	|	0	1	0	0	1	0.00
31   17	|	0	1	0	0	0	 - 
31   18	|	0	4	1	0	1	0.00
31   19	|	13	148	64	9	238	0.04
31   20	|	0	12	8	0	24	0.00
31   21	|	1	15	4	0	8	0.08
31   22	|	1	21	7	2	50	0.02
31   23	|	1	5	8	1	49	0.02
31   24	|	2	8	10	1	31	0.05
31   25	|	1	36	12	0	98	0.01
31   26	|	0	4	2	0	29	0.00
31   27	|	2	8	2	1	23	0.07
31   29	|	0	3	0	0	1	0.00
31   30	|	0	1	1	0	6	0.00
31   32	|	0	31	6	1	16	0.00
31   33	|	0	0	0	0	1	0.00
31   34	|	4	50	12	7	42	0.06
31   35	|	1	7	3	0	5	0.11
31   36	|	5	71	16	1	34	0.09
31   37	|	0	7	0	0	11	0.00
31   38	|	0	11	2	0	0	0.00
31   39	|	0	8	2	0	2	0.00
31   40	|	6	66	9	2	42	0.10
31   41	|	5	125	33	7	118	0.03
31   42	|	0	5	5	2	35	0.00
31   43	|	0	7	6	0	7	0.00
31   44	|	0	5	1	0	3	0.00
31   45	|	5	74	40	9	331	0.01
31   46	|	1	20	6	2	48	0.02
31   47	|	1	6	3	0	13	0.06
31   48	|	0	6	7	1	66	0.00
31   49	|	0	2	1	0	16	0.00
31   50	|	0	3	0	0	8	0.00
31   51	|	3	25	16	4	206	0.01
31   52	|	0	2	1	1	15	0.00
31   53	|	0	6	4	1	69	0.00

32   1	|	4	154	27	0	42	0.05
32   2	|	1	6	2	0	2	0.20
32   3	|	12	210	36	1	41	0.13
32   4	|	1	11	0	0	1	0.50
32   5	|	0	3	1	0	2	0.00
32   6	|	1	5	0	0	3	0.25
32   7	|	2	100	20	6	33	0.03
32   8	|	0	1	0	1	0	0.00
32   9	|	7	161	27	0	56	0.08
32   11	|	1	7	2	0	1	0.25
32   12	|	1	97	19	2	47	0.01
32   13	|	0	11	4	1	10	0.00
32   14	|	1	17	3	0	8	0.08
32   15	|	0	5	0	0	8	0.00
32   16	|	0	1	0	0	1	0.00
32   18	|	1	1	0	0	2	0.33
32   19	|	5	106	43	5	177	0.02
32   20	|	0	9	1	0	25	0.00
32   21	|	0	10	3	0	10	0.00
32   22	|	0	18	7	0	40	0.00
32   23	|	0	0	1	1	58	0.00
32   24	|	0	11	4	1	17	0.00
32   25	|	0	18	7	0	57	0.00
32   26	|	0	6	1	0	19	0.00
32   27	|	1	12	1	0	11	0.08
32   28	|	0	0	0	0	3	0.00
32   29	|	0	1	0	0	0	 - 
32   30	|	0	1	0	0	4	0.00
32   32	|	1	22	9	2	10	0.05
32   33	|	0	0	0	0	1	0.00
32   34	|	1	41	6	2	26	0.03
32   35	|	1	2	1	0	2	0.25
32   36	|	5	55	12	1	21	0.13
32   37	|	1	9	1	0	9	0.09
32   38	|	0	6	0	0	1	0.00
32   39	|	1	10	1	0	0	0.50
32   40	|	3	50	12	2	31	0.06
32   41	|	2	68	25	4	90	0.02
32   42	|	2	4	5	1	22	0.07
32   43	|	0	6	2	0	8	0.00
32   44	|	0	1	1	0	4	0.00
32   45	|	4	55	33	9	261	0.01
32   46	|	0	10	1	1	45	0.00
32   47	|	1	9	1	3	11	0.06
32   48	|	1	3	1	1	35	0.03
32   49	|	0	3	1	0	9	0.00
32   50	|	0	1	1	0	8	0.00
32   51	|	0	12	10	2	158	0.00
32   52	|	0	4	1	0	18	0.00
32   53	|	0	4	1	0	55	0.00

33   1	|	4	37	2	0	8	0.29
33   2	|	0	4	0	0	1	0.00
33   3	|	3	56	5	2	11	0.14
33   4	|	0	2	0	0	1	0.00
33   5	|	0	2	0	0	0	 - 
33   6	|	0	3	1	0	1	0.00
33   7	|	1	24	9	1	15	0.04
33   8	|	0	0	0	0	1	0.00
33   9	|	1	39	5	0	13	0.05
33   10	|	0	0	0	0	1	0.00
33   11	|	0	3	0	0	1	0.00
33   12	|	0	14	5	0	15	0.00
33   13	|	0	1	1	2	13	0.00
33   14	|	1	5	1	1	2	0.20
33   15	|	0	1	1	1	4	0.00
33   16	|	0	1	0	0	0	 - 
33   18	|	0	0	0	0	1	0.00
33   19	|	2	17	13	3	103	0.02
33   20	|	0	1	2	1	14	0.00
33   21	|	0	3	0	0	4	0.00
33   22	|	0	2	2	1	16	0.00
33   23	|	0	1	4	0	35	0.00
33   24	|	0	3	1	1	11	0.00
33   25	|	0	3	3	0	31	0.00
33   26	|	0	0	0	0	7	0.00
33   27	|	0	3	0	0	4	0.00
33   28	|	0	0	0	0	1	0.00
33   30	|	0	1	0	0	4	0.00
33   32	|	0	6	1	0	1	0.00
33   34	|	0	9	3	0	11	0.00
33   35	|	0	1	0	0	2	0.00
33   36	|	0	18	4	0	11	0.00
33   37	|	0	4	1	0	8	0.00
33   38	|	0	1	0	0	1	0.00
33   39	|	0	2	0	0	0	 - 
33   40	|	1	12	3	0	13	0.06
33   41	|	1	17	5	1	45	0.02
33   42	|	0	1	0	0	15	0.00
33   43	|	0	1	0	0	6	0.00
33   44	|	0	2	0	0	0	 - 
33   45	|	2	25	16	1	165	0.01
33   46	|	0	6	2	0	45	0.00
33   47	|	0	5	0	0	9	0.00
33   48	|	0	0	1	0	28	0.00
33   49	|	0	1	0	0	6	0.00
33   50	|	0	1	1	0	4	0.00
33   51	|	1	7	5	1	102	0.01
33   52	|	0	1	1	1	12	0.00
33   53	|	0	4	0	0	29	0.00

34   1	|	0	1	0	0	0	 - 
34   3	|	0	2	2	0	0	0.00
34   5	|	0	0	0	0	1	0.00
34   7	|	0	2	1	0	2	0.00
34   9	|	0	2	0	0	1	0.00
34   12	|	1	2	0	0	7	0.13
34   14	|	1	0	0	0	0	1.00
34   15	|	0	0	1	0	3	0.00
34   17	|	0	0	0	0	1	0.00
34   19	|	1	8	6	2	29	0.03
34   20	|	0	0	0	0	4	0.00
34   21	|	0	0	0	0	1	0.00
34   22	|	0	1	0	0	20	0.00
34   23	|	0	3	1	1	18	0.00
34   24	|	0	0	1	0	6	0.00
34   25	|	0	2	1	0	14	0.00
34   26	|	0	0	0	0	4	0.00
34   27	|	0	1	0	0	1	0.00
34   30	|	0	2	0	0	1	0.00
34   32	|	0	0	0	0	2	0.00
34   34	|	0	1	0	1	2	0.00
34   35	|	0	0	1	0	1	0.00
34   36	|	0	1	0	0	2	0.00
34   37	|	0	1	0	0	0	 - 
34   40	|	0	2	1	0	3	0.00
34   41	|	0	5	2	1	13	0.00
34   42	|	0	1	1	0	8	0.00
34   43	|	0	0	0	0	2	0.00
34   44	|	0	0	0	0	1	0.00
34   45	|	0	6	7	3	70	0.00
34   46	|	0	0	1	2	16	0.00
34   47	|	0	0	0	0	4	0.00
34   48	|	0	0	4	0	25	0.00
34   49	|	0	1	0	0	8	0.00
34   50	|	0	0	0	0	2	0.00
34   51	|	0	2	3	0	50	0.00
34   52	|	0	0	0	0	5	0.00
34   53	|	0	0	0	0	19	0.00

35   1	|	0	13	10	0	3	0.00
35   3	|	1	29	4	2	9	0.06
35   4	|	0	2	0	0	1	0.00
35   5	|	0	0	1	0	0	0.00
35   6	|	0	1	0	0	0	 - 
35   7	|	1	33	11	2	26	0.03
35   8	|	0	1	0	1	1	0.00
35   9	|	2	31	1	0	11	0.14
35   10	|	0	0	0	0	1	0.00
35   11	|	0	2	0	0	3	0.00
35   12	|	1	36	13	0	41	0.02
35   13	|	0	5	2	1	17	0.00
35   14	|	0	7	5	0	8	0.00
35   15	|	0	5	1	0	3	0.00
35   16	|	0	0	0	0	1	0.00
35   17	|	0	0	0	0	1	0.00
35   18	|	0	3	0	0	4	0.00
35   19	|	2	49	19	3	196	0.01
35   20	|	0	4	4	1	24	0.00
35   21	|	0	4	2	0	13	0.00
35   22	|	0	17	3	1	53	0.00
35   23	|	0	3	5	2	85	0.00
35   24	|	0	2	2	1	22	0.00
35   25	|	0	3	5	2	78	0.00
35   26	|	1	5	0	0	31	0.03
35   27	|	1	4	2	0	9	0.08
35   28	|	0	1	0	0	0	 - 
35   29	|	0	1	0	0	0	 - 
35   30	|	0	0	1	0	4	0.00
35   32	|	1	10	1	0	4	0.17
35   34	|	1	8	4	2	20	0.04
35   35	|	0	1	1	0	1	0.00
35   36	|	1	11	3	0	10	0.07
35   37	|	0	3	0	0	6	0.00
35   38	|	1	2	0	0	0	1.00
35   39	|	0	2	0	0	2	0.00
35   40	|	1	17	7	2	18	0.04
35   41	|	4	42	15	0	83	0.04
35   42	|	1	2	6	2	37	0.02
35   43	|	0	3	1	0	10	0.00
35   44	|	0	1	2	0	4	0.00
35   45	|	4	38	27	11	368	0.01
35   46	|	2	10	4	9	99	0.02
35   47	|	0	2	2	1	18	0.00
35   48	|	0	6	4	1	108	0.00
35   49	|	0	1	3	1	30	0.00
35   50	|	0	1	1	1	13	0.00
35   51	|	1	9	19	4	281	0.00
35   52	|	0	0	0	0	12	0.00
35   53	|	1	4	5	1	85	0.01

36   1	|	0	9	1	0	3	0.00
36   2	|	0	1	0	0	1	0.00
36   3	|	0	10	8	1	12	0.00
36   4	|	0	1	0	0	2	0.00
36   5	|	0	0	0	0	1	0.00
36   6	|	0	1	0	0	0	 - 
36   7	|	2	23	10	4	39	0.04
36   8	|	0	1	0	0	3	0.00
36   9	|	0	12	4	1	28	0.00
36   10	|	0	1	0	0	4	0.00
36   12	|	1	9	7	3	73	0.01
36   13	|	0	3	6	5	53	0.00
36   14	|	0	0	0	1	10	0.00
36   15	|	0	1	0	0	21	0.00
36   16	|	0	0	0	0	1	0.00
36   17	|	0	0	0	0	2	0.00
36   18	|	0	1	0	0	3	0.00
36   19	|	1	28	25	19	552	0.00
36   20	|	0	3	3	1	83	0.00
36   21	|	0	0	0	1	9	0.00
36   22	|	0	0	8	1	139	0.00
36   23	|	0	1	1	2	93	0.00
36   24	|	0	0	0	0	19	0.00
36   25	|	0	8	5	4	258	0.00
36   26	|	0	0	2	0	74	0.00
36   27	|	0	1	0	1	10	0.00
36   28	|	0	0	0	0	5	0.00
36   29	|	0	0	0	0	2	0.00
36   30	|	0	0	1	0	28	0.00
36   32	|	0	4	2	2	4	0.00
36   33	|	0	0	0	0	2	0.00
36   34	|	0	9	4	3	65	0.00
36   35	|	0	1	0	0	8	0.00
36   36	|	0	5	3	3	51	0.00
36   37	|	0	0	2	0	12	0.00
36   39	|	0	3	0	0	4	0.00
36   40	|	0	14	5	3	93	0.00
36   41	|	1	22	6	21	254	0.00
36   42	|	0	0	0	0	6	0.00
36   43	|	0	0	1	0	3	0.00
36   44	|	0	0	1	0	0	0.00
36   45	|	1	0	3	2	48	0.02
36   46	|	0	0	0	1	11	0.00
36   48	|	0	0	0	0	2	0.00
36   51	|	0	1	1	0	18	0.00
36   52	|	0	1	0	0	5	0.00
36   53	|	0	0	2	1	25	0.00

37   1	|	0	5	0	0	2	0.00
37   3	|	0	8	2	1	9	0.00
37   5	|	0	0	0	0	1	0.00
37   6	|	0	1	0	0	0	 - 
37   7	|	0	6	2	0	22	0.00
37   8	|	0	0	0	0	3	0.00
37   9	|	0	2	1	2	10	0.00
37   10	|	0	1	0	1	2	0.00
37   12	|	1	9	6	0	67	0.01
37   13	|	0	2	2	0	44	0.00
37   14	|	0	1	1	1	18	0.00
37   15	|	0	1	4	2	16	0.00
37   16	|	0	0	0	0	1	0.00
37   17	|	0	1	0	0	1	0.00
37   18	|	0	0	0	0	9	0.00
37   19	|	3	18	19	10	427	0.01
37   20	|	0	4	8	3	67	0.00
37   21	|	0	3	2	0	21	0.00
37   22	|	0	5	3	2	139	0.00
37   23	|	2	7	12	5	414	0.00
37   24	|	1	4	3	8	146	0.01
37   25	|	1	5	12	2	243	0.00
37   26	|	0	2	2	4	95	0.00
37   27	|	1	1	5	5	51	0.02
37   28	|	0	0	0	0	7	0.00
37   30	|	0	0	1	0	12	0.00
37   32	|	0	1	2	1	7	0.00
37   33	|	0	0	0	0	1	0.00
37   34	|	0	5	2	3	31	0.00
37   35	|	0	0	0	1	15	0.00
37   36	|	0	2	0	0	26	0.00
37   37	|	0	3	1	2	34	0.00
37   38	|	0	1	0	0	1	0.00
37   39	|	0	0	1	1	3	0.00
37   40	|	0	4	4	1	42	0.00
37   41	|	2	17	17	8	226	0.01
37   42	|	0	8	5	4	211	0.00
37   43	|	0	3	1	0	37	0.00
37   44	|	0	0	1	0	2	0.00
37   45	|	4	40	66	37	1750	0.00
37   46	|	0	14	8	5	499	0.00
37   47	|	0	3	2	3	92	0.00
37   48	|	0	5	16	3	463	0.00
37   49	|	0	2	8	1	175	0.00
37   50	|	0	2	3	2	72	0.00
37   51	|	0	19	36	16	1419	0.00
37   52	|	1	0	4	0	60	0.02
37   53	|	1	4	14	5	380	0.00

38   1	|	0	2	0	0	2	0.00
38   3	|	0	7	1	1	12	0.00
38   5	|	0	0	0	1	0	0.00
38   7	|	0	8	4	0	24	0.00
38   8	|	0	1	0	0	0	 - 
38   9	|	0	3	0	0	15	0.00
38   10	|	0	0	0	0	3	0.00
38   11	|	0	2	0	0	0	 - 
38   12	|	0	9	1	0	47	0.00
38   13	|	0	2	3	0	26	0.00
38   14	|	0	0	0	0	2	0.00
38   15	|	0	1	0	0	9	0.00
38   17	|	0	0	0	0	1	0.00
38   18	|	0	0	0	0	1	0.00
38   19	|	1	10	14	2	384	0.00
38   20	|	0	1	2	1	53	0.00
38   21	|	0	1	0	0	7	0.00
38   22	|	0	2	0	0	71	0.00
38   23	|	0	0	2	1	55	0.00
38   24	|	0	0	1	0	12	0.00
38   25	|	0	3	3	0	126	0.00
38   26	|	0	1	2	1	59	0.00
38   27	|	0	0	0	0	4	0.00
38   28	|	0	0	0	0	2	0.00
38   29	|	0	0	0	0	1	0.00
38   30	|	0	1	2	0	10	0.00
38   32	|	0	0	1	0	3	0.00
38   34	|	0	1	2	0	26	0.00
38   35	|	0	1	0	0	7	0.00
38   36	|	0	2	0	1	19	0.00
38   37	|	0	1	0	0	8	0.00
38   40	|	0	3	4	0	65	0.00
38   41	|	0	5	10	2	148	0.00
38   42	|	0	0	0	0	2	0.00
38   43	|	0	1	0	0	2	0.00
38   44	|	0	0	0	0	3	0.00
38   45	|	0	0	0	0	15	0.00
38   46	|	0	0	1	0	3	0.00
38   48	|	0	0	0	0	1	0.00
38   51	|	0	0	0	0	9	0.00
38   52	|	0	0	0	0	10	0.00
38   53	|	0	0	0	0	14	0.00

39   1	|	0	2	0	0	0	 - 
39   3	|	1	3	0	0	1	0.50
39   7	|	0	4	1	0	3	0.00
39   9	|	0	3	1	0	0	0.00
39   12	|	0	4	0	0	2	0.00
39   13	|	0	1	0	0	3	0.00
39   14	|	0	1	0	0	2	0.00
39   15	|	0	1	0	0	1	0.00
39   16	|	0	0	0	0	1	0.00
39   18	|	0	1	0	0	0	 - 
39   19	|	0	6	4	1	32	0.00
39   20	|	0	0	2	0	7	0.00
39   21	|	0	0	0	0	2	0.00
39   22	|	0	0	0	0	8	0.00
39   23	|	0	1	1	0	13	0.00
39   24	|	0	0	0	0	4	0.00
39   25	|	0	0	1	0	16	0.00
39   26	|	1	0	0	2	5	0.13
39   27	|	0	0	0	0	4	0.00
39   30	|	0	1	0	0	0	 - 
39   32	|	0	1	0	0	1	0.00
39   34	|	0	0	1	0	0	0.00
39   35	|	0	0	0	0	1	0.00
39   36	|	0	1	0	0	1	0.00
39   39	|	0	1	0	0	0	 - 
39   40	|	0	1	0	0	0	 - 
39   41	|	0	1	0	0	11	0.00
39   42	|	0	0	0	0	6	0.00
39   43	|	0	0	0	0	1	0.00
39   44	|	0	1	0	0	0	 - 
39   45	|	1	4	6	1	71	0.01
39   46	|	0	3	1	1	30	0.00
39   47	|	0	0	0	1	2	0.00
39   48	|	0	1	1	0	23	0.00
39   49	|	0	1	0	0	14	0.00
39   50	|	0	0	0	0	2	0.00
39   51	|	0	2	2	0	77	0.00
39   52	|	0	1	1	0	5	0.00
39   53	|	0	1	0	1	16	0.00

40   1	|	0	50	4	0	6	0.00
40   2	|	0	2	0	0	2	0.00
40   3	|	2	54	8	1	10	0.10
40   4	|	0	6	0	0	0	 - 
40   5	|	0	1	0	0	2	0.00
40   6	|	0	6	0	0	0	 - 
40   7	|	6	86	15	1	16	0.16
40   8	|	0	0	0	0	2	0.00
40   9	|	3	41	5	0	7	0.20
40   10	|	0	0	1	0	0	0.00
40   11	|	0	3	0	0	0	 - 
40   12	|	1	56	9	1	20	0.03
40   14	|	1	17	4	1	3	0.11
40   17	|	0	1	0	0	0	 - 
40   18	|	0	0	1	0	1	0.00
40   22	|	0	19	5	4	31	0.00
40   29	|	0	2	0	1	1	0.00
40   32	|	0	16	3	0	2	0.00
40   34	|	1	34	4	0	11	0.06
40   36	|	1	26	4	2	9	0.06
40   37	|	0	2	1	0	2	0.00
40   38	|	0	1	0	0	0	 - 
40   39	|	0	0	0	0	2	0.00
40   40	|	1	33	9	0	18	0.04
40   41	|	2	70	17	5	38	0.03

41   1	|	5	76	10	0	8	0.22
41   2	|	0	8	1	0	2	0.00
41   3	|	2	99	10	0	22	0.06
41   6	|	0	2	0	0	1	0.00
41   7	|	8	160	28	1	44	0.10
41   9	|	3	89	12	0	20	0.09
41   11	|	0	9	0	0	0	 - 
41   17	|	0	0	2	0	0	0.00
41   18	|	0	1	0	0	0	 - 
41   29	|	1	1	0	0	0	1.00
41   33	|	0	1	0	0	0	 - 
41   36	|	2	44	5	1	27	0.06
41   38	|	0	3	1	0	1	0.00
41   40	|	2	61	9	2	68	0.02
41   44	|	0	11	3	0	3	0.00

42   1	|	3	60	5	0	13	0.14
42   2	|	0	3	0	0	0	 - 
42   3	|	5	85	12	3	17	0.14
42   7	|	6	132	19	3	41	0.09
42   8	|	0	1	0	0	0	 - 
42   9	|	4	62	7	0	18	0.14
42   10	|	0	0	0	0	1	0.00
42   11	|	1	8	0	0	0	1.00
42   29	|	0	1	0	0	2	0.00
42   30	|	0	3	1	0	8	0.00
42   32	|	2	26	3	0	7	0.17
42   36	|	0	42	5	2	29	0.00
42   38	|	0	3	0	0	1	0.00
42   39	|	0	0	0	0	6	0.00
42   40	|	1	41	9	3	59	0.01

43   1	|	0	21	4	0	5	0.00
43   2	|	0	1	0	0	0	 - 
43   3	|	1	21	0	0	8	0.11
43   5	|	0	2	1	0	1	0.00
43   9	|	0	28	2	0	14	0.00
43   11	|	0	3	1	0	0	0.00
43   33	|	0	0	0	0	2	0.00
43   44	|	0	3	2	0	2	0.00

44   1	|	1	14	2	0	0	0.33
44   3	|	2	20	3	0	10	0.13
44   4	|	0	1	0	0	1	0.00
44   8	|	0	0	0	0	1	0.00
44   9	|	0	10	2	0	10	0.00
44   11	|	0	1	0	0	1	0.00
44   14	|	0	2	0	0	9	0.00
44   30	|	0	0	0	0	4	0.00
44   35	|	0	1	1	0	8	0.00
44   37	|	0	0	2	1	17	0.00
44   38	|	0	0	0	0	3	0.00
44   44	|	0	1	0	0	2	0.00
44   48	|	0	1	3	3	54	0.00

45   1	|	0	6	0	0	1	0.00
45   3	|	0	3	1	0	1	0.00
45   9	|	0	4	0	0	0	 - 
45   22	|	0	1	0	0	3	0.00
45   24	|	0	1	0	0	1	0.00
45   34	|	1	4	2	0	0	0.33
45   36	|	0	1	0	0	1	0.00
45   40	|	0	3	1	0	1	0.00
45   41	|	2	6	0	0	4	0.33
45   42	|	0	0	0	0	1	0.00

46   1	|	2	13	2	0	1	0.40
46   5	|	0	2	0	0	1	0.00
46   11	|	0	4	1	0	0	0.00
46   16	|	0	0	0	0	1	0.00
46   37	|	0	9	6	2	30	0.00

47   1	|	0	1	2	0	1	0.00
47   3	|	0	5	0	0	0	 - 
47   7	|	0	4	1	0	1	0.00
47   22	|	0	0	0	0	4	0.00
47   35	|	0	2	0	0	1	0.00
47   37	|	0	1	0	0	2	0.00
47   42	|	0	1	2	0	0	0.00
47   48	|	0	0	0	1	2	0.00

48   1	|	1	2	1	0	1	0.33
48   3	|	0	6	0	0	1	0.00
48   7	|	0	6	0	0	5	0.00
48   9	|	0	2	0	0	0	 - 
48   12	|	0	4	1	0	1	0.00
48   14	|	0	1	0	0	0	 - 
48   22	|	0	2	0	0	2	0.00
48   40	|	0	1	1	0	0	0.00
48   41	|	3	2	3	0	4	0.30
48   53	|	0	0	0	0	1	0.00

50   1	|	9	161	25	0	23	0.16
50   2	|	0	14	0	0	1	0.00
50   3	|	5	213	28	3	49	0.06
50   5	|	0	8	0	0	3	0.00
50   6	|	0	5	0	0	1	0.00
50   7	|	2	112	17	2	33	0.04
50   8	|	0	0	0	0	2	0.00
50   9	|	9	141	21	4	27	0.15
50   10	|	0	3	0	0	1	0.00
50   12	|	3	57	11	5	37	0.05
50   14	|	2	31	6	0	11	0.11
50   28	|	0	2	0	0	1	0.00
50   29	|	0	1	0	0	3	0.00
50   30	|	0	2	0	0	5	0.00
50   32	|	1	28	6	0	8	0.07
50   33	|	0	2	0	0	0	 - 
50   34	|	1	61	13	2	28	0.02
50   36	|	2	48	8	3	19	0.06
50   38	|	0	6	1	0	0	0.00
50   40	|	1	48	15	1	49	0.02
50   43	|	1	9	1	0	3	0.20
50   44	|	1	7	1	0	1	0.33

51   1	|	13	307	38	1	67	0.11
51   2	|	1	11	3	0	4	0.13
51   3	|	15	383	75	5	149	0.06
51   9	|	12	261	45	5	131	0.06
51   10	|	0	6	0	0	15	0.00
51   11	|	1	35	5	0	9	0.07
51   14	|	1	60	12	2	63	0.01
51   29	|	1	3	0	0	10	0.09
51   33	|	0	3	1	0	8	0.00

52   1	|	8	196	37	1	29	0.11
52   2	|	0	12	2	0	0	0.00
52   3	|	12	258	44	5	77	0.09
52   5	|	2	12	1	0	9	0.17
52   9	|	4	161	30	3	85	0.03
52   10	|	0	5	1	0	10	0.00
52   11	|	0	19	2	0	3	0.00
52   16	|	0	0	0	0	3	0.00
52   18	|	0	3	0	1	13	0.00
52   38	|	0	6	3	2	4	0.00
52   44	|	0	8	1	1	11	0.00

53   1	|	1	68	11	0	14	0.04
53   6	|	0	0	1	0	0	0.00
53   11	|	0	5	2	0	2	0.00
53   16	|	1	0	1	0	3	0.20
53   36	|	2	31	8	5	109	0.02
53   44	|	0	5	1	0	10	0.00

54   1	|	1	42	3	0	8	0.08
54   43	|	0	1	1	0	35	0.00

55   1	|	0	5	2	0	3	0.00
55   3	|	0	17	2	0	5	0.00
55   7	|	0	7	1	0	3	0.00
55   9	|	0	11	1	0	1	0.00
55   11	|	0	1	0	0	0	 - 
55   18	|	0	0	1	0	0	0.00
55   34	|	0	1	1	0	3	0.00
55   52	|	0	1	0	0	0	 - 
55   53	|	0	1	0	0	2	0.00


57   1	|	0	2	1	0	0	0.00
57   8	|	0	3	1	0	1	0.00
57   10	|	0	1	0	0	0	 - 
57   29	|	0	0	0	0	1	0.00
57   30	|	0	1	0	0	2	0.00
57   43	|	0	0	0	0	3	0.00

58   1	|	1	12	2	0	1	0.25
58   3	|	1	15	2	0	4	0.14
58   8	|	0	2	0	0	0	 - 
58   13	|	0	2	0	0	3	0.00
58   14	|	0	1	0	0	0	 - 
58   38	|	0	0	0	0	1	0.00
58   39	|	0	0	0	0	2	0.00
58   48	|	0	1	1	0	5	0.00

60   1	|	0	3	1	0	1	0.00
60   2	|	1	1	1	0	0	0.50
60   3	|	1	1	0	0	2	0.33
60   5	|	0	1	0	0	2	0.00
60   6	|	0	1	0	0	0	 - 
60   7	|	0	0	0	0	1	0.00
60   9	|	0	1	0	0	1	0.00
60   11	|	0	0	0	0	1	0.00
60   12	|	0	1	1	2	12	0.00
60   13	|	1	3	1	2	6	0.10
60   14	|	0	2	0	1	5	0.00
60   15	|	0	1	0	2	3	0.00
60   17	|	0	1	0	0	0	 - 
60   18	|	0	0	0	0	4	0.00
60   22	|	1	3	1	1	17	0.05
60   23	|	0	1	0	2	31	0.00
60   24	|	0	0	0	0	10	0.00
60   28	|	0	3	0	0	5	0.00
60   30	|	0	0	1	0	6	0.00
60   32	|	1	0	1	0	1	0.33
60   33	|	0	0	0	0	1	0.00
60   34	|	0	2	2	0	8	0.00
60   35	|	0	1	1	0	3	0.00
60   36	|	0	2	3	0	8	0.00
60   37	|	1	4	0	0	9	0.10
60   39	|	0	0	0	1	2	0.00
60   40	|	0	0	0	0	4	0.00
60   41	|	0	19	12	1	39	0.00
60   42	|	0	8	5	2	30	0.00
60   43	|	0	4	0	1	10	0.00
60   44	|	0	2	0	0	1	0.00
60   48	|	1	3	4	2	41	0.02
60   49	|	0	1	1	2	17	0.00
60   50	|	0	0	0	1	8	0.00
60   52	|	0	2	2	0	11	0.00
60   53	|	0	9	2	4	50	0.00

61   1	|	0	2	0	0	2	0.00
61   2	|	0	0	0	0	1	0.00
61   3	|	0	3	1	0	1	0.00
61   4	|	0	1	0	0	0	 - 
61   5	|	0	2	1	0	2	0.00
61   7	|	0	4	1	0	1	0.00
61   9	|	0	3	0	1	0	0.00
61   10	|	0	1	0	0	0	 - 
61   12	|	0	1	1	0	8	0.00
61   13	|	0	1	1	1	4	0.00
61   14	|	0	1	0	0	1	0.00
61   15	|	1	2	1	0	1	0.33
61   17	|	0	0	0	0	1	0.00
61   18	|	0	1	1	0	1	0.00
61   22	|	0	0	1	0	14	0.00
61   23	|	1	3	1	0	7	0.11
61   24	|	0	1	2	0	6	0.00
61   28	|	0	1	1	0	2	0.00
61   29	|	0	0	0	1	1	0.00
61   30	|	0	1	1	0	2	0.00
61   32	|	0	2	0	0	2	0.00
61   33	|	0	3	1	0	0	0.00
61   34	|	0	5	0	0	3	0.00
61   36	|	0	3	2	1	0	0.00
61   37	|	0	4	2	0	4	0.00
61   38	|	0	0	1	0	0	0.00
61   39	|	0	3	0	0	1	0.00
61   40	|	0	0	0	0	5	0.00
61   41	|	1	8	11	3	30	0.02
61   42	|	1	9	2	1	12	0.06
61   43	|	0	2	1	0	2	0.00
61   48	|	0	2	6	0	41	0.00
61   49	|	0	0	2	0	8	0.00
61   50	|	0	0	1	0	3	0.00
61   52	|	0	4	2	0	11	0.00
61   53	|	0	2	0	0	31	0.00

71   1	|	0	0	0	0	1	0.00
71   2	|	0	1	0	0	0	 - 
71   3	|	0	1	0	2	0	0.00
71   4	|	0	1	0	0	0	 - 
71   5	|	0	0	1	0	0	0.00
71   6	|	0	0	0	0	1	0.00
71   7	|	0	0	0	0	2	0.00
71   8	|	0	0	0	0	1	0.00
71   12	|	1	0	0	0	3	0.25
71   13	|	0	1	4	0	6	0.00
71   14	|	0	2	1	0	4	0.00
71   15	|	0	5	6	0	4	0.00
71   16	|	0	0	0	0	2	0.00
71   18	|	0	2	0	0	2	0.00
71   22	|	0	6	3	0	19	0.00
71   23	|	0	2	2	0	26	0.00
71   24	|	0	1	2	0	9	0.00
71   28	|	0	1	0	0	1	0.00
71   30	|	0	1	1	1	3	0.00
71   32	|	0	0	0	1	1	0.00
71   34	|	0	1	0	1	2	0.00
71   35	|	0	1	0	0	1	0.00
71   36	|	0	6	3	0	1	0.00
71   37	|	0	3	1	0	2	0.00
71   39	|	0	1	0	0	0	 - 
71   40	|	0	1	0	0	7	0.00
71   41	|	1	14	5	1	29	0.03
71   42	|	0	0	2	1	15	0.00
71   43	|	0	1	0	0	6	0.00
71   44	|	0	0	0	0	1	0.00
71   48	|	0	2	0	0	21	0.00
71   49	|	0	0	0	0	7	0.00
71   50	|	0	0	0	0	2	0.00
71   52	|	0	1	1	0	8	0.00
71   53	|	1	3	2	0	18	0.05

72   1	|	0	0	0	0	3	0.00
72   5	|	0	1	0	0	0	 - 
72   7	|	0	0	0	0	1	0.00
72   8	|	0	1	0	0	0	 - 
72   12	|	0	2	1	0	4	0.00
72   13	|	0	0	0	0	2	0.00
72   14	|	0	0	0	0	2	0.00
72   15	|	0	3	1	0	1	0.00
72   22	|	1	2	0	0	15	0.06
72   23	|	0	1	1	0	17	0.00
72   24	|	0	0	2	0	3	0.00
72   28	|	0	0	0	0	1	0.00
72   32	|	0	0	1	0	0	0.00
72   33	|	0	0	0	0	1	0.00
72   34	|	0	0	0	0	2	0.00
72   35	|	0	1	0	1	0	0.00
72   36	|	0	3	2	0	4	0.00
72   38	|	0	1	0	0	0	 - 
72   39	|	0	1	0	0	0	 - 
72   40	|	0	0	1	0	0	0.00
72   41	|	0	4	2	2	11	0.00
72   42	|	0	0	3	1	4	0.00
72   43	|	0	0	0	1	3	0.00
72   44	|	0	1	0	0	0	 - 
72   48	|	0	1	0	2	16	0.00
72   49	|	0	0	0	1	3	0.00
72   50	|	0	0	1	0	1	0.00
72   52	|	0	0	0	0	4	0.00
72   53	|	0	1	1	0	9	0.00

80   1	|	0	23	5	0	5	0.00
80   2	|	0	0	0	0	1	0.00
80   3	|	0	35	3	0	10	0.00
80   4	|	1	1	0	0	1	0.50
80   6	|	0	0	0	0	1	0.00
80   7	|	1	12	3	0	14	0.06
80   9	|	0	24	3	1	15	0.00
80   10	|	0	1	0	0	0	 - 
80   12	|	2	12	4	0	14	0.10
80   13	|	0	2	3	0	7	0.00
80   14	|	0	5	0	0	2	0.00
80   15	|	0	2	0	0	8	0.00
80   19	|	1	21	5	1	84	0.01
80   20	|	0	5	0	0	9	0.00
80   21	|	0	3	0	0	0	 - 
80   22	|	2	2	0	0	22	0.08
80   23	|	0	3	1	1	42	0.00
80   24	|	0	1	1	1	9	0.00
80   25	|	0	1	1	1	24	0.00
80   26	|	0	0	0	1	14	0.00
80   27	|	0	1	2	0	5	0.00
80   30	|	0	0	0	0	1	0.00
80   32	|	0	2	0	0	3	0.00
80   34	|	1	7	2	1	8	0.08
80   35	|	0	3	0	0	5	0.00
80   36	|	2	6	2	0	10	0.14
80   37	|	0	0	0	0	3	0.00
80   38	|	0	0	0	0	1	0.00
80   39	|	0	1	0	1	3	0.00
80   40	|	0	11	2	1	14	0.00
80   41	|	2	18	4	1	32	0.05
80   42	|	1	0	0	0	32	0.03
80   43	|	0	1	0	0	7	0.00
80   44	|	0	2	0	0	2	0.00
80   45	|	0	7	9	0	211	0.00
80   46	|	0	4	4	1	60	0.00
80   47	|	0	1	0	0	5	0.00
80   48	|	0	1	2	1	36	0.00
80   49	|	0	0	2	1	14	0.00
80   50	|	0	1	2	0	9	0.00
80   51	|	1	4	7	4	127	0.01
80   52	|	0	0	0	0	9	0.00
80   53	|	0	2	0	0	44	0.00

81   1	|	1	15	1	0	3	0.20
81   3	|	0	14	3	0	8	0.00
81   5	|	0	0	0	0	1	0.00
81   6	|	0	1	0	0	0	 - 
81   7	|	0	7	2	1	0	0.00
81   9	|	0	7	0	0	1	0.00
81   11	|	0	2	0	0	0	 - 
81   12	|	0	11	0	0	3	0.00
81   13	|	0	0	0	0	1	0.00
81   14	|	0	2	0	0	0	 - 
81   15	|	0	1	0	0	0	 - 
81   19	|	0	8	4	0	1	0.00
81   20	|	0	0	1	0	0	0.00
81   22	|	0	2	1	0	2	0.00
81   23	|	0	0	1	0	1	0.00
81   24	|	0	0	1	0	0	0.00
81   25	|	0	3	1	0	3	0.00
81   26	|	0	0	0	0	2	0.00
81   32	|	0	3	0	0	1	0.00
81   34	|	1	2	1	2	3	0.14
81   35	|	0	0	1	0	0	0.00
81   36	|	0	0	1	0	0	0.00
81   38	|	1	1	0	0	0	1.00
81   40	|	0	2	1	0	0	0.00
81   41	|	0	7	2	0	2	0.00
81   42	|	0	1	0	0	4	0.00
81   43	|	0	1	0	0	0	 - 
81   45	|	0	1	2	0	7	0.00
81   46	|	0	1	0	0	2	0.00
81   51	|	0	0	1	0	3	0.00
81   53	|	0	0	0	0	2	0.00

82   1	|	0	31	6	0	4	0.00
82   3	|	4	33	8	1	17	0.13
82   4	|	0	2	0	0	1	0.00
82   5	|	1	1	0	0	0	1.00
82   6	|	0	2	1	0	0	0.00
82   7	|	1	12	4	0	10	0.07
82   9	|	0	30	5	0	14	0.00
82   10	|	0	0	0	0	1	0.00
82   11	|	0	2	0	0	1	0.00
82   12	|	2	17	2	0	16	0.10
82   13	|	1	1	2	0	9	0.08
82   14	|	1	3	1	0	4	0.17
82   15	|	0	0	1	0	3	0.00
82   17	|	0	0	0	0	1	0.00
82   18	|	0	0	0	0	1	0.00
82   19	|	1	21	13	2	85	0.01
82   20	|	0	3	0	0	19	0.00
82   21	|	0	1	1	0	7	0.00
82   22	|	0	4	1	0	28	0.00
82   23	|	0	3	4	0	42	0.00
82   24	|	0	0	2	0	21	0.00
82   25	|	0	2	2	1	33	0.00
82   26	|	0	0	2	1	10	0.00
82   27	|	0	2	0	0	6	0.00
82   28	|	0	0	0	0	2	0.00
82   30	|	0	0	0	0	4	0.00
82   32	|	0	3	1	1	4	0.00
82   33	|	0	0	1	0	0	0.00
82   34	|	0	10	2	1	8	0.00
82   35	|	0	1	1	0	3	0.00
82   36	|	0	8	3	0	9	0.00
82   37	|	0	2	2	1	11	0.00
82   38	|	0	1	0	0	0	 - 
82   39	|	0	1	0	0	2	0.00
82   40	|	0	8	3	0	9	0.00
82   41	|	1	14	5	1	51	0.02
82   42	|	0	0	3	1	24	0.00
82   43	|	0	1	1	0	4	0.00
82   44	|	0	1	0	0	0	 - 
82   45	|	0	16	12	2	199	0.00
82   46	|	0	5	5	1	59	0.00
82   47	|	0	6	0	0	5	0.00
82   48	|	0	6	2	0	40	0.00
82   49	|	0	1	1	0	16	0.00
82   50	|	0	1	0	0	7	0.00
82   51	|	0	5	7	1	148	0.00
82   52	|	0	1	0	0	12	0.00
82   53	|	0	2	4	1	40	0.00

83   1	|	0	7	0	0	4	0.00
83   2	|	0	1	0	0	0	 - 
83   3	|	0	3	2	0	1	0.00
83   7	|	1	4	1	0	3	0.20
83   9	|	0	6	1	0	2	0.00
83   12	|	0	1	0	0	0	 - 
83   14	|	0	1	0	0	1	0.00
83   15	|	0	1	0	0	2	0.00
83   19	|	0	8	1	0	4	0.00
83   22	|	0	0	0	0	1	0.00
83   23	|	0	1	0	0	3	0.00
83   24	|	0	0	0	0	1	0.00
83   25	|	0	2	1	0	6	0.00
83   30	|	0	0	0	0	1	0.00
83   32	|	0	1	0	0	0	 - 
83   34	|	0	1	0	0	0	 - 
83   36	|	0	2	1	0	0	0.00
83   37	|	0	0	0	0	1	0.00
83   38	|	0	0	1	0	0	0.00
83   39	|	0	1	0	0	0	 - 
83   40	|	0	2	0	0	0	 - 
83   41	|	0	3	1	1	1	0.00
83   42	|	0	0	0	0	1	0.00
83   45	|	0	2	1	0	5	0.00
83   46	|	0	2	0	0	1	0.00
83   47	|	0	1	0	0	1	0.00
83   51	|	0	1	0	1	5	0.00
83   52	|	0	0	1	0	0	0.00
83   53	|	0	0	0	0	1	0.00

84   1	|	0	10	1	0	0	0.00
84   2	|	0	1	0	0	0	 - 
84   3	|	2	16	5	0	1	0.25
84   7	|	0	4	2	0	3	0.00
84   9	|	0	10	0	0	2	0.00
84   12	|	0	5	1	0	3	0.00
84   13	|	0	3	0	0	0	 - 
84   19	|	0	5	2	0	10	0.00
84   20	|	0	1	0	0	1	0.00
84   21	|	0	1	0	0	0	 - 
84   22	|	0	0	0	0	1	0.00
84   23	|	0	0	0	1	3	0.00
84   25	|	0	1	0	0	3	0.00
84   26	|	0	0	0	0	1	0.00
84   32	|	0	0	0	0	1	0.00
84   34	|	0	4	0	1	2	0.00
84   35	|	0	1	0	0	0	 - 
84   36	|	0	1	1	0	0	0.00
84   37	|	0	0	1	1	0	0.00
84   40	|	0	6	0	0	2	0.00
84   41	|	0	5	1	0	6	0.00
84   42	|	0	1	0	0	1	0.00
84   45	|	0	4	2	0	7	0.00
84   46	|	0	0	1	0	1	0.00
84   47	|	0	1	0	0	1	0.00
84   48	|	0	0	0	0	3	0.00
84   51	|	0	0	1	1	3	0.00

86   1	|	0	2	0	0	0	 - 
86   3	|	0	2	1	0	0	0.00
86   7	|	0	6	1	0	4	0.00
86   8	|	0	0	0	0	1	0.00
86   9	|	0	2	0	0	4	0.00
86   12	|	0	4	2	1	12	0.00
86   13	|	0	2	1	0	17	0.00
86   14	|	0	0	0	0	4	0.00
86   15	|	0	0	0	0	3	0.00
86   19	|	0	3	4	7	132	0.00
86   20	|	0	0	1	0	17	0.00
86   21	|	0	0	0	0	5	0.00
86   22	|	0	3	0	0	56	0.00
86   23	|	0	2	2	1	65	0.00
86   24	|	1	0	2	0	16	0.05
86   25	|	0	1	2	0	81	0.00
86   26	|	0	0	1	0	24	0.00
86   27	|	0	0	0	2	7	0.00
86   28	|	0	0	0	0	1	0.00
86   30	|	0	0	0	0	8	0.00
86   32	|	0	1	0	0	3	0.00
86   34	|	0	1	0	1	5	0.00
86   35	|	0	0	0	0	2	0.00
86   36	|	0	1	0	0	2	0.00
86   37	|	1	0	0	0	6	0.14
86   38	|	0	0	0	0	1	0.00
86   40	|	0	4	1	0	8	0.00
86   41	|	0	4	0	2	59	0.00
86   42	|	0	0	2	2	27	0.00
86   43	|	0	0	0	0	2	0.00
86   44	|	0	1	1	0	3	0.00
86   45	|	0	6	5	3	203	0.00
86   46	|	0	0	0	1	49	0.00
86   47	|	0	0	0	0	3	0.00
86   48	|	0	1	1	0	38	0.00
86   51	|	0	3	4	2	130	0.00
86   52	|	0	0	0	0	9	0.00
86   53	|	0	0	4	2	35	0.00

