D   Y          Trk    Tpuri   Tave     Neu    Npuri     Nave
============================================================
0   1	|	24	0.67	0.39	36	1.00	0.00
0   2	|	174	0.69	0.37	254	1.00	0.00
0   3	|	30	0.65	0.48	16	0.35	0.65
0   4	|	61	0.73	0.31	64	0.77	0.23
0   5	|	41	0.65	0.46	63	1.00	0.00
0   7	|	24	0.46	0.71	10	0.19	1.17
0   8	|	16	0.70	0.35	3	0.13	1.26
0   9	|	8	0.12	1.46	65	1.00	0.00
0   10	|	72	0.62	0.53	116	1.00	0.00
0   12	|	5	0.11	1.68	7	0.16	0.84
0   13	|	42	0.33	1.22	45	0.35	0.65
0   15	|	21	0.46	1.09	24	0.52	0.48
0   17	|	1	0.50	1.50	0	0.00	2.00
0   22	|	2	0.03	2.92	59	1.00	0.00
0   23	|	13	0.28	2.33	46	1.00	0.00
0   24	|	1	0.13	2.88	8	1.00	0.00
0   30	|	1	0.08	2.62	4	0.31	0.69
0   32	|	5	0.71	0.57	2	0.29	0.71
0   33	|	6	0.75	0.38	4	0.50	0.50
0   34	|	6	0.22	1.19	0	0.00	1.63
0   35	|	18	0.72	0.32	8	0.32	1.00
0   36	|	4	0.12	1.88	33	1.00	0.00
0   37	|	56	0.55	0.76	102	1.00	0.00
0   40	|	10	0.14	1.87	29	0.41	0.59
0   41	|	4	0.03	2.11	34	0.25	0.75
0   43	|	1	0.33	1.33	0	0.00	1.00
0   52	|	4	0.22	2.50	18	1.00	0.00
0   53	|	2	0.17	2.42	2	0.17	0.83

1   1	|	46	1.00	0.00	46	1.00	0.00
1   2	|	340	1.00	0.00	340	1.00	0.00
1   3	|	65	0.90	0.14	30	0.42	0.58
1   4	|	115	1.00	0.00	96	0.83	0.17
1   5	|	92	0.89	0.18	103	1.00	0.00
1   6	|	1	0.50	0.50	2	1.00	0.00
1   7	|	76	0.82	0.27	20	0.22	1.19
1   8	|	27	0.84	0.25	8	0.25	1.06
1   9	|	23	0.21	1.10	109	1.00	0.00
1   10	|	160	0.87	0.21	184	1.00	0.00
1   12	|	27	0.31	1.35	18	0.20	0.80
1   13	|	112	0.52	0.92	82	0.38	0.62
1   14	|	2	0.17	1.92	0	0.00	1.00
1   15	|	64	0.73	0.35	48	0.55	0.45
1   16	|	1	1.00	0.00	1	1.00	0.00
1   17	|	1	0.50	1.00	0	0.00	2.00
1   18	|	1	0.17	2.00	5	0.83	0.17
1   23	|	22	0.30	2.16	74	1.00	0.00
1   28	|	8	0.38	1.62	21	1.00	0.00
1   29	|	1	0.50	2.50	2	1.00	0.00
1   30	|	5	0.33	2.27	6	0.40	0.60
1   32	|	7	0.54	0.62	6	0.46	0.54
1   33	|	12	0.86	0.21	6	0.43	0.57
1   34	|	19	0.48	0.70	4	0.10	1.38
1   35	|	36	0.86	0.24	11	0.26	1.17
1   36	|	5	0.10	1.64	50	1.00	0.00
1   37	|	100	0.84	0.31	119	1.00	0.00
1   40	|	23	0.18	1.42	51	0.40	0.60
1   41	|	35	0.18	1.64	43	0.22	0.78
1   43	|	2	0.22	1.67	0	0.00	1.00
1   52	|	13	0.41	1.75	32	1.00	0.00
1   53	|	3	0.17	2.22	7	0.39	0.61

10   1	|	1117	1.00	0.00	1119	1.00	0.00
10   2	|	112	1.00	0.00	112	1.00	0.00
10   3	|	2007	0.98	0.02	1457	0.71	0.29
10   4	|	73	0.97	0.05	33	0.44	0.56
10   5	|	27	0.73	0.65	37	1.00	0.00
10   6	|	51	0.94	0.11	54	1.00	0.00
10   7	|	818	0.93	0.09	359	0.41	0.79
10   8	|	42	0.89	0.13	18	0.38	0.94
10   9	|	593	0.86	0.24	690	1.00	0.00
10   10	|	19	0.63	0.53	30	1.00	0.00
10   11	|	64	0.98	0.03	65	1.00	0.00
10   12	|	510	0.76	0.47	397	0.59	0.41
10   13	|	149	0.47	1.07	94	0.29	0.71
10   14	|	131	0.79	0.38	54	0.33	0.67
10   15	|	53	0.51	0.90	25	0.24	0.76
10   16	|	12	0.80	0.53	7	0.47	0.53
10   17	|	8	1.00	0.00	3	0.38	0.75
10   18	|	19	0.59	1.28	21	0.66	0.34
10   22	|	106	0.30	1.93	357	1.00	0.00
10   23	|	50	0.12	2.49	425	1.00	0.00
10   24	|	57	0.32	1.73	176	1.00	0.00
10   28	|	5	0.24	1.81	21	1.00	0.00
10   29	|	2	0.67	1.33	3	1.00	0.00
10   30	|	8	0.19	2.44	7	0.16	0.84
10   32	|	197	0.96	0.05	118	0.57	0.43
10   33	|	30	0.91	0.12	22	0.67	0.33
10   34	|	619	0.92	0.11	268	0.40	0.79
10   35	|	75	0.77	0.35	24	0.25	1.05
10   36	|	378	0.74	0.41	513	1.00	0.00
10   37	|	124	0.61	0.76	203	1.00	0.00
10   38	|	51	0.91	0.13	56	1.00	0.00
10   39	|	38	0.79	0.44	48	1.00	0.00
10   40	|	313	0.65	0.60	228	0.47	0.53
10   41	|	1008	0.64	0.67	738	0.47	0.53
10   42	|	158	0.47	1.07	113	0.34	0.66
10   43	|	69	0.57	0.83	42	0.35	0.65
10   44	|	34	0.87	0.31	18	0.46	0.54
10   48	|	65	0.19	2.33	338	1.00	0.00
10   49	|	7	0.16	2.27	44	1.00	0.00
10   50	|	2	0.12	2.47	17	1.00	0.00
10   52	|	18	0.13	2.25	134	1.00	0.00
10   53	|	30	0.11	2.52	54	0.20	0.80

11   1	|	2046	1.00	0.01	1842	0.90	0.10
11   2	|	175	0.98	0.03	153	0.86	0.14
11   3	|	3721	0.96	0.05	2272	0.59	0.51
11   4	|	88	0.89	0.16	39	0.39	0.80
11   5	|	53	0.68	0.59	39	0.50	0.50
11   6	|	93	0.98	0.06	80	0.84	0.16
11   7	|	1697	0.90	0.14	554	0.29	1.18
11   8	|	51	0.82	0.23	9	0.15	1.58
11   9	|	1230	0.80	0.36	1184	0.77	0.23
11   10	|	22	0.42	1.09	23	0.43	0.57
11   11	|	116	0.99	0.01	104	0.89	0.11
11   12	|	1001	0.66	0.69	602	0.39	0.86
11   13	|	268	0.38	1.32	67	0.09	1.38
11   14	|	238	0.70	0.62	89	0.26	1.04
11   15	|	150	0.45	1.21	27	0.08	1.37
11   16	|	16	0.89	0.17	8	0.44	0.83
11   17	|	13	0.81	0.63	2	0.13	1.63
11   18	|	43	0.39	1.71	27	0.24	1.15
11   22	|	230	0.16	2.43	516	0.36	0.64
11   23	|	119	0.06	2.82	468	0.25	0.75
11   24	|	126	0.17	2.38	257	0.35	0.65
11   28	|	9	0.16	2.70	25	0.45	0.55
11   29	|	5	0.17	2.20	8	0.27	0.73
11   30	|	14	0.13	2.59	4	0.04	1.63
11   32	|	386	0.87	0.21	171	0.38	0.85
11   33	|	43	0.81	0.30	26	0.49	0.75
11   34	|	1332	0.87	0.19	401	0.26	1.29
11   35	|	152	0.66	0.48	29	0.13	1.73
11   36	|	729	0.63	0.72	744	0.64	0.36
11   37	|	217	0.41	1.26	179	0.34	0.66
11   38	|	79	0.82	0.35	68	0.71	0.29
11   39	|	55	0.50	1.01	54	0.50	0.50
11   40	|	659	0.54	0.95	329	0.27	1.06
11   41	|	2157	0.56	0.89	1115	0.29	1.03
11   42	|	335	0.27	1.59	117	0.10	1.45
11   43	|	141	0.44	1.23	40	0.13	1.36
11   44	|	104	0.75	0.49	32	0.23	1.11
11   48	|	167	0.09	2.70	533	0.29	0.71
11   49	|	11	0.04	3.03	51	0.20	0.80
11   50	|	6	0.06	3.11	27	0.26	0.74
11   52	|	38	0.08	2.71	129	0.26	0.74
11   53	|	105	0.08	2.87	70	0.05	1.55

12   1	|	1528	0.98	0.02	1553	1.00	0.00
12   2	|	112	0.99	0.03	113	1.00	0.00
12   3	|	2669	0.94	0.10	1957	0.69	0.31
12   4	|	64	0.84	0.22	41	0.54	0.46
12   5	|	26	0.58	1.04	45	1.00	0.00
12   6	|	54	0.93	0.19	58	1.00	0.00
12   7	|	1154	0.85	0.30	480	0.35	0.89
12   8	|	23	0.53	1.02	6	0.14	1.35
12   9	|	832	0.80	0.49	1040	1.00	0.00
12   10	|	13	0.35	1.84	37	1.00	0.00
12   11	|	82	0.98	0.07	84	1.00	0.00
12   12	|	624	0.58	1.11	537	0.50	0.50
12   13	|	127	0.24	2.17	98	0.19	0.81
12   14	|	149	0.56	1.21	91	0.34	0.66
12   15	|	58	0.26	2.26	62	0.27	0.73
12   16	|	11	0.85	0.46	6	0.46	0.54
12   17	|	4	0.33	2.17	0	0.00	1.83
12   18	|	15	0.27	3.09	24	0.44	0.56
12   22	|	140	0.15	3.21	955	1.00	0.00
12   23	|	27	0.02	3.88	1396	1.00	0.00
12   24	|	72	0.12	3.42	600	1.00	0.00
12   28	|	4	0.08	3.35	52	1.00	0.00
12   29	|	7	0.33	2.81	21	1.00	0.00
12   30	|	7	0.09	3.94	11	0.14	0.86
12   32	|	232	0.67	0.61	197	0.57	0.43
12   33	|	26	0.70	0.65	25	0.68	0.32
12   34	|	872	0.78	0.46	394	0.35	0.89
12   35	|	66	0.34	1.56	24	0.12	1.33
12   36	|	479	0.60	1.05	805	1.00	0.00
12   37	|	96	0.25	2.20	387	1.00	0.00
12   38	|	50	0.79	0.57	63	1.00	0.00
12   39	|	30	0.36	1.86	84	1.00	0.00
12   40	|	414	0.46	1.50	322	0.36	0.64
12   41	|	1387	0.50	1.37	1139	0.41	0.59
12   42	|	128	0.14	2.65	230	0.25	0.75
12   43	|	79	0.26	2.25	76	0.25	0.75
12   44	|	49	0.67	0.97	34	0.47	0.53
12   48	|	72	0.06	3.61	1133	1.00	0.00
12   49	|	7	0.03	3.84	203	1.00	0.00
12   50	|	8	0.09	3.64	91	1.00	0.00
12   52	|	6	0.02	3.97	359	1.00	0.00
12   53	|	37	0.04	3.86	191	0.19	0.81

13   1	|	404	0.94	0.11	431	1.00	0.00
13   2	|	27	0.82	0.30	33	1.00	0.00
13   3	|	693	0.85	0.26	535	0.66	0.34
13   4	|	29	0.74	0.46	20	0.51	0.49
13   5	|	8	0.24	2.21	33	1.00	0.00
13   6	|	19	0.68	0.86	28	1.00	0.00
13   7	|	323	0.66	0.68	117	0.24	1.06
13   8	|	15	0.50	1.37	6	0.20	1.13
13   9	|	221	0.56	1.15	396	1.00	0.00
13   10	|	8	0.22	2.03	36	1.00	0.00
13   11	|	19	0.83	0.30	23	1.00	0.00
13   12	|	157	0.30	2.09	184	0.35	0.65
13   13	|	70	0.16	2.59	105	0.23	0.77
13   14	|	44	0.34	2.08	52	0.40	0.60
13   15	|	26	0.15	2.50	52	0.29	0.71
13   16	|	3	0.33	2.11	3	0.33	0.67
13   17	|	1	0.25	2.00	0	0.00	1.25
13   18	|	13	0.23	2.86	22	0.39	0.61
13   22	|	30	0.04	3.81	708	1.00	0.00
13   23	|	17	0.01	3.91	1365	1.00	0.00
13   24	|	27	0.06	3.60	437	1.00	0.00
13   28	|	2	0.04	3.61	49	1.00	0.00
13   29	|	1	0.06	4.17	18	1.00	0.00
13   30	|	4	0.06	3.84	11	0.16	0.84
13   32	|	74	0.48	1.07	85	0.55	0.45
13   33	|	13	0.52	0.96	19	0.76	0.24
13   34	|	254	0.52	1.00	141	0.29	1.02
13   35	|	57	0.35	1.49	30	0.18	1.10
13   36	|	129	0.32	1.92	405	1.00	0.00
13   37	|	66	0.19	2.40	349	1.00	0.00
13   38	|	8	0.31	2.27	26	1.00	0.00
13   39	|	10	0.14	2.61	74	1.00	0.00
13   40	|	123	0.25	2.40	127	0.25	0.75
13   41	|	382	0.26	2.21	480	0.32	0.68
13   42	|	98	0.11	2.75	261	0.28	0.72
13   43	|	24	0.13	2.69	47	0.26	0.74
13   44	|	16	0.38	1.76	11	0.26	0.74
13   48	|	22	0.02	4.01	923	1.00	0.00
13   49	|	5	0.02	3.83	204	1.00	0.00
13   50	|	4	0.05	3.78	73	1.00	0.00
13   52	|	7	0.02	3.87	346	1.00	0.00
13   53	|	16	0.02	3.97	109	0.16	0.84

14   1	|	257	0.96	0.07	235	0.88	0.12
14   2	|	8	0.80	0.40	8	0.80	0.20
14   3	|	521	0.86	0.25	288	0.48	0.67
14   4	|	9	0.53	0.88	8	0.47	1.00
14   5	|	8	0.44	1.50	10	0.56	0.44
14   6	|	14	0.82	0.65	10	0.59	0.41
14   7	|	222	0.62	0.81	66	0.19	1.51
14   8	|	1	0.09	2.09	0	0.00	2.36
14   9	|	141	0.49	1.40	150	0.53	0.47
14   10	|	5	0.28	2.28	3	0.17	0.83
14   11	|	16	0.67	1.17	13	0.54	0.46
14   12	|	148	0.31	2.04	91	0.19	1.28
14   13	|	33	0.09	2.84	12	0.03	1.62
14   14	|	35	0.37	1.86	14	0.15	1.27
14   15	|	24	0.15	2.86	9	0.06	1.53
14   16	|	4	0.67	1.00	0	0.00	1.50
14   17	|	3	0.30	2.00	0	0.00	2.70
14   18	|	4	0.08	3.65	3	0.06	1.57
14   22	|	30	0.04	3.74	142	0.20	0.80
14   23	|	21	0.01	4.09	227	0.16	0.84
14   24	|	22	0.05	3.66	97	0.22	0.78
14   28	|	1	0.03	3.62	7	0.24	0.76
14   29	|	2	0.14	3.07	4	0.29	0.71
14   30	|	1	0.03	4.09	0	0.00	1.66
14   32	|	74	0.49	1.14	35	0.23	1.10
14   33	|	11	0.46	1.08	4	0.17	1.13
14   34	|	207	0.55	0.96	63	0.17	1.69
14   35	|	21	0.21	1.73	4	0.04	2.02
14   36	|	102	0.30	2.14	128	0.38	0.62
14   37	|	34	0.11	2.52	65	0.21	0.79
14   38	|	13	0.57	1.52	12	0.52	0.48
14   39	|	13	0.20	2.55	18	0.27	0.73
14   40	|	99	0.22	2.35	46	0.10	1.42
14   41	|	322	0.25	2.24	190	0.15	1.38
14   42	|	70	0.08	2.88	37	0.04	1.58
14   43	|	25	0.14	2.77	11	0.06	1.50
14   44	|	12	0.39	1.81	4	0.13	1.39
14   48	|	26	0.02	3.95	168	0.15	0.85
14   49	|	3	0.01	3.88	38	0.16	0.84
14   50	|	4	0.05	3.94	13	0.17	0.83
14   52	|	4	0.01	4.00	41	0.14	0.86
14   53	|	21	0.04	3.86	19	0.03	1.64

15   1	|	87	1.00	0.00	87	1.00	0.00
15   2	|	6	1.00	0.00	6	1.00	0.00
15   3	|	153	0.96	0.05	105	0.66	0.34
15   5	|	2	0.50	1.00	4	1.00	0.00
15   6	|	4	1.00	0.00	4	1.00	0.00
15   7	|	71	0.93	0.09	30	0.39	0.80
15   9	|	51	0.91	0.18	56	1.00	0.00
15   11	|	4	1.00	0.00	4	1.00	0.00
15   12	|	43	0.81	0.28	40	0.75	0.25
15   13	|	7	0.50	0.79	3	0.21	0.79
15   14	|	9	0.69	0.77	6	0.46	0.54
15   15	|	5	0.83	0.33	2	0.33	0.67
15   16	|	1	1.00	0.00	0	0.00	1.00
15   22	|	7	0.25	1.54	28	1.00	0.00
15   24	|	2	0.18	1.36	11	1.00	0.00
15   32	|	14	0.93	0.13	10	0.67	0.33
15   33	|	3	1.00	0.00	3	1.00	0.00
15   34	|	36	0.90	0.15	20	0.50	0.63
15   35	|	8	0.89	0.22	2	0.22	1.00
15   36	|	28	0.74	0.39	38	1.00	0.00
15   37	|	10	0.67	0.80	15	1.00	0.00
15   38	|	1	1.00	0.00	1	1.00	0.00
15   40	|	20	0.69	0.59	15	0.52	0.48
15   41	|	61	0.70	0.55	41	0.47	0.53
15   42	|	7	0.47	1.33	8	0.53	0.47
15   43	|	4	0.80	0.20	2	0.40	0.60
15   44	|	2	1.00	0.00	0	0.00	1.00
15   48	|	5	0.24	2.24	21	1.00	0.00
15   49	|	1	0.25	1.25	4	1.00	0.00
15   52	|	3	0.23	2.08	13	1.00	0.00
15   53	|	2	0.17	2.25	1	0.08	0.92

16   1	|	284	0.97	0.06	249	0.85	0.15
16   2	|	29	0.81	0.25	23	0.64	0.36
16   3	|	538	0.86	0.20	297	0.47	0.71
16   4	|	54	0.73	0.35	21	0.28	0.99
16   5	|	21	0.31	1.30	26	0.39	0.61
16   6	|	12	0.57	0.81	14	0.67	0.33
16   7	|	310	0.64	0.52	75	0.16	1.67
16   8	|	80	0.69	0.46	13	0.11	1.90
16   9	|	196	0.42	1.20	190	0.41	0.59
16   10	|	50	0.42	1.17	44	0.37	0.63
16   11	|	14	0.82	0.24	15	0.88	0.12
16   12	|	234	0.30	1.54	103	0.13	1.41
16   13	|	394	0.33	1.41	187	0.16	1.35
16   14	|	50	0.30	1.62	21	0.13	1.37
16   15	|	117	0.30	1.51	48	0.12	1.39
16   16	|	3	0.16	1.68	2	0.11	1.47
16   17	|	1	0.07	1.71	0	0.00	2.43
16   18	|	9	0.10	3.02	12	0.13	1.33
16   22	|	75	0.06	2.90	302	0.24	0.76
16   23	|	258	0.10	2.70	709	0.28	0.72
16   24	|	43	0.07	2.80	134	0.23	0.77
16   28	|	11	0.13	2.74	29	0.33	0.67
16   29	|	3	0.08	2.75	10	0.25	0.75
16   30	|	14	0.12	2.58	9	0.08	1.54
16   32	|	99	0.66	0.46	45	0.30	0.96
16   33	|	51	0.75	0.32	31	0.46	0.72
16   34	|	272	0.54	0.63	72	0.14	1.69
16   35	|	226	0.62	0.57	42	0.11	1.76
16   36	|	158	0.27	1.49	211	0.36	0.64
16   37	|	445	0.45	1.13	433	0.44	0.56
16   38	|	23	0.49	1.04	15	0.32	0.68
16   39	|	28	0.30	1.57	35	0.37	0.63
16   40	|	201	0.23	1.63	75	0.09	1.47
16   41	|	522	0.22	1.71	281	0.12	1.39
16   42	|	619	0.32	1.46	309	0.16	1.32
16   43	|	46	0.17	1.85	29	0.11	1.50
16   44	|	14	0.30	1.51	6	0.13	1.45
16   48	|	99	0.06	2.88	413	0.25	0.75
16   49	|	23	0.08	2.84	79	0.27	0.73
16   50	|	1	0.01	2.92	16	0.21	0.79
16   52	|	67	0.10	2.75	167	0.25	0.75
16   53	|	142	0.10	2.72	99	0.07	1.54

17   1	|	33	0.97	0.03	34	1.00	0.00
17   2	|	5	1.00	0.00	5	1.00	0.00
17   3	|	86	0.97	0.03	57	0.64	0.36
17   4	|	5	1.00	0.00	2	0.40	0.60
17   5	|	1	0.33	0.67	3	1.00	0.00
17   6	|	1	1.00	0.00	1	1.00	0.00
17   7	|	45	0.92	0.12	13	0.27	1.02
17   8	|	6	0.86	0.14	3	0.43	0.71
17   9	|	30	0.70	0.53	43	1.00	0.00
17   10	|	10	0.83	0.42	12	1.00	0.00
17   11	|	5	1.00	0.00	5	1.00	0.00
17   12	|	33	0.50	0.88	26	0.39	0.61
17   13	|	54	0.56	0.83	37	0.39	0.61
17   14	|	11	0.55	0.80	9	0.45	0.55
17   15	|	11	0.46	1.04	12	0.50	0.50
17   17	|	1	0.33	1.33	0	0.00	1.33
17   22	|	12	0.21	1.86	57	1.00	0.00
17   23	|	22	0.20	2.35	112	1.00	0.00
17   24	|	1	0.05	2.20	20	1.00	0.00
17   28	|	1	0.20	1.40	5	1.00	0.00
17   30	|	2	0.33	2.83	1	0.17	0.83
17   32	|	13	0.72	0.33	10	0.56	0.44
17   33	|	4	0.80	0.40	5	1.00	0.00
17   34	|	45	0.85	0.17	12	0.23	1.15
17   35	|	23	0.88	0.15	9	0.35	0.81
17   36	|	25	0.50	0.98	50	1.00	0.00
17   37	|	39	0.55	0.93	71	1.00	0.00
17   38	|	9	0.82	0.55	11	1.00	0.00
17   39	|	4	0.44	1.11	9	1.00	0.00
17   40	|	21	0.45	0.98	11	0.23	0.77
17   41	|	63	0.41	1.20	49	0.32	0.68
17   42	|	53	0.52	0.98	35	0.35	0.65
17   43	|	3	0.33	1.33	3	0.33	0.67
17   44	|	3	0.50	1.00	4	0.67	0.33
17   48	|	2	0.03	2.83	66	1.00	0.00
17   49	|	5	0.45	1.09	11	1.00	0.00
17   52	|	12	0.43	1.64	28	1.00	0.00
17   53	|	12	0.19	2.32	17	0.27	0.73

18   1	|	85	1.00	0.00	82	0.96	0.04
18   2	|	3	1.00	0.00	3	1.00	0.00
18   3	|	154	0.97	0.04	102	0.64	0.38
18   4	|	8	1.00	0.00	5	0.63	0.38
18   5	|	1	0.33	1.33	1	0.33	0.67
18   6	|	6	1.00	0.00	6	1.00	0.00
18   7	|	48	0.92	0.08	22	0.42	0.88
18   8	|	1	1.00	0.00	0	0.00	1.00
18   9	|	50	0.83	0.23	55	0.92	0.08
18   10	|	2	0.50	0.75	3	0.75	0.25
18   11	|	7	1.00	0.00	7	1.00	0.00
18   12	|	39	0.70	0.50	28	0.50	0.57
18   13	|	7	0.70	0.60	1	0.10	0.90
18   14	|	12	1.00	0.00	4	0.33	0.75
18   15	|	2	0.33	1.67	0	0.00	1.50
18   16	|	2	1.00	0.00	0	0.00	1.50
18   17	|	1	1.00	0.00	0	0.00	2.00
18   18	|	2	0.67	1.00	3	1.00	0.00
18   22	|	5	0.20	2.00	20	0.80	0.20
18   23	|	4	0.14	2.54	9	0.32	0.68
18   24	|	4	0.33	1.17	9	0.75	0.25
18   30	|	2	0.50	1.25	0	0.00	1.00
18   32	|	13	0.93	0.07	10	0.71	0.50
18   33	|	1	1.00	0.00	1	1.00	0.00
18   34	|	36	0.95	0.08	14	0.37	0.97
18   35	|	5	0.83	0.33	2	0.33	0.83
18   36	|	30	0.70	0.63	34	0.79	0.21
18   37	|	8	0.57	0.86	11	0.79	0.21
18   38	|	3	0.75	0.50	3	0.75	0.25
18   39	|	4	0.67	0.83	5	0.83	0.17
18   40	|	20	0.69	0.62	14	0.48	0.66
18   41	|	92	0.68	0.60	57	0.42	0.71
18   42	|	7	0.29	1.54	7	0.29	0.83
18   43	|	4	0.33	1.08	7	0.58	0.50
18   44	|	3	1.00	0.00	2	0.67	0.33
18   48	|	6	0.29	1.86	10	0.48	0.52
18   49	|	1	0.50	2.50	1	0.50	0.50
18   52	|	3	0.33	1.89	4	0.44	0.56
18   53	|	2	0.11	2.63	3	0.16	1.26

20   1	|	106	0.95	0.15	111	1.00	0.00
20   2	|	2	1.00	0.00	2	1.00	0.00
20   3	|	136	0.91	0.15	103	0.69	0.31
20   4	|	10	0.83	0.50	8	0.67	0.33
20   5	|	2	0.25	1.50	8	1.00	0.00
20   6	|	11	0.92	0.33	12	1.00	0.00
20   7	|	75	0.80	0.41	32	0.34	0.96
20   8	|	1	1.00	0.00	0	0.00	2.00
20   9	|	79	0.75	0.53	106	1.00	0.00
20   10	|	1	0.50	1.50	2	1.00	0.00
20   11	|	4	1.00	0.00	4	1.00	0.00
20   12	|	92	0.59	1.10	82	0.52	0.48
20   13	|	8	0.15	2.25	12	0.22	0.78
20   14	|	15	0.65	0.78	10	0.43	0.57
20   15	|	12	0.24	1.90	12	0.24	0.76
20   16	|	2	1.00	0.00	2	1.00	0.00
20   17	|	4	1.00	0.00	2	0.50	0.75
20   18	|	5	0.50	1.30	6	0.60	0.40
20   22	|	19	0.15	2.91	127	1.00	0.00
20   23	|	7	0.05	3.48	150	1.00	0.00
20   24	|	9	0.15	2.84	62	1.00	0.00
20   30	|	1	0.14	2.57	1	0.14	0.86
20   31	|	33	0.85	0.41	27	0.69	0.36
20   32	|	21	0.66	0.53	21	0.66	0.34
20   33	|	2	0.67	0.33	3	1.00	0.00
20   34	|	43	0.65	0.62	16	0.24	1.05
20   35	|	4	0.27	1.00	3	0.20	1.07
20   36	|	42	0.57	1.14	74	1.00	0.00
20   37	|	20	0.31	1.86	64	1.00	0.00
20   38	|	8	0.80	0.40	10	1.00	0.00
20   39	|	11	0.65	0.71	17	1.00	0.00
20   40	|	53	0.44	1.48	43	0.36	0.64
20   41	|	121	0.39	1.48	108	0.34	0.66
20   42	|	36	0.21	2.07	59	0.34	0.66
20   43	|	9	0.26	1.97	9	0.26	0.74
20   44	|	6	0.55	1.09	5	0.45	0.55
20   48	|	19	0.07	3.20	260	1.00	0.00
20   49	|	4	0.03	3.38	122	1.00	0.00
20   50	|	2	0.05	3.36	39	1.00	0.00
20   52	|	5	0.08	3.15	66	1.00	0.00
20   53	|	17	0.08	3.27	39	0.17	0.83

21   1	|	887	0.96	0.08	922	1.00	0.00
21   2	|	46	0.94	0.14	49	1.00	0.00
21   3	|	1470	0.92	0.14	1135	0.71	0.29
21   4	|	42	0.78	0.39	27	0.50	0.50
21   5	|	34	0.67	0.84	51	1.00	0.00
21   6	|	86	0.98	0.07	88	1.00	0.00
21   7	|	562	0.83	0.30	235	0.35	0.93
21   8	|	16	0.73	0.50	3	0.14	1.32
21   9	|	750	0.81	0.41	921	1.00	0.00
21   10	|	17	0.49	1.37	35	1.00	0.00
21   11	|	59	0.97	0.05	61	1.00	0.00
21   12	|	737	0.72	0.65	623	0.61	0.39
21   13	|	68	0.30	1.71	50	0.22	0.78
21   14	|	91	0.71	0.70	53	0.41	0.59
21   15	|	52	0.34	1.67	55	0.36	0.64
21   16	|	12	0.80	0.87	5	0.33	0.67
21   17	|	10	0.71	0.93	3	0.21	1.14
21   18	|	29	0.38	1.91	34	0.44	0.56
21   22	|	154	0.27	2.39	562	1.00	0.00
21   23	|	20	0.04	3.25	553	1.00	0.00
21   24	|	51	0.21	2.59	247	1.00	0.00
21   28	|	5	0.14	2.50	36	1.00	0.00
21   29	|	6	0.43	1.43	14	1.00	0.00
21   30	|	10	0.24	2.62	5	0.12	0.88
21   31	|	263	0.85	0.35	194	0.63	0.41
21   32	|	159	0.74	0.43	148	0.69	0.31
21   33	|	16	0.76	0.43	17	0.81	0.19
21   34	|	328	0.72	0.47	145	0.32	0.94
21   35	|	45	0.46	0.95	21	0.22	1.23
21   36	|	310	0.65	0.79	475	1.00	0.00
21   37	|	92	0.35	1.63	265	1.00	0.00
21   38	|	76	0.87	0.33	87	1.00	0.00
21   39	|	44	0.59	1.01	75	1.00	0.00
21   40	|	422	0.62	0.90	325	0.48	0.52
21   41	|	894	0.55	1.04	733	0.45	0.55
21   42	|	126	0.19	2.00	194	0.29	0.71
21   43	|	86	0.40	1.41	71	0.33	0.67
21   44	|	33	0.61	0.94	24	0.44	0.56
21   48	|	116	0.12	3.05	963	1.00	0.00
21   49	|	15	0.03	3.33	442	1.00	0.00
21   50	|	35	0.17	2.89	211	1.00	0.00
21   52	|	16	0.05	3.44	303	1.00	0.00
21   53	|	48	0.06	3.27	137	0.17	0.83

22   1	|	242	0.88	0.25	197	0.72	0.28
22   2	|	18	0.90	0.20	14	0.70	0.30
22   3	|	421	0.68	0.61	237	0.38	0.90
22   4	|	16	0.52	0.97	7	0.23	1.13
22   5	|	16	0.23	2.07	22	0.31	0.69
22   6	|	10	0.63	1.06	10	0.63	0.38
22   7	|	202	0.42	1.07	55	0.11	1.93
22   8	|	9	0.23	1.70	5	0.13	1.98
22   9	|	196	0.36	1.68	210	0.39	0.61
22   10	|	7	0.11	2.44	15	0.24	0.76
22   11	|	18	0.78	0.43	16	0.70	0.30
22   12	|	243	0.23	2.04	129	0.12	1.43
22   13	|	72	0.10	2.33	61	0.09	1.48
22   14	|	38	0.22	2.09	16	0.09	1.46
22   15	|	67	0.13	2.47	55	0.10	1.41
22   16	|	2	0.15	2.92	1	0.08	1.54
22   17	|	2	0.12	1.82	0	0.00	2.47
22   18	|	26	0.12	3.16	21	0.10	1.39
22   22	|	65	0.04	3.48	353	0.22	0.78
22   23	|	58	0.02	3.51	623	0.20	0.80
22   24	|	52	0.06	3.35	195	0.21	0.79
22   28	|	3	0.03	3.43	21	0.21	0.79
22   29	|	3	0.08	3.43	9	0.23	0.78
22   30	|	3	0.02	3.45	7	0.06	1.60
22   31	|	66	0.26	2.37	43	0.17	1.14
22   32	|	99	0.37	1.20	45	0.17	1.19
22   33	|	17	0.35	1.25	14	0.29	0.94
22   34	|	154	0.29	1.31	23	0.04	2.06
22   35	|	68	0.20	1.52	11	0.03	2.09
22   36	|	136	0.19	2.15	202	0.29	0.71
22   37	|	142	0.14	2.22	274	0.26	0.74
22   38	|	21	0.40	1.69	21	0.40	0.60
22   39	|	29	0.15	2.20	52	0.27	0.73
22   40	|	159	0.16	2.33	98	0.10	1.50
22   41	|	375	0.15	2.25	232	0.09	1.46
22   42	|	322	0.10	2.43	234	0.07	1.51
22   43	|	65	0.10	2.45	43	0.07	1.52
22   44	|	24	0.22	2.21	6	0.06	1.57
22   48	|	142	0.03	3.58	1095	0.21	0.79
22   49	|	86	0.03	3.51	660	0.21	0.79
22   50	|	39	0.03	3.35	246	0.21	0.79
22   52	|	58	0.04	3.49	299	0.20	0.80
22   53	|	137	0.04	3.49	174	0.05	1.61

23   1	|	367	0.79	0.33	328	0.71	0.29
23   2	|	21	0.75	0.57	19	0.68	0.32
23   3	|	663	0.60	0.70	362	0.33	0.99
23   4	|	26	0.58	0.84	14	0.31	1.02
23   5	|	17	0.26	1.75	17	0.26	0.74
23   6	|	40	0.74	0.70	30	0.56	0.44
23   7	|	362	0.43	1.04	93	0.11	1.88
23   8	|	17	0.32	1.28	4	0.08	2.11
23   9	|	345	0.41	1.47	353	0.42	0.58
23   10	|	9	0.14	2.36	8	0.13	0.88
23   11	|	37	0.71	0.77	31	0.60	0.40
23   12	|	364	0.30	1.79	193	0.16	1.39
23   13	|	103	0.11	2.36	55	0.06	1.60
23   14	|	33	0.17	2.25	16	0.08	1.56
23   15	|	49	0.13	2.32	16	0.04	1.59
23   16	|	10	0.43	1.48	1	0.04	1.43
23   18	|	11	0.16	2.79	7	0.10	1.46
23   22	|	88	0.04	3.44	347	0.17	0.83
23   23	|	35	0.02	3.45	253	0.15	0.85
23   24	|	27	0.05	3.31	90	0.18	0.82
23   28	|	3	0.02	3.53	30	0.20	0.80
23   29	|	3	0.06	3.38	14	0.26	0.74
23   30	|	7	0.03	3.51	5	0.02	1.69
23   31	|	110	0.40	1.69	70	0.25	1.01
23   32	|	125	0.35	1.11	41	0.12	1.42
23   33	|	11	0.31	1.50	4	0.11	1.28
23   34	|	352	0.34	1.16	69	0.07	2.09
23   35	|	57	0.26	1.33	14	0.06	2.09
23   36	|	191	0.19	2.03	271	0.28	0.72
23   37	|	38	0.08	2.33	81	0.17	0.83
23   38	|	26	0.47	1.27	26	0.47	0.53
23   39	|	18	0.16	2.17	24	0.22	0.78
23   40	|	272	0.19	2.15	132	0.09	1.50
23   41	|	570	0.16	2.17	320	0.09	1.49
23   42	|	36	0.08	2.30	18	0.04	1.63
23   43	|	13	0.14	2.47	8	0.09	1.53
23   44	|	14	0.27	1.94	7	0.13	1.33
23   48	|	16	0.03	3.52	76	0.16	0.84
23   52	|	15	0.04	3.53	54	0.13	0.87
23   53	|	25	0.03	3.48	18	0.02	1.71

24   1	|	185	0.84	0.42	221	1.00	0.00
24   2	|	14	0.88	0.19	16	1.00	0.00
24   3	|	256	0.55	1.08	233	0.50	0.50
24   4	|	8	0.36	1.73	9	0.41	0.59
24   5	|	8	0.24	2.52	33	1.00	0.00
24   6	|	11	0.73	1.13	15	1.00	0.00
24   7	|	141	0.36	1.68	60	0.15	1.28
24   9	|	128	0.33	2.35	392	1.00	0.00
24   10	|	3	0.08	3.38	37	1.00	0.00
24   11	|	7	0.58	1.50	12	1.00	0.00
24   12	|	107	0.20	2.86	152	0.29	0.71
24   13	|	25	0.04	3.36	144	0.22	0.78
24   14	|	15	0.13	2.90	31	0.26	0.74
24   15	|	16	0.09	3.31	48	0.26	0.74
24   16	|	2	0.15	2.69	4	0.31	0.69
24   17	|	2	0.09	3.39	1	0.04	1.78
24   18	|	3	0.07	3.93	21	0.47	0.53
24   22	|	22	0.03	4.45	844	1.00	0.00
24   23	|	5	0.01	4.42	919	1.00	0.00
24   24	|	10	0.04	4.31	256	1.00	0.00
24   28	|	1	0.01	4.53	78	1.00	0.00
24   29	|	5	0.16	3.78	32	1.00	0.00
24   30	|	2	0.03	4.42	15	0.21	0.79
24   31	|	43	0.57	1.35	38	0.51	0.52
24   32	|	28	0.24	1.94	64	0.54	0.46
24   33	|	2	0.12	2.53	9	0.53	0.47
24   34	|	78	0.16	2.29	46	0.10	1.39
24   35	|	17	0.10	2.30	19	0.12	1.29
24   36	|	58	0.13	2.94	438	1.00	0.00
24   37	|	15	0.06	3.48	265	1.00	0.00
24   38	|	11	0.39	1.36	28	1.00	0.00
24   39	|	3	0.07	3.14	42	1.00	0.00
24   40	|	84	0.12	3.21	186	0.27	0.73
24   41	|	152	0.08	3.20	447	0.25	0.75
24   42	|	15	0.04	3.39	85	0.24	0.76
24   43	|	7	0.12	3.18	18	0.30	0.70
24   44	|	7	0.21	2.76	6	0.18	0.82
24   52	|	3	0.02	4.42	190	1.00	0.00
24   53	|	5	0.01	4.53	57	0.17	0.83

25   1	|	77	0.97	0.06	79	1.00	0.00
25   2	|	7	1.00	0.00	7	1.00	0.00
25   3	|	112	0.93	0.15	85	0.70	0.30
25   4	|	6	0.67	0.67	5	0.56	0.44
25   5	|	1	0.13	2.50	8	1.00	0.00
25   6	|	5	1.00	0.00	5	1.00	0.00
25   7	|	37	0.73	0.59	15	0.29	1.00
25   8	|	2	1.00	0.00	0	0.00	2.00
25   9	|	53	0.87	0.26	61	1.00	0.00
25   10	|	1	0.20	2.60	5	1.00	0.00
25   11	|	2	1.00	0.00	2	1.00	0.00
25   12	|	67	0.67	0.83	50	0.50	0.50
25   13	|	7	0.28	1.88	9	0.36	0.64
25   14	|	12	0.67	0.67	12	0.67	0.33
25   15	|	5	0.29	1.88	7	0.41	0.59
25   16	|	1	1.00	0.00	1	1.00	0.00
25   17	|	2	1.00	0.00	0	0.00	1.00
25   18	|	1	0.20	2.80	3	0.60	0.40
25   22	|	13	0.25	2.57	53	1.00	0.00
25   23	|	13	0.19	2.76	70	1.00	0.00
25   24	|	3	0.09	2.59	32	1.00	0.00
25   28	|	1	0.33	2.67	3	1.00	0.00
25   32	|	11	0.73	0.53	11	0.73	0.27
25   33	|	1	0.50	1.00	2	1.00	0.00
25   34	|	23	0.70	0.55	9	0.27	1.00
25   35	|	6	0.43	1.29	2	0.14	1.14
25   36	|	25	0.64	0.92	39	1.00	0.00
25   37	|	15	0.35	1.58	43	1.00	0.00
25   38	|	4	0.80	0.60	5	1.00	0.00
25   39	|	3	0.38	1.25	8	1.00	0.00
25   40	|	36	0.69	0.73	26	0.50	0.50
25   41	|	66	0.51	1.13	60	0.46	0.54
25   42	|	33	0.28	1.78	48	0.41	0.59
25   43	|	10	0.50	1.10	8	0.40	0.60
25   48	|	13	0.09	3.06	145	1.00	0.00
25   49	|	4	0.05	3.42	78	1.00	0.00
25   50	|	7	0.28	2.08	25	1.00	0.00
25   52	|	7	0.16	3.05	44	1.00	0.00
25   53	|	11	0.09	3.37	27	0.21	0.79

26   1	|	64	0.93	0.10	54	0.78	0.22
26   2	|	3	0.60	0.80	3	0.60	0.40
26   3	|	89	0.70	0.51	53	0.41	0.84
26   5	|	5	0.63	1.50	4	0.50	0.50
26   6	|	2	0.67	0.67	2	0.67	0.33
26   7	|	38	0.51	0.82	17	0.23	1.51
26   8	|	1	0.20	1.20	0	0.00	2.20
26   9	|	37	0.44	1.44	41	0.49	0.51
26   10	|	3	0.50	1.33	4	0.67	0.33
26   11	|	3	1.00	0.00	3	1.00	0.00
26   12	|	67	0.42	1.63	35	0.22	1.24
26   13	|	18	0.17	2.11	5	0.05	1.60
26   14	|	6	0.27	2.00	3	0.14	1.50
26   15	|	17	0.19	2.21	4	0.04	1.48
26   16	|	2	0.67	1.00	0	0.00	1.67
26   18	|	2	0.07	3.57	2	0.07	1.43
26   22	|	15	0.07	3.13	42	0.19	0.81
26   23	|	25	0.06	3.24	75	0.17	0.83
26   24	|	5	0.04	3.06	21	0.15	0.85
26   28	|	2	0.13	2.69	1	0.06	0.94
26   30	|	1	0.06	3.81	0	0.00	1.69
26   32	|	24	0.47	0.90	11	0.22	1.20
26   33	|	5	0.63	0.63	3	0.38	0.88
26   34	|	28	0.29	1.26	9	0.09	2.01
26   35	|	5	0.19	1.27	0	0.00	2.23
26   36	|	34	0.30	1.98	31	0.27	0.73
26   37	|	21	0.18	2.33	29	0.24	0.76
26   38	|	5	0.63	1.38	3	0.38	0.63
26   39	|	10	0.42	1.54	9	0.38	0.63
26   40	|	37	0.32	1.78	18	0.16	1.39
26   41	|	86	0.25	1.93	38	0.11	1.47
26   42	|	36	0.11	2.20	16	0.05	1.57
26   43	|	7	0.11	2.33	3	0.05	1.62
26   44	|	3	0.20	1.67	2	0.13	1.27
26   48	|	15	0.04	3.53	53	0.14	0.86
26   49	|	6	0.09	3.30	11	0.16	0.84
26   52	|	8	0.05	3.59	23	0.14	0.86
26   53	|	24	0.07	3.24	17	0.05	1.64

30   1	|	216	0.99	0.04	218	1.00	0.00
30   2	|	12	1.00	0.00	12	1.00	0.00
30   3	|	306	0.96	0.09	261	0.82	0.18
30   4	|	9	0.90	0.10	6	0.60	0.40
30   5	|	5	1.00	0.00	5	1.00	0.00
30   6	|	16	1.00	0.00	16	1.00	0.00
30   7	|	154	0.93	0.16	82	0.49	0.70
30   8	|	4	1.00	0.00	1	0.25	1.00
30   9	|	209	0.92	0.16	226	1.00	0.00
30   11	|	18	0.95	0.05	19	1.00	0.00
30   12	|	97	0.82	0.35	82	0.69	0.31
30   13	|	15	0.48	0.97	6	0.19	0.81
30   14	|	17	1.00	0.00	6	0.35	0.65
30   15	|	13	0.76	0.53	4	0.24	0.76
30   18	|	2	0.67	1.00	2	0.67	0.33
30   19	|	144	0.56	0.93	50	0.19	1.29
30   20	|	15	0.56	0.85	0	0.00	1.63
30   21	|	8	0.89	0.11	0	0.00	1.44
30   22	|	19	0.45	1.69	42	1.00	0.00
30   23	|	3	0.14	2.50	22	1.00	0.00
30   24	|	9	0.45	1.90	20	1.00	0.00
30   25	|	27	0.39	1.41	22	0.31	0.69
30   26	|	2	0.17	2.08	0	0.00	1.00
30   27	|	4	0.29	1.64	3	0.21	0.79
30   28	|	2	0.40	1.00	5	1.00	0.00
30   29	|	2	1.00	0.00	2	1.00	0.00
30   30	|	1	0.25	2.00	0	0.00	1.00
30   32	|	29	0.97	0.03	22	0.73	0.27
30   33	|	3	1.00	0.00	1	0.33	0.67
30   34	|	70	0.91	0.34	32	0.42	0.79
30   35	|	7	0.78	0.44	2	0.22	1.22
30   36	|	76	0.86	0.33	88	1.00	0.00
30   37	|	9	0.64	0.79	14	1.00	0.00
30   38	|	9	1.00	0.00	9	1.00	0.00
30   39	|	9	0.82	0.36	11	1.00	0.00
30   40	|	54	0.69	0.65	40	0.51	0.49
30   41	|	96	0.59	0.83	80	0.49	0.51
30   42	|	9	0.60	0.93	2	0.13	0.87
30   43	|	8	0.80	0.50	5	0.50	0.50
30   44	|	8	1.00	0.00	4	0.50	0.50
30   45	|	71	0.38	1.38	34	0.18	1.32
30   46	|	5	0.21	2.04	0	0.00	1.67
30   47	|	3	0.30	2.10	1	0.10	1.70
30   48	|	6	0.33	2.50	18	1.00	0.00
30   50	|	2	1.00	0.00	2	1.00	0.00
30   51	|	17	0.19	2.55	18	0.20	0.80
30   53	|	3	0.13	2.88	7	0.29	0.71

31   1	|	370	0.99	0.03	337	0.90	0.10
31   2	|	20	1.00	0.00	18	0.90	0.10
31   3	|	498	0.95	0.10	367	0.70	0.36
31   4	|	12	0.92	0.08	7	0.54	0.62
31   5	|	12	0.86	0.14	11	0.79	0.21
31   6	|	11	0.92	0.33	10	0.83	0.17
31   7	|	248	0.95	0.07	128	0.49	0.74
31   8	|	4	0.80	0.20	1	0.20	1.60
31   9	|	372	0.89	0.25	353	0.84	0.16
31   10	|	5	0.71	0.71	6	0.86	0.14
31   11	|	22	1.00	0.00	18	0.82	0.18
31   12	|	164	0.73	0.66	111	0.49	0.64
31   13	|	26	0.55	0.83	8	0.17	1.11
31   14	|	35	0.73	0.77	12	0.25	0.94
31   15	|	16	0.59	1.04	6	0.22	0.89
31   16	|	1	0.50	3.00	0	0.00	1.50
31   18	|	5	0.83	0.17	3	0.50	0.67
31   19	|	273	0.48	1.10	78	0.14	1.65
31   20	|	22	0.43	0.98	1	0.02	1.92
31   21	|	25	0.69	0.56	2	0.06	1.89
31   22	|	39	0.39	1.93	60	0.61	0.39
31   23	|	6	0.08	2.94	25	0.35	0.65
31   24	|	16	0.26	2.23	38	0.62	0.38
31   25	|	44	0.25	2.36	40	0.23	1.13
31   26	|	7	0.15	2.83	2	0.04	1.46
31   27	|	7	0.17	2.24	4	0.10	1.24
31   29	|	4	0.67	1.17	5	0.83	0.17
31   30	|	3	0.23	2.00	4	0.31	1.08
31   32	|	60	0.92	0.17	43	0.66	0.43
31   34	|	118	0.85	0.29	52	0.37	1.00
31   35	|	14	0.70	0.45	4	0.20	1.10
31   36	|	119	0.78	0.45	122	0.80	0.20
31   37	|	13	0.57	0.83	17	0.74	0.26
31   38	|	15	1.00	0.00	15	1.00	0.00
31   39	|	12	0.86	0.43	11	0.79	0.21
31   40	|	99	0.65	0.72	71	0.47	0.66
31   41	|	206	0.60	0.90	133	0.39	0.85
31   42	|	11	0.20	1.67	5	0.09	1.33
31   43	|	15	0.58	0.65	9	0.35	0.69
31   44	|	7	0.70	0.70	3	0.30	0.90
31   45	|	152	0.28	1.76	39	0.07	2.05
31   46	|	30	0.31	1.77	5	0.05	2.10
31   47	|	11	0.39	1.71	2	0.07	1.79
31   48	|	12	0.13	2.89	34	0.35	0.65
31   50	|	4	0.29	2.71	6	0.43	0.57
31   51	|	32	0.10	2.95	31	0.10	1.40
31   52	|	3	0.14	3.09	9	0.41	0.59
31   53	|	7	0.07	3.30	7	0.07	1.51

32   1	|	271	0.97	0.15	280	1.00	0.00
32   2	|	16	1.00	0.00	16	1.00	0.00
32   3	|	364	0.96	0.13	305	0.81	0.19
32   4	|	15	0.94	0.13	14	0.88	0.13
32   5	|	5	0.83	0.33	6	1.00	0.00
32   6	|	9	0.90	0.50	10	1.00	0.00
32   7	|	176	0.92	0.20	92	0.48	0.70
32   8	|	3	1.00	0.00	0	0.00	1.67
32   9	|	270	0.90	0.26	301	1.00	0.00
32   11	|	16	1.00	0.00	16	1.00	0.00
32   12	|	155	0.77	0.62	120	0.60	0.40
32   13	|	19	0.53	1.17	5	0.14	0.86
32   14	|	30	0.88	0.32	16	0.47	0.53
32   15	|	8	0.47	1.59	7	0.41	0.59
32   16	|	2	1.00	0.00	2	1.00	0.00
32   18	|	3	0.60	1.00	2	0.40	0.60
32   19	|	178	0.45	1.64	59	0.15	1.34
32   20	|	18	0.43	1.60	1	0.02	1.69
32   21	|	15	0.56	1.89	4	0.15	1.26
32   22	|	26	0.32	2.51	82	1.00	0.00
32   23	|	2	0.03	3.99	72	1.00	0.00
32   24	|	14	0.35	2.42	40	1.00	0.00
32   25	|	27	0.26	2.51	27	0.26	0.74
32   26	|	6	0.21	2.96	3	0.11	0.89
32   27	|	9	0.33	2.59	3	0.11	0.89
32   29	|	1	1.00	0.00	1	1.00	0.00
32   30	|	1	0.20	3.20	0	0.00	1.00
32   32	|	46	0.90	0.18	36	0.71	0.29
32   34	|	81	0.84	0.53	40	0.42	0.85
32   35	|	6	0.86	0.14	1	0.14	1.00
32   36	|	90	0.80	0.47	112	1.00	0.00
32   37	|	11	0.50	1.73	22	1.00	0.00
32   38	|	8	0.89	0.22	9	1.00	0.00
32   39	|	11	0.92	0.17	12	1.00	0.00
32   40	|	84	0.74	0.71	64	0.56	0.44
32   41	|	144	0.62	1.03	101	0.43	0.57
32   42	|	9	0.24	2.49	11	0.30	0.70
32   43	|	10	0.48	1.90	8	0.38	0.62
32   44	|	5	0.71	0.86	5	0.71	0.29
32   45	|	95	0.22	2.46	42	0.10	1.46
32   46	|	10	0.15	2.76	2	0.03	1.66
32   47	|	14	0.47	1.37	4	0.13	1.43
32   48	|	6	0.11	3.81	54	1.00	0.00
32   49	|	2	0.14	3.64	14	1.00	0.00
32   50	|	1	0.10	3.70	10	1.00	0.00
32   51	|	17	0.08	3.91	37	0.17	0.83
32   52	|	5	0.19	3.33	27	1.00	0.00
32   53	|	5	0.07	4.11	15	0.21	0.79

33   1	|	60	0.95	0.06	63	1.00	0.00
33   2	|	5	1.00	0.00	5	1.00	0.00
33   3	|	90	0.99	0.01	72	0.79	0.21
33   4	|	3	0.75	1.50	3	0.75	0.25
33   5	|	1	0.50	1.00	2	1.00	0.00
33   6	|	7	1.00	0.00	7	1.00	0.00
33   7	|	48	0.80	0.38	33	0.55	0.70
33   8	|	1	1.00	0.00	0	0.00	2.00
33   9	|	68	0.88	0.19	77	1.00	0.00
33   11	|	4	0.80	0.40	5	1.00	0.00
33   12	|	27	0.64	0.98	22	0.52	0.48
33   13	|	4	0.22	2.28	3	0.17	0.83
33   14	|	8	0.73	1.00	6	0.55	0.45
33   15	|	4	0.40	1.80	5	0.50	0.50
33   16	|	1	1.00	0.00	1	1.00	0.00
33   19	|	43	0.26	2.22	16	0.10	1.52
33   20	|	4	0.20	2.60	0	0.00	1.85
33   21	|	3	0.38	3.13	0	0.00	1.50
33   22	|	3	0.13	3.54	24	1.00	0.00
33   24	|	4	0.19	3.62	21	1.00	0.00
33   25	|	4	0.08	3.68	14	0.28	0.72
33   27	|	1	0.13	3.13	2	0.25	0.75
33   30	|	1	0.17	4.00	0	0.00	1.00
33   32	|	10	0.83	0.42	8	0.67	0.33
33   34	|	18	0.64	0.75	6	0.21	1.21
33   35	|	1	0.33	2.33	0	0.00	1.33
33   36	|	26	0.74	0.74	35	1.00	0.00
33   37	|	4	0.29	2.50	14	1.00	0.00
33   38	|	1	0.33	1.33	3	1.00	0.00
33   39	|	2	1.00	0.00	2	1.00	0.00
33   40	|	16	0.46	1.57	16	0.46	0.54
33   41	|	30	0.35	2.11	34	0.40	0.60
33   42	|	1	0.06	3.24	3	0.18	0.82
33   43	|	1	0.11	2.56	4	0.44	0.56
33   44	|	2	1.00	0.00	1	0.50	0.50
33   45	|	31	0.13	3.05	19	0.08	1.57
33   46	|	5	0.08	3.11	3	0.05	1.63
33   47	|	5	0.31	2.06	0	0.00	1.81
33   51	|	4	0.03	4.49	25	0.18	0.82
33   52	|	2	0.13	4.63	16	1.00	0.00
33   53	|	2	0.05	4.00	8	0.22	0.78

34   1	|	1	1.00	0.00	1	1.00	0.00
34   3	|	4	1.00	0.00	3	0.75	0.25
34   7	|	7	0.88	0.50	1	0.13	1.38
34   9	|	3	1.00	0.00	3	1.00	0.00
34   12	|	7	0.54	0.85	4	0.31	1.08
34   13	|	1	1.00	0.00	1	1.00	0.00
34   14	|	2	1.00	0.00	2	1.00	0.00
34   15	|	2	0.50	1.00	0	0.00	1.25
34   19	|	12	0.22	2.00	3	0.06	2.28
34   22	|	3	0.13	3.08	6	0.25	0.75
34   23	|	2	0.08	3.50	1	0.04	0.96
34   25	|	1	0.04	2.87	1	0.04	1.52
34   27	|	1	0.50	3.00	0	0.00	2.00
34   30	|	1	0.33	1.67	0	0.00	2.00
34   32	|	1	0.50	1.50	1	0.50	0.50
34   34	|	3	0.60	0.80	0	0.00	1.40
34   35	|	2	1.00	0.00	1	0.50	1.00
34   36	|	1	0.33	1.67	2	0.67	0.33
34   37	|	2	1.00	0.00	1	0.50	0.50
34   40	|	6	0.86	0.86	0	0.00	1.14
34   41	|	12	0.38	1.41	9	0.28	1.22
34   42	|	2	0.15	1.92	1	0.08	1.77
34   44	|	1	1.00	0.00	0	0.00	2.00
34   45	|	8	0.08	2.20	2	0.02	2.51
34   46	|	3	0.16	2.26	0	0.00	2.58
34   48	|	1	0.03	3.64	5	0.15	0.85
34   51	|	3	0.04	3.25	3	0.04	1.67

35   1	|	30	1.00	0.00	25	0.83	0.17
35   3	|	49	0.88	0.14	33	0.59	0.50
35   4	|	3	1.00	0.00	2	0.67	0.33
35   5	|	1	1.00	0.00	0	0.00	1.00
35   6	|	4	1.00	0.00	4	1.00	0.00
35   7	|	66	0.81	0.25	39	0.48	0.96
35   8	|	2	0.67	0.33	0	0.00	1.33
35   9	|	38	0.78	0.63	32	0.65	0.35
35   11	|	5	0.83	0.17	4	0.67	0.33
35   12	|	54	0.53	1.09	45	0.45	0.89
35   13	|	12	0.38	1.72	1	0.03	1.47
35   14	|	15	0.60	1.00	11	0.44	0.88
35   15	|	6	0.55	1.09	1	0.09	1.18
35   17	|	1	0.50	0.50	0	0.00	2.50
35   18	|	3	0.43	1.71	2	0.29	1.14
35   19	|	105	0.33	1.61	21	0.07	2.16
35   20	|	9	0.23	1.80	1	0.03	2.42
35   21	|	11	0.50	1.50	0	0.00	2.27
35   22	|	17	0.21	2.63	26	0.32	0.68
35   23	|	4	0.04	3.41	20	0.18	0.82
35   24	|	3	0.09	3.15	6	0.18	0.82
35   25	|	10	0.10	3.08	3	0.03	1.60
35   26	|	8	0.20	2.98	0	0.00	1.68
35   27	|	4	0.21	2.68	2	0.11	1.47
35   28	|	1	1.00	0.00	1	1.00	0.00
35   29	|	1	1.00	0.00	0	0.00	1.00
35   32	|	17	0.89	0.11	13	0.68	0.47
35   34	|	33	0.79	0.33	9	0.21	1.67
35   35	|	6	0.86	0.29	1	0.14	1.57
35   36	|	16	0.50	1.34	17	0.53	0.47
35   37	|	3	0.33	1.44	4	0.44	0.56
35   38	|	1	0.33	1.33	1	0.33	0.67
35   39	|	3	0.60	0.80	2	0.40	0.60
35   40	|	34	0.61	0.93	19	0.34	1.04
35   41	|	72	0.42	1.54	40	0.24	1.20
35   42	|	5	0.08	2.53	3	0.05	1.70
35   43	|	7	0.33	1.86	4	0.19	1.24
35   44	|	3	0.43	1.57	1	0.14	1.43
35   45	|	81	0.15	2.21	24	0.04	2.37
35   46	|	18	0.12	2.28	2	0.01	2.52
35   47	|	7	0.23	1.90	1	0.03	2.37
35   48	|	9	0.06	3.31	22	0.15	0.85
35   49	|	2	0.05	3.37	5	0.12	0.88
35   50	|	2	0.10	3.35	2	0.10	0.90
35   51	|	20	0.05	3.31	16	0.04	1.68
35   53	|	5	0.04	3.40	3	0.03	1.70

36   1	|	17	0.94	0.17	12	0.67	0.50
36   2	|	2	1.00	0.00	1	0.50	0.50
36   3	|	19	0.56	0.68	11	0.32	1.50
36   4	|	1	0.25	1.00	1	0.25	2.25
36   5	|	1	0.50	0.50	0	0.00	2.00
36   7	|	41	0.47	0.87	10	0.11	2.46
36   8	|	1	0.25	1.25	0	0.00	3.00
36   9	|	19	0.36	1.79	11	0.21	1.34
36   10	|	1	0.20	1.80	0	0.00	1.80
36   12	|	20	0.19	2.09	7	0.07	2.25
36   13	|	7	0.09	2.35	1	0.01	2.54
36   14	|	2	0.14	2.64	0	0.00	2.86
36   15	|	4	0.17	2.04	1	0.04	2.33
36   18	|	2	0.50	1.00	1	0.25	2.00
36   19	|	65	0.09	2.41	9	0.01	3.37
36   20	|	6	0.06	2.52	0	0.00	3.39
36   21	|	1	0.08	2.33	0	0.00	3.33
36   22	|	5	0.03	3.46	4	0.02	1.77
36   23	|	1	0.01	3.52	0	0.00	1.84
36   24	|	1	0.05	3.14	1	0.05	1.81
36   25	|	9	0.03	3.68	2	0.01	2.61
36   32	|	9	0.60	0.53	6	0.40	1.33
36   34	|	20	0.21	1.22	4	0.04	2.96
36   35	|	2	0.17	1.50	0	0.00	3.00
36   36	|	11	0.15	2.33	5	0.07	1.74
36   37	|	3	0.19	2.31	0	0.00	1.75
36   39	|	3	0.43	1.14	1	0.14	1.29
36   40	|	23	0.17	2.18	7	0.05	2.34
36   41	|	39	0.11	2.34	9	0.02	2.48
36   45	|	6	0.10	2.46	0	0.00	3.44
36   46	|	2	0.13	3.07	0	0.00	3.47
36   53	|	2	0.06	3.82	0	0.00	2.64

37   1	|	8	1.00	0.00	6	0.75	0.38
37   3	|	15	0.65	0.70	8	0.35	1.26
37   6	|	1	1.00	0.00	1	1.00	0.00
37   7	|	12	0.31	1.41	2	0.05	3.00
37   9	|	8	0.47	1.29	6	0.35	1.06
37   11	|	1	1.00	0.00	1	1.00	0.00
37   12	|	15	0.15	2.25	6	0.06	2.36
37   13	|	5	0.08	2.57	0	0.00	2.43
37   14	|	5	0.21	2.25	0	0.00	2.46
37   15	|	7	0.21	2.18	0	0.00	2.44
37   16	|	1	1.00	0.00	0	0.00	3.00
37   17	|	2	0.67	1.33	0	0.00	3.00
37   19	|	48	0.08	2.50	4	0.01	3.37
37   20	|	8	0.08	2.34	1	0.01	3.28
37   21	|	6	0.17	2.83	1	0.03	3.09
37   23	|	7	0.01	3.62	9	0.02	1.74
37   24	|	10	0.05	3.37	4	0.02	1.78
37   25	|	5	0.02	3.66	3	0.01	2.53
37   26	|	1	0.01	3.63	0	0.00	2.70
37   27	|	6	0.08	3.26	0	0.00	2.56
37   32	|	4	0.33	1.33	2	0.17	1.92
37   34	|	17	0.35	1.20	4	0.08	2.71
37   35	|	6	0.27	1.55	0	0.00	3.23
37   36	|	2	0.06	2.82	3	0.09	1.53
37   37	|	4	0.08	2.54	1	0.02	1.82
37   38	|	2	0.67	0.67	1	0.33	1.33
37   39	|	1	0.17	1.83	1	0.17	1.00
37   40	|	11	0.19	2.28	5	0.09	2.35
37   41	|	28	0.09	2.56	4	0.01	2.46
37   42	|	16	0.06	2.50	1	0.00	2.54
37   43	|	5	0.09	2.51	0	0.00	2.53
37   44	|	2	0.40	0.80	0	0.00	2.40
37   45	|	117	0.05	2.62	4	0.00	3.40
37   46	|	31	0.05	2.61	2	0.00	3.41
37   47	|	5	0.04	2.47	1	0.01	3.47
37   48	|	6	0.01	3.59	9	0.02	1.74
37   49	|	1	0.00	3.53	5	0.02	1.77
37   50	|	2	0.02	3.80	1	0.01	1.77
37   51	|	25	0.01	3.65	1	0.00	2.62
37   52	|	3	0.04	3.75	2	0.03	1.64
37   53	|	10	0.02	3.64	3	0.01	2.56

38   1	|	3	0.60	1.40	2	0.40	0.60
38   3	|	15	0.63	1.08	10	0.42	0.83
38   5	|	1	1.00	0.00	0	0.00	1.00
38   7	|	12	0.31	1.90	7	0.18	2.00
38   8	|	2	1.00	0.00	1	0.50	1.00
38   9	|	7	0.30	2.91	7	0.30	0.70
38   11	|	2	1.00	0.00	2	1.00	0.00
38   12	|	10	0.15	3.04	7	0.10	1.57
38   13	|	1	0.02	3.71	1	0.02	1.67
38   19	|	15	0.03	3.51	3	0.01	2.59
38   20	|	1	0.01	3.81	0	0.00	2.55
38   21	|	1	0.11	3.67	0	0.00	2.78
38   22	|	2	0.02	4.34	10	0.12	0.88
38   25	|	2	0.01	4.50	2	0.01	1.76
38   26	|	2	0.03	4.38	4	0.05	1.76
38   30	|	1	0.07	3.73	0	0.00	1.87
38   34	|	5	0.15	2.29	1	0.03	2.53
38   36	|	1	0.03	3.37	4	0.13	0.87
38   37	|	2	0.15	3.08	1	0.08	0.92
38   40	|	6	0.07	3.43	6	0.07	1.59
38   41	|	10	0.05	3.62	8	0.04	1.67

39   1	|	3	1.00	0.00	2	0.67	0.33
39   3	|	5	1.00	0.00	3	0.60	0.40
39   7	|	6	0.75	0.63	3	0.38	0.88
39   9	|	4	0.80	0.20	4	0.80	0.20
39   12	|	5	0.71	0.57	5	0.71	0.57
39   15	|	2	1.00	0.00	0	0.00	1.50
39   18	|	1	1.00	0.00	0	0.00	1.00
39   19	|	8	0.16	2.24	2	0.04	2.24
39   20	|	2	0.18	2.36	0	0.00	2.45
39   23	|	1	0.05	3.11	3	0.16	0.84
39   24	|	1	0.17	2.67	0	0.00	1.00
39   26	|	1	0.11	3.00	0	0.00	1.89
39   30	|	1	1.00	0.00	1	1.00	0.00
39   32	|	1	0.50	1.50	0	0.00	1.50
39   34	|	2	1.00	0.00	0	0.00	1.50
39   36	|	2	0.67	1.00	2	0.67	0.33
39   39	|	1	1.00	0.00	1	1.00	0.00
39   40	|	1	0.50	1.00	1	0.50	1.00
39   41	|	6	0.35	1.71	2	0.12	1.41
39   44	|	1	1.00	0.00	0	0.00	1.00
39   45	|	7	0.08	2.57	2	0.02	2.48
39   46	|	2	0.05	2.38	0	0.00	2.50
39   47	|	2	0.50	1.75	0	0.00	1.25
39   48	|	2	0.06	3.13	1	0.03	0.97
39   49	|	1	0.07	3.27	4	0.27	0.73
39   50	|	1	0.20	2.40	0	0.00	1.00
39   51	|	2	0.02	3.27	3	0.03	1.75
39   52	|	1	0.14	2.86	0	0.00	1.00
39   53	|	4	0.19	3.33	1	0.05	1.67

40   1	|	73	1.00	0.00	60	0.82	0.18
40   2	|	4	1.00	0.00	3	0.75	0.25
40   3	|	89	0.97	0.05	54	0.59	0.48
40   4	|	6	1.00	0.00	4	0.67	0.33
40   5	|	3	1.00	0.00	3	1.00	0.00
40   6	|	6	1.00	0.00	6	1.00	0.00
40   7	|	144	0.99	0.01	64	0.44	0.83
40   8	|	2	1.00	0.00	0	0.00	2.50
40   9	|	63	0.98	0.08	57	0.89	0.11
40   11	|	3	1.00	0.00	3	1.00	0.00
40   12	|	87	0.84	0.31	48	0.46	0.74
40   14	|	22	0.71	0.52	7	0.23	1.13
40   16	|	1	1.00	0.00	1	1.00	0.00
40   17	|	1	1.00	0.00	1	1.00	0.00
40   18	|	1	0.33	2.33	0	0.00	1.33
40   22	|	27	0.40	1.71	29	0.43	0.57
40   29	|	2	0.50	1.00	2	0.50	0.50
40   32	|	27	1.00	0.00	14	0.52	0.59
40   34	|	62	0.94	0.06	33	0.50	0.91
40   36	|	39	0.78	0.40	36	0.72	0.28
40   37	|	5	0.63	0.50	5	0.63	0.38
40   38	|	1	1.00	0.00	1	1.00	0.00
40   40	|	48	0.68	0.55	21	0.30	0.94
40   41	|	107	0.67	0.59	55	0.34	0.94

41   1	|	120	0.99	0.01	91	0.75	0.30
41   2	|	12	1.00	0.00	8	0.67	0.42
41   3	|	152	0.97	0.03	81	0.52	0.70
41   6	|	4	1.00	0.00	3	0.75	0.25
41   7	|	270	0.93	0.08	116	0.40	1.13
41   9	|	138	0.94	0.14	107	0.73	0.33
41   11	|	10	1.00	0.00	5	0.50	0.70
41   17	|	2	1.00	0.00	0	0.00	2.50
41   18	|	2	0.50	1.75	2	0.50	1.25
41   29	|	3	1.00	0.00	2	0.67	0.33
41   33	|	1	1.00	0.00	0	0.00	2.00
41   36	|	57	0.59	0.77	43	0.45	0.85
41   38	|	5	1.00	0.00	2	0.40	0.60
41   40	|	96	0.57	0.80	37	0.22	1.55
41   44	|	17	0.81	0.33	2	0.10	1.43

42   1	|	101	1.00	0.00	88	0.87	0.13
42   2	|	6	1.00	0.00	5	0.83	0.17
42   3	|	138	0.94	0.07	79	0.54	0.56
42   7	|	209	0.91	0.15	93	0.41	0.90
42   8	|	2	0.50	1.75	1	0.25	1.75
42   9	|	94	0.87	0.21	78	0.72	0.28
42   11	|	13	1.00	0.00	11	0.85	0.15
42   29	|	1	0.33	2.67	1	0.33	0.67
42   30	|	2	0.15	3.23	0	0.00	1.69
42   32	|	40	0.87	0.26	33	0.72	0.43
42   36	|	59	0.61	1.05	53	0.55	0.45
42   38	|	3	0.60	0.80	2	0.40	0.60
42   39	|	2	0.33	1.83	3	0.50	0.50
42   40	|	67	0.48	1.45	33	0.23	1.19

43   1	|	33	0.97	0.09	25	0.74	0.26
43   2	|	2	1.00	0.00	2	1.00	0.00
43   3	|	31	0.82	0.32	20	0.53	0.55
43   5	|	2	0.50	2.00	1	0.25	0.75
43   9	|	36	0.73	0.71	28	0.57	0.43
43   11	|	5	0.71	0.71	5	0.71	0.29
43   44	|	4	0.44	1.22	0	0.00	1.22

44   1	|	21	1.00	0.00	16	0.76	0.29
44   3	|	35	0.80	0.41	20	0.45	0.91
44   4	|	3	1.00	0.00	2	0.67	1.00
44   8	|	1	0.50	1.50	0	0.00	2.50
44   9	|	17	0.63	0.85	9	0.33	1.11
44   11	|	3	1.00	0.00	3	1.00	0.00
44   14	|	3	0.21	2.36	0	0.00	2.21
44   35	|	3	0.23	1.46	1	0.08	2.77
44   37	|	2	0.07	2.96	1	0.04	1.63
44   44	|	3	0.60	1.80	1	0.20	1.80

45   1	|	8	1.00	0.00	7	0.88	0.13
45   3	|	6	1.00	0.00	5	0.83	0.17
45   9	|	4	0.80	0.40	5	1.00	0.00
45   22	|	1	0.25	2.25	2	0.50	0.50
45   24	|	1	0.50	1.50	0	0.00	1.00
45   34	|	8	1.00	0.00	3	0.38	1.00
45   36	|	1	0.50	2.00	1	0.50	0.50
45   40	|	4	0.80	0.40	3	0.60	0.60
45   41	|	9	0.69	0.69	3	0.23	1.23

46   1	|	18	1.00	0.00	12	0.67	0.33
46   5	|	1	0.33	1.67	0	0.00	1.67
46   11	|	6	1.00	0.00	5	0.83	0.17
46   37	|	14	0.26	1.69	6	0.11	1.57

47   1	|	5	1.00	0.00	5	1.00	0.00
47   3	|	5	1.00	0.00	2	0.40	0.80
47   7	|	7	1.00	0.00	4	0.57	0.71
47   35	|	3	1.00	0.00	0	0.00	2.33
47   37	|	1	0.25	1.50	2	0.50	0.50
47   42	|	1	0.33	1.33	0	0.00	1.33

48   1	|	7	1.00	0.00	7	1.00	0.00
48   3	|	7	0.88	0.25	6	0.75	0.50
48   7	|	16	1.00	0.00	6	0.38	0.94
48   9	|	3	1.00	0.00	2	0.67	0.33
48   12	|	5	0.83	0.50	3	0.50	1.00
48   14	|	1	1.00	0.00	0	0.00	1.00
48   22	|	2	0.40	2.20	2	0.40	0.80
48   40	|	1	0.33	1.33	1	0.33	1.00
48   41	|	10	0.63	0.56	4	0.25	1.13

50   1	|	256	1.00	0.01	217	0.84	0.16
50   2	|	20	1.00	0.00	18	0.90	0.10
50   3	|	349	0.98	0.02	209	0.59	0.54
50   5	|	12	0.86	0.21	8	0.57	0.43
50   6	|	8	1.00	0.00	6	0.75	0.25
50   7	|	181	0.93	0.08	74	0.38	1.04
50   8	|	1	0.50	0.50	0	0.00	2.00
50   9	|	224	0.90	0.19	214	0.86	0.14
50   10	|	3	0.75	0.50	3	0.75	0.25
50   12	|	85	0.62	0.61	37	0.27	1.00
50   14	|	51	0.91	0.13	9	0.16	1.07
50   28	|	2	0.33	1.83	4	0.67	0.33
50   30	|	3	0.43	1.86	0	0.00	1.29
50   32	|	41	0.95	0.09	20	0.47	0.65
50   33	|	2	1.00	0.00	2	1.00	0.00
50   34	|	110	0.87	0.13	29	0.23	1.18
50   36	|	72	0.73	0.46	65	0.66	0.34
50   38	|	9	1.00	0.00	8	0.89	0.11
50   40	|	79	0.61	0.59	39	0.30	0.95
50   43	|	15	0.83	0.33	6	0.33	1.00
50   44	|	9	0.82	0.27	1	0.09	1.00

51   1	|	503	0.98	0.02	349	0.68	0.37
51   2	|	27	0.96	0.04	18	0.64	0.39
51   3	|	685	0.92	0.11	293	0.39	0.91
51   9	|	417	0.76	0.48	297	0.54	0.60
51   10	|	14	0.54	1.08	3	0.12	1.35
51   11	|	48	0.87	0.25	28	0.51	0.64
51   14	|	93	0.55	1.01	16	0.10	1.63
51   29	|	3	0.15	2.65	5	0.25	1.20
51   33	|	8	0.50	0.75	0	0.00	1.69

52   1	|	326	0.97	0.05	299	0.89	0.11
52   2	|	16	1.00	0.00	15	0.94	0.06
52   3	|	420	0.89	0.21	249	0.53	0.60
52   5	|	18	0.69	1.15	17	0.65	0.35
52   9	|	249	0.70	0.79	289	0.81	0.19
52   10	|	8	0.42	1.63	12	0.63	0.37
52   11	|	23	0.88	0.35	20	0.77	0.23
52   18	|	7	0.32	2.55	4	0.18	1.18
52   38	|	9	0.56	1.00	16	1.00	0.00
52   44	|	14	0.52	1.26	6	0.22	1.00

53   1	|	110	0.93	0.14	99	0.84	0.16
53   6	|	1	1.00	0.00	1	1.00	0.00
53   11	|	8	0.89	0.22	7	0.78	0.22
53   16	|	3	0.50	1.00	2	0.33	0.83
53   36	|	43	0.22	2.30	117	0.59	0.41
53   44	|	8	0.38	1.71	1	0.05	1.48

54   1	|	59	0.92	0.14	41	0.64	0.39
54   43	|	6	0.13	2.76	0	0.00	2.18

55   1	|	13	1.00	0.00	8	0.62	0.38
55   3	|	29	0.94	0.06	23	0.74	0.35
55   7	|	15	1.00	0.00	5	0.33	1.07
55   9	|	14	1.00	0.00	12	0.86	0.14
55   11	|	1	1.00	0.00	1	1.00	0.00
55   18	|	1	1.00	0.00	0	0.00	1.00
55   34	|	7	1.00	0.00	2	0.29	1.14
55   52	|	1	1.00	0.00	0	0.00	1.00
55   53	|	1	0.33	1.33	0	0.00	1.33


57   1	|	3	1.00	0.00	3	1.00	0.00
57   8	|	6	1.00	0.00	0	0.00	1.33
57   10	|	1	0.50	1.50	2	1.00	0.00

58   1	|	20	1.00	0.00	14	0.70	0.35
58   3	|	26	0.96	0.04	15	0.56	0.59
58   8	|	2	1.00	0.00	0	0.00	1.50
58   13	|	3	0.60	0.60	2	0.40	1.00
58   14	|	3	1.00	0.00	0	0.00	1.33
58   33	|	1	1.00	0.00	0	0.00	1.00
58   48	|	1	0.14	2.71	3	0.43	0.86

60   1	|	6	1.00	0.00	6	1.00	0.00
60   2	|	3	1.00	0.00	3	1.00	0.00
60   3	|	4	1.00	0.00	0	0.00	1.00
60   5	|	3	0.75	0.75	4	1.00	0.00
60   6	|	2	1.00	0.00	2	1.00	0.00
60   7	|	2	0.67	1.00	0	0.00	1.33
60   9	|	2	0.67	0.67	3	1.00	0.00
60   12	|	4	0.18	2.27	3	0.14	0.86
60   13	|	5	0.31	1.69	2	0.13	0.88
60   14	|	4	0.50	0.50	4	0.50	0.50
60   15	|	2	0.29	1.71	4	0.57	0.43
60   17	|	1	1.00	0.00	1	1.00	0.00
60   22	|	3	0.11	2.93	27	1.00	0.00
60   23	|	1	0.02	3.13	45	1.00	0.00
60   28	|	4	0.44	1.89	9	1.00	0.00
60   30	|	1	0.11	2.67	3	0.33	0.67
60   32	|	2	0.67	0.33	3	1.00	0.00
60   33	|	2	1.00	0.00	2	1.00	0.00
60   34	|	6	0.46	1.31	2	0.15	1.31
60   35	|	3	0.38	1.50	2	0.25	1.13
60   36	|	2	0.14	1.86	14	1.00	0.00
60   37	|	5	0.29	1.65	17	1.00	0.00
60   39	|	1	0.33	1.00	3	1.00	0.00
60   41	|	27	0.33	1.38	16	0.20	0.80
60   42	|	10	0.18	1.96	16	0.28	0.72
60   43	|	5	0.26	2.05	8	0.42	0.58
60   44	|	4	0.80	0.60	1	0.20	0.80
60   48	|	3	0.05	3.41	63	1.00	0.00
60   49	|	2	0.08	3.00	26	1.00	0.00
60   52	|	3	0.15	2.30	20	1.00	0.00
60   53	|	11	0.13	2.86	17	0.20	0.80

61   1	|	4	0.80	0.40	5	1.00	0.00
61   2	|	1	1.00	0.00	1	1.00	0.00
61   3	|	6	0.86	0.29	5	0.71	0.29
61   4	|	1	1.00	0.00	1	1.00	0.00
61   5	|	6	1.00	0.00	6	1.00	0.00
61   7	|	4	0.57	0.43	1	0.14	1.14
61   9	|	3	0.60	1.00	5	1.00	0.00
61   10	|	1	1.00	0.00	1	1.00	0.00
61   12	|	4	0.29	1.86	2	0.14	0.86
61   13	|	2	0.29	2.57	2	0.29	0.71
61   14	|	1	0.50	1.00	0	0.00	1.00
61   15	|	6	0.86	0.43	4	0.57	0.43
61   18	|	1	0.33	2.67	2	0.67	0.33
61   23	|	4	0.22	2.33	18	1.00	0.00
61   28	|	2	0.50	0.75	4	1.00	0.00
61   30	|	3	0.60	1.40	1	0.20	0.80
61   32	|	2	0.33	1.33	4	0.67	0.33
61   33	|	4	1.00	0.00	4	1.00	0.00
61   34	|	8	0.89	0.11	4	0.44	0.67
61   35	|	1	1.00	0.00	0	0.00	1.00
61   36	|	3	0.50	0.83	6	1.00	0.00
61   37	|	6	0.50	1.67	12	1.00	0.00
61   39	|	3	0.60	1.40	5	1.00	0.00
61   40	|	1	0.17	1.83	1	0.17	0.83
61   41	|	19	0.31	1.61	19	0.31	0.69
61   42	|	13	0.45	1.24	11	0.38	0.62
61   43	|	3	0.50	0.67	2	0.33	0.67
61   48	|	2	0.04	3.34	53	1.00	0.00
61   49	|	1	0.09	3.09	11	1.00	0.00
61   52	|	4	0.21	2.79	19	1.00	0.00
61   53	|	5	0.13	2.87	13	0.34	0.66

71   1	|	1	1.00	0.00	0	0.00	1.00
71   2	|	1	1.00	0.00	0	0.00	1.00
71   3	|	1	0.33	1.00	1	0.33	0.67
71   4	|	1	1.00	0.00	0	0.00	1.00
71   5	|	1	1.00	0.00	1	1.00	0.00
71   12	|	1	0.17	2.50	3	0.50	0.67
71   13	|	3	0.20	1.67	3	0.20	1.00
71   14	|	4	0.57	1.71	2	0.29	0.86
71   15	|	14	0.78	0.67	3	0.17	1.06
71   18	|	2	0.50	1.50	2	0.50	0.75
71   22	|	6	0.17	3.23	18	0.51	0.49
71   23	|	1	0.03	3.54	15	0.43	0.57
71   24	|	2	0.11	2.50	14	0.78	0.22
71   28	|	1	0.50	2.00	2	1.00	0.00
71   30	|	1	0.17	2.83	1	0.17	1.17
71   32	|	2	1.00	0.00	0	0.00	1.50
71   34	|	1	0.25	0.75	0	0.00	1.50
71   35	|	2	0.67	0.33	0	0.00	2.33
71   36	|	9	0.69	0.46	9	0.69	0.31
71   37	|	3	0.43	1.71	4	0.57	0.43
71   39	|	1	1.00	0.00	1	1.00	0.00
71   40	|	2	0.22	2.00	1	0.11	1.11
71   41	|	16	0.26	1.84	14	0.23	1.02
71   42	|	2	0.08	2.46	3	0.13	1.13
71   43	|	2	0.29	2.14	2	0.29	1.14
71   48	|	1	0.04	3.28	11	0.44	0.56
71   52	|	1	0.09	3.73	9	0.82	0.18
71   53	|	5	0.17	2.21	1	0.03	1.14

72   1	|	1	0.33	1.67	1	0.33	0.67
72   5	|	1	1.00	0.00	1	1.00	0.00
72   8	|	1	1.00	0.00	0	0.00	2.00
72   12	|	3	0.38	2.00	1	0.13	1.25
72   13	|	1	0.33	2.00	0	0.00	1.67
72   14	|	1	0.33	2.67	0	0.00	2.00
72   15	|	5	0.71	1.00	1	0.14	1.00
72   22	|	3	0.14	3.09	13	0.59	0.41
72   23	|	2	0.10	3.86	13	0.62	0.38
72   32	|	1	1.00	0.00	0	0.00	1.00
72   33	|	1	1.00	0.00	0	0.00	1.00
72   34	|	2	0.67	0.67	1	0.33	0.67
72   35	|	2	1.00	0.00	1	0.50	0.50
72   36	|	5	0.50	1.60	7	0.70	0.30
72   38	|	1	1.00	0.00	1	1.00	0.00
72   39	|	1	1.00	0.00	1	1.00	0.00
72   40	|	1	1.00	0.00	0	0.00	1.00
72   41	|	8	0.32	1.56	5	0.20	1.04
72   42	|	4	0.36	1.18	3	0.27	1.09
72   43	|	3	0.50	0.83	1	0.17	1.33
72   44	|	1	1.00	0.00	0	0.00	1.00
72   48	|	1	0.05	3.38	10	0.48	0.52
72   53	|	2	0.15	2.62	4	0.31	1.08

80   1	|	41	0.93	0.20	39	0.89	0.11
80   3	|	54	0.93	0.14	42	0.72	0.33
80   4	|	3	0.75	0.75	2	0.50	0.50
80   6	|	2	1.00	0.00	2	1.00	0.00
80   7	|	29	0.76	0.53	18	0.47	0.97
80   9	|	38	0.79	0.65	39	0.81	0.19
80   10	|	1	0.33	3.00	2	0.67	0.33
80   12	|	20	0.56	1.47	13	0.36	0.86
80   13	|	5	0.36	2.21	0	0.00	1.36
80   14	|	7	0.88	0.50	3	0.38	0.63
80   15	|	4	0.33	3.33	1	0.08	1.42
80   19	|	31	0.23	2.65	12	0.09	2.14
80   20	|	5	0.33	2.20	0	0.00	2.27
80   21	|	3	0.75	0.25	0	0.00	1.25
80   22	|	8	0.24	3.06	9	0.27	0.73
80   24	|	1	0.07	4.00	4	0.29	0.71
80   25	|	3	0.09	3.85	3	0.09	1.56
80   27	|	1	0.11	3.67	1	0.11	1.33
80   32	|	4	0.80	0.80	3	0.60	0.40
80   34	|	16	0.73	0.59	7	0.32	1.41
80   35	|	2	0.25	2.25	0	0.00	2.00
80   36	|	11	0.48	2.30	12	0.52	0.48
80   38	|	1	0.50	1.00	1	0.50	0.50
80   39	|	2	0.33	1.83	2	0.33	0.67
80   40	|	15	0.44	1.71	11	0.32	0.97
80   41	|	27	0.39	1.90	22	0.31	1.04
80   42	|	1	0.02	3.45	2	0.05	1.62
80   44	|	2	0.50	2.00	1	0.25	1.00
80   45	|	13	0.05	3.43	4	0.01	2.39
80   46	|	4	0.05	3.28	0	0.00	2.37
80   47	|	1	0.13	3.38	0	0.00	2.38
80   48	|	2	0.04	4.56	8	0.16	0.84
80   51	|	5	0.03	4.26	4	0.02	1.69
80   53	|	1	0.02	4.52	0	0.00	1.63

81   1	|	21	1.00	0.00	21	1.00	0.00
81   3	|	32	0.97	0.03	29	0.88	0.12
81   6	|	1	1.00	0.00	1	1.00	0.00
81   7	|	10	1.00	0.00	7	0.70	0.40
81   9	|	9	0.90	0.20	10	1.00	0.00
81   11	|	2	1.00	0.00	2	1.00	0.00
81   12	|	13	0.72	0.61	13	0.72	0.28
81   14	|	2	1.00	0.00	1	0.50	0.50
81   15	|	1	1.00	0.00	1	1.00	0.00
81   19	|	12	0.63	0.47	6	0.32	1.05
81   20	|	1	1.00	0.00	0	0.00	1.00
81   22	|	3	0.60	1.00	5	1.00	0.00
81   25	|	4	0.40	2.10	5	0.50	0.50
81   26	|	1	0.50	1.00	1	0.50	0.50
81   32	|	4	1.00	0.00	4	1.00	0.00
81   34	|	8	0.89	0.11	2	0.22	1.11
81   35	|	1	1.00	0.00	1	1.00	0.00
81   36	|	1	0.50	0.50	2	1.00	0.00
81   38	|	2	1.00	0.00	2	1.00	0.00
81   40	|	3	1.00	0.00	2	0.67	0.33
81   41	|	8	0.67	1.00	10	0.83	0.17
81   43	|	1	1.00	0.00	0	0.00	1.00
81   45	|	5	0.45	1.45	1	0.09	1.73

82   1	|	49	1.00	0.00	43	0.88	0.12
82   3	|	71	0.97	0.05	46	0.63	0.41
82   4	|	3	1.00	0.00	1	0.33	0.67
82   5	|	2	1.00	0.00	1	0.50	0.50
82   6	|	3	1.00	0.00	3	1.00	0.00
82   7	|	21	0.72	0.62	9	0.31	1.31
82   9	|	47	0.84	0.39	42	0.75	0.25
82   11	|	2	0.67	1.33	2	0.67	0.33
82   12	|	20	0.49	1.29	14	0.34	0.98
82   13	|	5	0.33	1.80	0	0.00	1.60
82   14	|	5	0.56	0.78	2	0.22	1.00
82   15	|	1	0.14	2.00	1	0.14	1.29
82   18	|	1	1.00	0.00	1	1.00	0.00
82   19	|	45	0.29	1.92	8	0.05	2.05
82   20	|	4	0.14	2.21	0	0.00	2.50
82   21	|	2	0.22	1.89	0	0.00	2.22
82   22	|	5	0.13	3.11	16	0.42	0.58
82   23	|	2	0.03	3.51	10	0.17	0.83
82   24	|	1	0.04	3.67	8	0.30	0.70
82   25	|	1	0.02	3.11	5	0.11	1.39
82   26	|	1	0.07	3.53	0	0.00	1.60
82   27	|	1	0.09	3.82	1	0.09	1.64
82   32	|	8	0.73	0.55	3	0.27	0.82
82   33	|	1	1.00	0.00	1	1.00	0.00
82   34	|	12	0.52	0.83	5	0.22	1.39
82   35	|	2	0.40	1.40	1	0.20	2.00
82   36	|	16	0.62	0.92	17	0.65	0.35
82   37	|	5	0.24	2.00	7	0.33	0.67
82   38	|	1	1.00	0.00	1	1.00	0.00
82   39	|	1	0.33	1.00	2	0.67	0.33
82   40	|	18	0.60	0.97	12	0.40	0.77
82   41	|	26	0.33	1.66	19	0.24	1.19
82   42	|	2	0.06	2.26	2	0.06	1.61
82   43	|	2	0.33	1.17	0	0.00	1.33
82   44	|	2	1.00	0.00	2	1.00	0.00
82   45	|	36	0.13	2.50	5	0.02	2.30
82   46	|	9	0.11	2.21	2	0.02	2.28
82   47	|	5	0.36	1.64	0	0.00	2.14
82   48	|	5	0.09	3.36	14	0.25	0.75
82   49	|	2	0.09	3.26	7	0.30	0.70
82   50	|	1	0.13	3.38	2	0.25	0.75
82   51	|	8	0.04	3.52	8	0.04	1.62
82   52	|	1	0.06	2.83	3	0.17	0.83
82   53	|	4	0.07	3.40	3	0.05	1.58

83   1	|	12	1.00	0.00	12	1.00	0.00
83   2	|	1	1.00	0.00	1	1.00	0.00
83   3	|	8	1.00	0.00	6	0.75	0.25
83   7	|	10	0.91	0.09	5	0.45	0.64
83   9	|	9	0.90	0.10	10	1.00	0.00
83   12	|	4	1.00	0.00	3	0.75	0.25
83   14	|	2	1.00	0.00	2	1.00	0.00
83   15	|	1	0.25	2.00	0	0.00	1.00
83   19	|	9	0.64	0.93	7	0.50	0.79
83   22	|	2	1.00	0.00	2	1.00	0.00
83   23	|	1	0.25	2.00	4	1.00	0.00
83   25	|	1	0.11	2.67	2	0.22	0.78
83   32	|	1	1.00	0.00	1	1.00	0.00
83   34	|	2	1.00	0.00	1	0.50	0.50
83   36	|	4	1.00	0.00	4	1.00	0.00
83   38	|	1	1.00	0.00	1	1.00	0.00
83   39	|	1	1.00	0.00	1	1.00	0.00
83   40	|	2	1.00	0.00	2	1.00	0.00
83   41	|	4	0.44	1.67	2	0.22	0.78
83   45	|	3	0.33	2.11	2	0.22	1.33
83   46	|	1	0.33	1.33	0	0.00	1.33
83   47	|	1	0.50	1.50	1	0.50	0.50
83   48	|	1	0.50	2.50	2	1.00	0.00
83   51	|	3	0.30	2.70	0	0.00	1.00

84   1	|	18	1.00	0.00	18	1.00	0.00
84   2	|	1	1.00	0.00	1	1.00	0.00
84   3	|	27	0.96	0.04	23	0.82	0.21
84   7	|	12	1.00	0.00	6	0.50	0.67
84   9	|	13	0.87	0.20	13	0.87	0.13
84   12	|	8	0.73	0.45	6	0.55	0.45
84   13	|	3	1.00	0.00	0	0.00	1.00
84   19	|	5	0.25	2.35	0	0.00	2.00
84   20	|	1	0.50	0.50	0	0.00	1.00
84   21	|	1	1.00	0.00	0	0.00	1.00
84   32	|	1	1.00	0.00	0	0.00	1.00
84   34	|	8	1.00	0.00	4	0.50	0.75
84   35	|	1	1.00	0.00	0	0.00	1.00
84   36	|	2	1.00	0.00	2	1.00	0.00
84   37	|	1	0.50	1.00	2	1.00	0.00
84   38	|	1	1.00	0.00	1	1.00	0.00
84   40	|	7	0.88	0.13	2	0.25	0.88
84   41	|	7	0.50	0.93	5	0.36	0.71
84   45	|	9	0.56	0.69	5	0.31	1.13
84   47	|	1	0.50	1.50	1	0.50	1.00

86   1	|	4	1.00	0.00	4	1.00	0.00
86   3	|	3	1.00	0.00	1	0.33	0.67
86   7	|	8	0.53	0.60	4	0.27	2.13
86   9	|	2	0.29	1.86	2	0.29	1.29
86   11	|	1	1.00	0.00	1	1.00	0.00
86   12	|	7	0.35	1.95	3	0.15	2.25
86   13	|	4	0.19	2.24	0	0.00	2.62
86   14	|	1	0.17	2.67	0	0.00	2.50
86   15	|	1	0.17	2.33	0	0.00	2.50
86   19	|	9	0.05	2.52	1	0.01	3.41
86   20	|	3	0.14	2.05	0	0.00	3.59
86   21	|	2	0.33	1.83	0	0.00	3.50
86   22	|	4	0.06	3.41	1	0.01	1.81
86   23	|	4	0.05	3.25	1	0.01	1.85
86   25	|	2	0.02	3.52	0	0.00	2.61
86   32	|	1	0.25	1.50	1	0.25	1.75
86   34	|	2	0.25	1.00	0	0.00	3.00
86   35	|	2	0.50	1.50	0	0.00	3.75
86   36	|	2	0.33	2.00	2	0.33	1.33
86   37	|	1	0.14	2.00	2	0.29	1.43
86   40	|	2	0.15	2.15	1	0.08	2.31
86   41	|	6	0.08	2.69	1	0.01	2.51
86   42	|	1	0.03	2.15	0	0.00	2.56
86   44	|	2	0.40	1.00	0	0.00	2.40
86   45	|	9	0.04	2.67	0	0.00	3.44
86   48	|	1	0.02	3.54	0	0.00	1.90
86   51	|	7	0.04	3.37	0	0.00	2.66

