0   1	|	19	0.66	0.41	29	1.00	0.00
0   2	|	139	0.68	0.37	203	1.00	0.00
0   3	|	21	0.68	0.45	11	0.35	0.65
0   4	|	52	0.75	0.30	54	0.78	0.22
0   5	|	30	0.65	0.43	46	1.00	0.00
0   7	|	18	0.53	0.56	7	0.21	1.12
0   8	|	13	0.72	0.33	3	0.17	1.17
0   9	|	6	0.13	1.46	46	1.00	0.00
0   10	|	61	0.63	0.53	97	1.00	0.00
0   12	|	3	0.11	1.39	5	0.18	0.82
0   13	|	35	0.38	0.97	39	0.42	0.58
0   15	|	12	0.50	0.92	10	0.42	0.58
0   17	|	1	1.00	0.00	0	0.00	2.00
0   22	|	1	0.04	2.70	27	1.00	0.00
0   23	|	9	0.36	1.72	25	1.00	0.00
0   24	|	1	0.20	2.80	5	1.00	0.00
0   32	|	5	0.83	0.33	1	0.17	0.83
0   33	|	4	0.67	0.50	4	0.67	0.33
0   34	|	3	0.21	1.14	0	0.00	1.50
0   35	|	13	0.76	0.29	6	0.35	1.00
0   36	|	4	0.21	1.37	19	1.00	0.00
0   37	|	45	0.64	0.50	70	1.00	0.00
0   40	|	5	0.14	1.60	17	0.49	0.51
0   41	|	3	0.04	1.93	23	0.34	0.66
0   52	|	3	0.38	1.75	8	1.00	0.00
0   53	|	2	0.29	2.43	1	0.14	0.86

1   1	|	37	1.00	0.00	37	1.00	0.00
1   2	|	261	1.00	0.00	261	1.00	0.00
1   3	|	43	0.88	0.14	22	0.45	0.55
1   4	|	96	1.00	0.00	79	0.82	0.18
1   5	|	71	0.90	0.13	79	1.00	0.00
1   6	|	1	0.50	0.50	2	1.00	0.00
1   7	|	57	0.85	0.16	14	0.21	1.16
1   8	|	23	0.88	0.15	6	0.23	1.08
1   9	|	18	0.24	0.91	76	1.00	0.00
1   10	|	127	0.90	0.16	141	1.00	0.00
1   12	|	19	0.35	1.11	14	0.25	0.75
1   13	|	92	0.60	0.68	63	0.41	0.59
1   14	|	2	0.25	1.75	0	0.00	1.00
1   15	|	49	0.75	0.32	38	0.58	0.42
1   16	|	1	1.00	0.00	1	1.00	0.00
1   17	|	1	1.00	0.00	0	0.00	2.00
1   18	|	1	0.20	2.00	4	0.80	0.20
1   23	|	18	0.41	1.68	44	1.00	0.00
1   28	|	5	0.45	1.09	11	1.00	0.00
1   29	|	1	0.50	2.50	2	1.00	0.00
1   30	|	2	0.33	1.50	3	0.50	0.50
1   32	|	6	0.55	0.64	6	0.55	0.45
1   33	|	10	0.83	0.25	5	0.42	0.58
1   34	|	13	0.59	0.45	3	0.14	1.32
1   35	|	28	0.88	0.22	9	0.28	1.03
1   36	|	3	0.13	1.13	24	1.00	0.00
1   37	|	76	0.87	0.24	87	1.00	0.00
1   40	|	18	0.24	1.15	34	0.45	0.55
1   41	|	28	0.26	1.34	31	0.28	0.72
1   43	|	2	0.40	1.00	0	0.00	1.00
1   52	|	11	0.73	0.53	15	1.00	0.00
1   53	|	3	0.30	1.80	6	0.60	0.40

10   1	|	892	1.00	0.00	894	1.00	0.00
10   2	|	92	1.00	0.00	92	1.00	0.00
10   3	|	1597	0.98	0.02	1168	0.72	0.28
10   4	|	56	0.98	0.04	27	0.47	0.53
10   5	|	20	0.80	0.52	25	1.00	0.00
10   6	|	43	0.98	0.05	44	1.00	0.00
10   7	|	627	0.94	0.07	296	0.44	0.75
10   8	|	32	0.94	0.09	16	0.47	0.82
10   9	|	472	0.88	0.18	535	1.00	0.00
10   10	|	14	0.70	0.30	20	1.00	0.00
10   11	|	47	0.98	0.04	48	1.00	0.00
10   12	|	406	0.82	0.32	320	0.65	0.35
10   13	|	113	0.54	0.80	67	0.32	0.68
10   14	|	100	0.81	0.33	40	0.33	0.67
10   15	|	40	0.56	0.72	18	0.25	0.75
10   16	|	9	1.00	0.00	4	0.44	0.56
10   17	|	8	1.00	0.00	3	0.38	0.75
10   18	|	15	0.60	1.20	15	0.60	0.40
10   22	|	75	0.36	1.57	207	1.00	0.00
10   23	|	40	0.17	2.12	231	1.00	0.00
10   24	|	36	0.36	1.32	100	1.00	0.00
10   28	|	4	0.33	1.42	12	1.00	0.00
10   29	|	1	1.00	0.00	1	1.00	0.00
10   30	|	4	0.18	2.41	6	0.27	0.73
10   32	|	155	0.97	0.03	93	0.58	0.42
10   33	|	21	0.95	0.09	14	0.64	0.36
10   34	|	479	0.95	0.07	227	0.45	0.70
10   35	|	52	0.84	0.24	19	0.31	0.95
10   36	|	299	0.79	0.31	380	1.00	0.00
10   37	|	96	0.71	0.55	136	1.00	0.00
10   38	|	39	0.91	0.14	43	1.00	0.00
10   39	|	31	0.82	0.34	38	1.00	0.00
10   40	|	242	0.68	0.48	179	0.50	0.50
10   41	|	809	0.73	0.44	566	0.51	0.49
10   42	|	127	0.59	0.80	81	0.38	0.62
10   43	|	49	0.62	0.70	25	0.32	0.68
10   44	|	23	0.92	0.16	16	0.64	0.36
10   48	|	51	0.29	1.76	173	1.00	0.00
10   49	|	7	0.30	1.74	23	1.00	0.00
10   50	|	1	0.09	2.55	11	1.00	0.00
10   52	|	11	0.16	1.71	69	1.00	0.00
10   53	|	22	0.16	2.21	30	0.22	0.78

11   1	|	1623	1.00	0.01	1467	0.90	0.10
11   2	|	138	0.99	0.01	120	0.86	0.14
11   3	|	2874	0.97	0.04	1795	0.61	0.48
11   4	|	74	0.93	0.10	33	0.41	0.79
11   5	|	40	0.77	0.40	27	0.52	0.48
11   6	|	74	0.99	0.03	61	0.81	0.19
11   7	|	1305	0.93	0.11	436	0.31	1.12
11   8	|	39	0.85	0.22	9	0.20	1.50
11   9	|	977	0.85	0.24	918	0.80	0.20
11   10	|	16	0.52	0.90	15	0.48	0.52
11   11	|	95	0.99	0.01	85	0.89	0.11
11   12	|	764	0.76	0.45	464	0.46	0.73
11   13	|	207	0.48	1.01	50	0.12	1.28
11   14	|	187	0.75	0.53	68	0.27	1.00
11   15	|	108	0.50	1.06	22	0.10	1.30
11   16	|	14	0.93	0.13	8	0.53	0.73
11   17	|	10	0.91	0.45	2	0.18	1.55
11   18	|	33	0.52	1.22	18	0.29	1.06
11   22	|	169	0.24	2.04	304	0.43	0.57
11   23	|	94	0.10	2.49	254	0.27	0.73
11   24	|	98	0.24	2.00	167	0.41	0.59
11   28	|	8	0.25	2.16	17	0.53	0.47
11   29	|	2	0.14	2.21	4	0.29	0.71
11   30	|	10	0.18	2.43	1	0.02	1.55
11   32	|	281	0.90	0.15	134	0.43	0.76
11   33	|	33	0.89	0.19	20	0.54	0.65
11   34	|	1003	0.90	0.13	309	0.28	1.22
11   35	|	114	0.77	0.32	23	0.15	1.55
11   36	|	560	0.71	0.45	564	0.72	0.28
11   37	|	169	0.52	0.97	127	0.39	0.61
11   38	|	63	0.84	0.31	53	0.71	0.29
11   39	|	46	0.63	0.74	40	0.55	0.45
11   40	|	503	0.64	0.72	253	0.32	0.94
11   41	|	1687	0.67	0.63	861	0.34	0.92
11   42	|	255	0.37	1.31	81	0.12	1.37
11   43	|	104	0.56	0.87	28	0.15	1.27
11   44	|	74	0.84	0.27	29	0.33	0.97
11   48	|	136	0.15	2.31	307	0.34	0.66
11   49	|	9	0.08	2.86	26	0.22	0.78
11   50	|	4	0.08	2.92	16	0.33	0.67
11   52	|	29	0.12	2.38	74	0.29	0.71
11   53	|	79	0.12	2.52	44	0.07	1.50

12   1	|	1201	0.99	0.02	1216	1.00	0.00
12   2	|	87	0.99	0.03	88	1.00	0.00
12   3	|	2128	0.96	0.05	1581	0.71	0.29
12   4	|	50	0.89	0.18	28	0.50	0.50
12   5	|	25	0.74	0.44	34	1.00	0.00
12   6	|	40	0.98	0.02	41	1.00	0.00
12   7	|	933	0.90	0.19	409	0.39	0.83
12   8	|	18	0.60	0.90	6	0.20	1.30
12   9	|	660	0.86	0.31	769	1.00	0.00
12   10	|	11	0.50	1.23	22	1.00	0.00
12   11	|	67	0.97	0.09	69	1.00	0.00
12   12	|	509	0.68	0.74	423	0.56	0.44
12   13	|	96	0.32	1.82	64	0.21	0.79
12   14	|	107	0.63	0.95	62	0.36	0.64
12   15	|	43	0.34	1.80	36	0.29	0.71
12   16	|	9	0.90	0.30	6	0.60	0.40
12   17	|	4	0.36	2.18	0	0.00	1.82
12   18	|	12	0.38	2.31	16	0.50	0.50
12   22	|	109	0.23	2.64	468	1.00	0.00
12   23	|	23	0.04	3.52	653	1.00	0.00
12   24	|	60	0.18	2.92	342	1.00	0.00
12   28	|	2	0.07	3.23	30	1.00	0.00
12   29	|	6	0.46	2.31	13	1.00	0.00
12   30	|	4	0.10	3.70	8	0.20	0.80
12   32	|	170	0.74	0.45	141	0.62	0.38
12   33	|	21	0.75	0.50	19	0.68	0.32
12   34	|	687	0.84	0.32	333	0.41	0.79
12   35	|	46	0.43	1.28	18	0.17	1.16
12   36	|	384	0.70	0.71	550	1.00	0.00
12   37	|	69	0.32	1.84	213	1.00	0.00
12   38	|	40	0.83	0.33	48	1.00	0.00
12   39	|	24	0.51	1.17	47	1.00	0.00
12   40	|	313	0.57	1.06	220	0.40	0.60
12   41	|	1104	0.62	0.94	831	0.46	0.54
12   42	|	103	0.22	2.23	141	0.30	0.70
12   43	|	65	0.36	1.77	51	0.28	0.72
12   44	|	36	0.77	0.51	20	0.43	0.57
12   48	|	50	0.10	3.17	511	1.00	0.00
12   49	|	6	0.06	3.58	99	1.00	0.00
12   50	|	7	0.16	3.11	44	1.00	0.00
12   52	|	2	0.01	3.67	160	1.00	0.00
12   53	|	29	0.06	3.45	98	0.20	0.80

13   1	|	316	0.95	0.09	333	1.00	0.00
13   2	|	21	0.88	0.13	24	1.00	0.00
13   3	|	545	0.89	0.19	416	0.68	0.32
13   4	|	19	0.79	0.33	14	0.58	0.42
13   5	|	7	0.39	1.44	18	1.00	0.00
13   6	|	17	0.85	0.40	20	1.00	0.00
13   7	|	237	0.76	0.41	89	0.28	0.98
13   8	|	14	0.64	1.00	6	0.27	1.00
13   9	|	185	0.66	0.77	282	1.00	0.00
13   10	|	6	0.25	1.79	24	1.00	0.00
13   11	|	15	0.83	0.28	18	1.00	0.00
13   12	|	130	0.43	1.50	130	0.43	0.57
13   13	|	55	0.24	2.13	62	0.26	0.74
13   14	|	37	0.45	1.51	35	0.43	0.57
13   15	|	21	0.19	2.21	34	0.31	0.69
13   16	|	2	0.33	1.83	2	0.33	0.67
13   17	|	1	1.00	0.00	0	0.00	1.00
13   18	|	6	0.25	2.79	8	0.33	0.67
13   22	|	21	0.07	3.38	322	1.00	0.00
13   23	|	14	0.02	3.62	643	1.00	0.00
13   24	|	21	0.09	3.23	245	1.00	0.00
13   28	|	1	0.04	3.33	24	1.00	0.00
13   29	|	1	0.17	3.50	6	1.00	0.00
13   30	|	3	0.10	3.20	4	0.13	0.87
13   32	|	59	0.58	0.76	57	0.56	0.44
13   33	|	10	0.59	0.65	15	0.88	0.12
13   34	|	201	0.63	0.70	118	0.37	0.88
13   35	|	42	0.46	1.09	21	0.23	1.00
13   36	|	103	0.43	1.33	242	1.00	0.00
13   37	|	58	0.30	1.83	194	1.00	0.00
13   38	|	7	0.41	1.53	17	1.00	0.00
13   39	|	8	0.17	2.26	46	1.00	0.00
13   40	|	102	0.39	1.76	82	0.31	0.69
13   41	|	307	0.37	1.70	310	0.37	0.63
13   42	|	70	0.15	2.47	145	0.32	0.68
13   43	|	16	0.16	2.49	32	0.33	0.67
13   44	|	11	0.42	1.54	7	0.27	0.73
13   48	|	18	0.04	3.59	413	1.00	0.00
13   49	|	5	0.05	3.55	95	1.00	0.00
13   50	|	2	0.06	3.59	32	1.00	0.00
13   52	|	6	0.04	3.59	155	1.00	0.00
13   53	|	10	0.03	3.67	50	0.16	0.84

14   1	|	199	0.97	0.04	180	0.88	0.12
14   2	|	6	0.75	0.50	6	0.75	0.25
14   3	|	406	0.89	0.18	233	0.51	0.60
14   4	|	8	0.73	0.73	7	0.64	0.73
14   5	|	5	0.56	1.22	6	0.67	0.33
14   6	|	13	0.87	0.33	8	0.53	0.47
14   7	|	166	0.72	0.57	48	0.21	1.39
14   8	|	1	0.13	2.00	0	0.00	2.25
14   9	|	110	0.62	0.95	106	0.60	0.40
14   10	|	4	0.44	1.33	2	0.22	0.78
14   11	|	14	0.78	0.67	10	0.56	0.44
14   12	|	112	0.42	1.58	64	0.24	1.16
14   13	|	22	0.12	2.51	9	0.05	1.54
14   14	|	26	0.46	1.59	9	0.16	1.23
14   15	|	17	0.19	2.49	6	0.07	1.50
14   16	|	2	0.50	1.50	0	0.00	1.50
14   17	|	2	0.40	1.80	0	0.00	2.80
14   18	|	3	0.09	3.38	3	0.09	1.47
14   22	|	23	0.07	3.35	74	0.23	0.77
14   23	|	16	0.02	3.83	119	0.17	0.83
14   24	|	18	0.07	3.31	56	0.23	0.77
14   28	|	1	0.08	3.42	5	0.42	0.58
14   29	|	1	0.14	3.00	1	0.14	0.86
14   32	|	56	0.57	0.93	30	0.31	0.96
14   33	|	9	0.56	0.81	4	0.25	1.00
14   34	|	166	0.66	0.71	54	0.21	1.48
14   35	|	16	0.29	1.61	3	0.05	1.88
14   36	|	80	0.41	1.63	87	0.45	0.55
14   37	|	28	0.18	2.14	43	0.28	0.72
14   38	|	9	0.64	1.14	8	0.57	0.43
14   39	|	10	0.31	2.00	12	0.38	0.63
14   40	|	69	0.27	1.98	28	0.11	1.40
14   41	|	263	0.35	1.73	146	0.20	1.24
14   42	|	47	0.11	2.62	20	0.05	1.56
14   43	|	22	0.21	2.46	10	0.09	1.43
14   44	|	7	0.50	1.50	2	0.14	1.29
14   48	|	19	0.04	3.72	94	0.18	0.82
14   49	|	2	0.02	3.62	19	0.15	0.85
14   50	|	4	0.08	3.69	12	0.25	0.75
14   52	|	4	0.03	3.75	22	0.15	0.85
14   53	|	19	0.06	3.52	14	0.05	1.60

15   1	|	76	1.00	0.00	76	1.00	0.00
15   2	|	5	1.00	0.00	5	1.00	0.00
15   3	|	119	0.96	0.04	83	0.67	0.33
15   5	|	2	0.67	0.67	3	1.00	0.00
15   6	|	3	1.00	0.00	3	1.00	0.00
15   7	|	56	0.98	0.02	25	0.44	0.77
15   9	|	41	0.91	0.16	45	1.00	0.00
15   11	|	4	1.00	0.00	4	1.00	0.00
15   12	|	30	0.81	0.22	28	0.76	0.24
15   13	|	7	0.64	0.45	3	0.27	0.73
15   14	|	7	0.70	0.90	4	0.40	0.60
15   15	|	4	1.00	0.00	2	0.50	0.50
15   22	|	5	0.33	1.27	15	1.00	0.00
15   24	|	1	0.11	1.56	9	1.00	0.00
15   32	|	9	1.00	0.00	6	0.67	0.33
15   33	|	2	1.00	0.00	2	1.00	0.00
15   34	|	28	0.90	0.13	17	0.55	0.61
15   35	|	6	0.86	0.29	2	0.29	0.86
15   36	|	20	0.80	0.32	25	1.00	0.00
15   37	|	7	0.70	0.70	10	1.00	0.00
15   38	|	1	1.00	0.00	1	1.00	0.00
15   40	|	15	0.71	0.33	10	0.48	0.52
15   41	|	50	0.79	0.29	36	0.57	0.43
15   42	|	6	0.60	1.00	7	0.70	0.30
15   43	|	4	0.80	0.20	2	0.40	0.60
15   44	|	2	1.00	0.00	0	0.00	1.00
15   48	|	5	0.42	1.25	12	1.00	0.00
15   49	|	1	1.00	0.00	1	1.00	0.00
15   52	|	2	0.29	2.14	7	1.00	0.00
15   53	|	2	0.29	1.57	1	0.14	0.86

16   1	|	216	0.99	0.02	184	0.84	0.16
16   2	|	18	0.82	0.27	12	0.55	0.45
16   3	|	423	0.91	0.12	238	0.51	0.63
16   4	|	41	0.80	0.27	18	0.35	0.82
16   5	|	17	0.40	1.09	18	0.42	0.58
16   6	|	7	0.58	0.67	9	0.75	0.25
16   7	|	237	0.76	0.32	61	0.20	1.52
16   8	|	58	0.74	0.40	12	0.15	1.73
16   9	|	151	0.52	0.86	132	0.45	0.55
16   10	|	35	0.50	0.90	31	0.44	0.56
16   11	|	10	0.77	0.31	11	0.85	0.15
16   12	|	175	0.41	1.21	75	0.18	1.31
16   13	|	298	0.44	1.06	137	0.20	1.24
16   14	|	41	0.40	1.26	15	0.15	1.26
16   15	|	81	0.37	1.31	37	0.17	1.30
16   16	|	2	0.17	1.58	2	0.17	1.33
16   17	|	1	0.14	1.29	0	0.00	2.71
16   18	|	7	0.14	2.94	6	0.12	1.35
16   22	|	59	0.10	2.48	164	0.28	0.72
16   23	|	210	0.17	2.34	419	0.33	0.67
16   24	|	35	0.11	2.46	78	0.25	0.75
16   28	|	9	0.18	2.49	16	0.33	0.67
16   29	|	1	0.05	2.59	5	0.23	0.77
16   30	|	9	0.17	1.98	4	0.07	1.48
16   32	|	66	0.73	0.33	32	0.36	0.82
16   33	|	40	0.89	0.13	23	0.51	0.60
16   34	|	193	0.65	0.44	58	0.20	1.50
16   35	|	161	0.68	0.46	34	0.14	1.66
16   36	|	115	0.34	1.21	128	0.37	0.63
16   37	|	344	0.56	0.82	315	0.52	0.48
16   38	|	16	0.59	0.74	10	0.37	0.63
16   39	|	21	0.36	1.31	26	0.44	0.56
16   40	|	144	0.32	1.21	53	0.12	1.39
16   41	|	385	0.31	1.36	201	0.16	1.28
16   42	|	496	0.43	1.13	222	0.19	1.22
16   43	|	41	0.25	1.63	22	0.13	1.43
16   44	|	10	0.31	1.38	5	0.16	1.38
16   48	|	75	0.10	2.56	221	0.29	0.71
16   49	|	17	0.13	2.51	48	0.36	0.64
16   50	|	1	0.03	2.86	8	0.22	0.78
16   52	|	47	0.14	2.40	100	0.30	0.70
16   53	|	112	0.15	2.42	58	0.08	1.49

17   1	|	25	0.96	0.04	26	1.00	0.00
17   2	|	5	1.00	0.00	5	1.00	0.00
17   3	|	67	0.97	0.03	47	0.68	0.32
17   4	|	4	1.00	0.00	1	0.25	0.75
17   5	|	1	0.33	0.67	3	1.00	0.00
17   6	|	1	1.00	0.00	1	1.00	0.00
17   7	|	37	0.93	0.10	11	0.28	0.98
17   8	|	5	1.00	0.00	3	0.60	0.60
17   9	|	22	0.73	0.37	30	1.00	0.00
17   10	|	7	0.88	0.13	8	1.00	0.00
17   11	|	4	1.00	0.00	4	1.00	0.00
17   12	|	26	0.57	0.67	21	0.46	0.54
17   13	|	45	0.65	0.59	28	0.41	0.59
17   14	|	9	0.69	0.46	7	0.54	0.46
17   15	|	6	0.60	0.90	7	0.70	0.30
17   17	|	1	0.50	0.50	0	0.00	1.50
17   22	|	10	0.29	1.26	34	1.00	0.00
17   23	|	15	0.24	1.98	62	1.00	0.00
17   24	|	1	0.08	1.83	12	1.00	0.00
17   30	|	1	1.00	0.00	0	0.00	1.00
17   32	|	9	0.90	0.10	5	0.50	0.50
17   33	|	2	0.67	0.67	3	1.00	0.00
17   34	|	33	0.89	0.14	11	0.30	1.05
17   35	|	18	0.90	0.15	7	0.35	0.75
17   36	|	19	0.59	0.69	32	1.00	0.00
17   37	|	31	0.62	0.72	50	1.00	0.00
17   38	|	6	0.75	0.75	8	1.00	0.00
17   39	|	4	0.50	1.13	8	1.00	0.00
17   40	|	14	0.50	0.71	8	0.29	0.71
17   41	|	47	0.50	0.90	37	0.39	0.61
17   42	|	43	0.63	0.65	23	0.34	0.66
17   43	|	3	0.75	0.50	2	0.50	0.50
17   44	|	2	0.67	0.67	2	0.67	0.33
17   48	|	2	0.06	2.23	31	1.00	0.00
17   49	|	4	0.80	0.60	5	1.00	0.00
17   52	|	11	0.61	0.61	18	1.00	0.00
17   53	|	9	0.26	2.03	10	0.29	0.71

18   1	|	70	1.00	0.00	67	0.96	0.04
18   2	|	3	1.00	0.00	3	1.00	0.00
18   3	|	117	0.96	0.06	86	0.70	0.33
18   4	|	8	1.00	0.00	5	0.63	0.38
18   6	|	6	1.00	0.00	6	1.00	0.00
18   7	|	40	0.91	0.09	20	0.45	0.89
18   8	|	1	1.00	0.00	0	0.00	1.00
18   9	|	44	0.81	0.26	50	0.93	0.07
18   10	|	2	0.50	0.75	3	0.75	0.25
18   11	|	6	1.00	0.00	6	1.00	0.00
18   12	|	33	0.75	0.43	24	0.55	0.52
18   13	|	6	0.67	0.67	1	0.11	0.89
18   14	|	10	1.00	0.00	4	0.40	0.70
18   15	|	1	0.33	1.00	0	0.00	1.67
18   16	|	2	1.00	0.00	0	0.00	1.50
18   18	|	1	1.00	0.00	1	1.00	0.00
18   22	|	5	0.29	1.29	15	0.88	0.12
18   23	|	3	0.23	2.00	6	0.46	0.54
18   24	|	1	0.14	1.57	5	0.71	0.29
18   30	|	1	1.00	0.00	0	0.00	1.00
18   32	|	12	1.00	0.00	9	0.75	0.42
18   33	|	1	1.00	0.00	1	1.00	0.00
18   34	|	28	0.97	0.03	11	0.38	0.83
18   35	|	3	1.00	0.00	2	0.67	0.33
18   36	|	19	0.76	0.36	20	0.80	0.20
18   37	|	5	0.56	0.78	7	0.78	0.22
18   38	|	1	0.50	1.00	1	0.50	0.50
18   39	|	2	1.00	0.00	2	1.00	0.00
18   40	|	19	0.83	0.26	12	0.52	0.61
18   41	|	78	0.74	0.47	45	0.42	0.68
18   42	|	7	0.39	1.28	6	0.33	0.78
18   43	|	3	0.38	1.13	5	0.63	0.38
18   44	|	1	1.00	0.00	1	1.00	0.00
18   48	|	5	0.38	1.77	7	0.54	0.46
18   49	|	1	0.50	2.50	1	0.50	0.50
18   52	|	2	0.33	1.17	3	0.50	0.50
18   53	|	2	0.20	2.20	2	0.20	1.00

20   1	|	82	0.99	0.01	83	1.00	0.00
20   2	|	2	1.00	0.00	2	1.00	0.00
20   3	|	100	0.94	0.09	75	0.71	0.29
20   4	|	8	1.00	0.00	6	0.75	0.25
20   5	|	1	0.20	1.80	5	1.00	0.00
20   6	|	7	1.00	0.00	7	1.00	0.00
20   7	|	56	0.85	0.18	22	0.33	0.91
20   8	|	1	1.00	0.00	0	0.00	2.00
20   9	|	64	0.88	0.22	73	1.00	0.00
20   10	|	1	1.00	0.00	1	1.00	0.00
20   11	|	4	1.00	0.00	4	1.00	0.00
20   12	|	73	0.70	0.66	61	0.58	0.42
20   13	|	6	0.22	2.04	6	0.22	0.78
20   14	|	13	0.68	0.58	9	0.47	0.53
20   15	|	10	0.37	1.44	7	0.26	0.74
20   16	|	2	1.00	0.00	2	1.00	0.00
20   17	|	3	1.00	0.00	2	0.67	0.67
20   18	|	5	0.83	0.17	6	1.00	0.00
20   22	|	16	0.23	2.48	71	1.00	0.00
20   23	|	5	0.08	2.89	64	1.00	0.00
20   24	|	7	0.19	2.42	36	1.00	0.00
20   30	|	1	0.33	2.00	1	0.33	0.67
20   31	|	27	0.93	0.24	22	0.76	0.24
20   32	|	17	0.81	0.33	14	0.67	0.33
20   33	|	2	0.67	0.33	3	1.00	0.00
20   34	|	34	0.74	0.41	14	0.30	0.93
20   35	|	4	0.36	0.73	2	0.18	1.09
20   36	|	34	0.71	0.67	48	1.00	0.00
20   37	|	18	0.46	1.15	39	1.00	0.00
20   38	|	6	0.86	0.29	7	1.00	0.00
20   39	|	8	0.67	0.58	12	1.00	0.00
20   40	|	44	0.59	0.91	32	0.43	0.57
20   41	|	97	0.50	1.08	72	0.37	0.63
20   42	|	32	0.34	1.46	36	0.39	0.61
20   43	|	8	0.35	1.52	8	0.35	0.65
20   44	|	5	0.71	0.71	4	0.57	0.43
20   48	|	15	0.12	2.82	130	1.00	0.00
20   49	|	2	0.03	2.90	59	1.00	0.00
20   50	|	1	0.04	2.91	23	1.00	0.00
20   52	|	4	0.13	2.91	32	1.00	0.00
20   53	|	16	0.13	2.89	22	0.18	0.82

21   1	|	709	0.98	0.02	724	1.00	0.00
21   2	|	37	0.97	0.03	38	1.00	0.00
21   3	|	1161	0.95	0.07	910	0.74	0.26
21   4	|	37	0.90	0.15	24	0.59	0.41
21   5	|	27	0.75	0.61	36	1.00	0.00
21   6	|	69	0.97	0.08	71	1.00	0.00
21   7	|	441	0.89	0.15	185	0.37	0.86
21   8	|	11	0.85	0.23	2	0.15	1.31
21   9	|	604	0.86	0.23	699	1.00	0.00
21   10	|	14	0.61	0.87	23	1.00	0.00
21   11	|	49	0.96	0.06	51	1.00	0.00
21   12	|	583	0.81	0.36	487	0.67	0.33
21   13	|	55	0.42	1.29	28	0.22	0.78
21   14	|	68	0.75	0.51	42	0.46	0.54
21   15	|	43	0.44	1.31	39	0.40	0.60
21   16	|	8	0.89	0.22	2	0.22	0.78
21   17	|	4	0.80	0.60	2	0.40	0.80
21   18	|	25	0.45	1.64	28	0.50	0.50
21   22	|	115	0.38	1.76	301	1.00	0.00
21   23	|	18	0.06	2.98	282	1.00	0.00
21   24	|	37	0.27	2.07	136	1.00	0.00
21   28	|	5	0.25	1.95	20	1.00	0.00
21   29	|	4	0.40	1.40	10	1.00	0.00
21   30	|	9	0.33	2.37	3	0.11	0.89
21   31	|	206	0.91	0.17	154	0.68	0.36
21   32	|	125	0.83	0.21	108	0.72	0.28
21   33	|	11	0.85	0.31	11	0.85	0.15
21   34	|	251	0.79	0.28	112	0.35	0.87
21   35	|	35	0.52	0.76	17	0.25	1.12
21   36	|	245	0.74	0.50	333	1.00	0.00
21   37	|	72	0.48	1.07	150	1.00	0.00
21   38	|	59	0.97	0.07	61	1.00	0.00
21   39	|	38	0.67	0.68	57	1.00	0.00
21   40	|	334	0.72	0.50	247	0.53	0.47
21   41	|	684	0.64	0.71	540	0.51	0.49
21   42	|	102	0.26	1.66	117	0.29	0.71
21   43	|	71	0.50	1.05	54	0.38	0.62
21   44	|	28	0.76	0.51	20	0.54	0.46
21   48	|	88	0.18	2.55	483	1.00	0.00
21   49	|	11	0.05	2.96	225	1.00	0.00
21   50	|	29	0.22	2.50	131	1.00	0.00
21   52	|	15	0.10	2.95	143	1.00	0.00
21   53	|	36	0.09	2.96	79	0.20	0.80

22   1	|	184	0.91	0.19	147	0.73	0.27
22   2	|	15	0.94	0.06	12	0.75	0.25
22   3	|	329	0.79	0.34	183	0.44	0.76
22   4	|	9	0.60	0.80	3	0.20	1.13
22   5	|	12	0.32	1.73	12	0.32	0.68
22   6	|	7	0.64	1.00	7	0.64	0.36
22   7	|	153	0.52	0.82	46	0.16	1.75
22   8	|	8	0.32	1.52	5	0.20	1.60
22   9	|	154	0.47	1.22	148	0.45	0.55
22   10	|	7	0.19	2.11	6	0.17	0.83
22   11	|	16	0.84	0.26	15	0.79	0.21
22   12	|	194	0.34	1.57	91	0.16	1.32
22   13	|	54	0.14	2.12	38	0.10	1.41
22   14	|	30	0.29	1.62	13	0.13	1.37
22   15	|	52	0.19	2.10	35	0.12	1.35
22   16	|	1	0.13	2.13	0	0.00	1.75
22   17	|	2	0.25	1.25	0	0.00	2.50
22   18	|	21	0.18	2.93	16	0.14	1.33
22   22	|	55	0.08	3.06	180	0.25	0.75
22   23	|	45	0.03	3.23	331	0.22	0.78
22   24	|	40	0.09	3.04	112	0.24	0.76
22   28	|	2	0.04	3.36	11	0.23	0.77
22   29	|	3	0.13	3.22	5	0.22	0.78
22   30	|	2	0.03	3.15	3	0.05	1.54
22   31	|	52	0.34	1.98	30	0.20	1.09
22   32	|	84	0.55	0.77	37	0.24	1.06
22   33	|	11	0.38	1.07	9	0.31	0.79
22   34	|	118	0.41	1.01	17	0.06	1.92
22   35	|	50	0.30	1.23	9	0.05	1.92
22   36	|	108	0.28	1.73	123	0.32	0.68
22   37	|	108	0.20	1.84	163	0.30	0.70
22   38	|	18	0.53	1.18	17	0.50	0.50
22   39	|	22	0.21	1.85	34	0.33	0.67
22   40	|	119	0.24	2.01	69	0.14	1.38
22   41	|	274	0.22	1.84	150	0.12	1.38
22   42	|	252	0.15	2.10	162	0.10	1.44
22   43	|	51	0.15	2.12	32	0.09	1.45
22   44	|	17	0.31	1.85	3	0.05	1.55
22   48	|	106	0.05	3.24	537	0.23	0.77
22   49	|	67	0.04	3.23	346	0.22	0.78
22   50	|	33	0.06	2.98	141	0.24	0.76
22   52	|	46	0.06	3.19	150	0.21	0.79
22   53	|	107	0.06	3.15	117	0.06	1.56

23   1	|	293	0.87	0.16	257	0.76	0.24
23   2	|	20	0.80	0.36	17	0.68	0.32
23   3	|	503	0.70	0.42	276	0.39	0.86
23   4	|	23	0.70	0.52	12	0.36	0.91
23   5	|	12	0.30	1.73	11	0.28	0.73
23   6	|	33	0.75	0.66	26	0.59	0.41
23   7	|	286	0.53	0.72	72	0.13	1.71
23   8	|	11	0.35	1.23	2	0.06	1.97
23   9	|	280	0.55	1.00	267	0.52	0.48
23   10	|	7	0.21	2.06	6	0.18	0.82
23   11	|	33	0.87	0.29	27	0.71	0.29
23   12	|	289	0.42	1.31	153	0.22	1.26
23   13	|	76	0.16	2.01	32	0.07	1.57
23   14	|	31	0.31	1.50	13	0.13	1.46
23   15	|	33	0.17	2.09	10	0.05	1.52
23   16	|	9	0.64	0.86	1	0.07	1.21
23   18	|	6	0.14	2.84	4	0.09	1.44
23   22	|	71	0.07	3.08	177	0.18	0.82
23   23	|	26	0.03	3.13	128	0.16	0.84
23   24	|	20	0.08	2.92	48	0.18	0.82
23   28	|	3	0.05	3.12	18	0.28	0.72
23   29	|	3	0.10	3.14	8	0.28	0.72
23   30	|	7	0.07	3.18	4	0.04	1.62
23   31	|	79	0.46	1.38	48	0.28	0.96
23   32	|	100	0.48	0.74	26	0.12	1.38
23   33	|	9	0.47	1.05	2	0.11	1.21
23   34	|	257	0.44	0.84	56	0.10	1.93
23   35	|	44	0.33	1.17	11	0.08	1.89
23   36	|	151	0.29	1.61	169	0.32	0.68
23   37	|	24	0.10	2.02	46	0.19	0.81
23   38	|	21	0.64	0.67	20	0.61	0.39
23   39	|	12	0.20	1.95	16	0.27	0.73
23   40	|	208	0.31	1.68	95	0.14	1.37
23   41	|	443	0.24	1.78	221	0.12	1.41
23   42	|	30	0.13	1.99	13	0.06	1.56
23   43	|	11	0.22	1.90	7	0.14	1.39
23   44	|	11	0.38	1.62	5	0.17	1.21
23   48	|	14	0.06	3.14	35	0.15	0.85
23   52	|	9	0.04	3.24	35	0.16	0.84
23   53	|	20	0.05	3.22	10	0.03	1.68

24   1	|	141	0.88	0.20	160	1.00	0.00
24   2	|	7	0.88	0.25	8	1.00	0.00
24   3	|	178	0.62	0.82	164	0.57	0.43
24   4	|	6	0.46	1.23	5	0.38	0.62
24   5	|	7	0.37	2.11	19	1.00	0.00
24   6	|	9	0.75	0.83	12	1.00	0.00
24   7	|	100	0.46	1.24	42	0.19	1.20
24   9	|	99	0.49	1.62	202	1.00	0.00
24   10	|	3	0.16	2.63	19	1.00	0.00
24   11	|	5	0.63	1.00	8	1.00	0.00
24   12	|	90	0.30	2.26	104	0.35	0.65
24   13	|	18	0.06	3.01	79	0.26	0.74
24   14	|	13	0.21	2.44	19	0.30	0.70
24   15	|	11	0.13	2.87	19	0.22	0.78
24   16	|	2	0.20	2.40	3	0.30	0.70
24   17	|	2	0.13	2.73	1	0.07	1.73
24   18	|	1	0.04	3.75	9	0.32	0.68
24   22	|	16	0.04	3.99	378	1.00	0.00
24   23	|	5	0.01	4.14	445	1.00	0.00
24   24	|	7	0.05	4.09	138	1.00	0.00
24   28	|	1	0.02	4.12	41	1.00	0.00
24   29	|	5	0.42	2.42	12	1.00	0.00
24   30	|	2	0.06	4.30	10	0.30	0.70
24   31	|	31	0.63	0.98	29	0.59	0.41
24   32	|	24	0.35	1.44	47	0.69	0.31
24   33	|	2	0.29	1.57	3	0.43	0.57
24   34	|	63	0.26	1.82	33	0.13	1.31
24   35	|	13	0.16	1.94	8	0.10	1.25
24   36	|	47	0.20	2.45	238	1.00	0.00
24   37	|	14	0.12	3.04	121	1.00	0.00
24   38	|	7	0.39	1.33	18	1.00	0.00
24   39	|	2	0.10	2.86	21	1.00	0.00
24   40	|	70	0.21	2.68	98	0.29	0.71
24   41	|	119	0.13	2.76	248	0.27	0.73
24   42	|	12	0.07	3.14	51	0.30	0.70
24   43	|	4	0.14	2.96	8	0.29	0.71
24   44	|	5	0.29	2.29	2	0.12	0.88
24   52	|	1	0.01	4.18	91	1.00	0.00
24   53	|	5	0.03	4.16	28	0.19	0.81

25   1	|	63	0.98	0.02	64	1.00	0.00
25   2	|	6	1.00	0.00	6	1.00	0.00
25   3	|	87	0.95	0.08	73	0.79	0.21
25   4	|	6	0.75	0.50	5	0.63	0.38
25   5	|	1	0.25	1.25	4	1.00	0.00
25   6	|	4	1.00	0.00	4	1.00	0.00
25   7	|	27	0.84	0.31	13	0.41	0.88
25   8	|	2	1.00	0.00	0	0.00	2.00
25   9	|	42	0.89	0.17	47	1.00	0.00
25   10	|	1	1.00	0.00	1	1.00	0.00
25   11	|	2	1.00	0.00	2	1.00	0.00
25   12	|	57	0.77	0.47	41	0.55	0.45
25   13	|	4	0.40	1.40	5	0.50	0.50
25   14	|	10	0.71	0.50	10	0.71	0.29
25   15	|	4	0.40	1.30	6	0.60	0.40
25   17	|	1	1.00	0.00	0	0.00	1.00
25   18	|	1	0.33	3.00	3	1.00	0.00
25   22	|	11	0.37	1.97	30	1.00	0.00
25   23	|	11	0.26	2.31	42	1.00	0.00
25   24	|	2	0.10	2.57	21	1.00	0.00
25   28	|	1	0.33	2.67	3	1.00	0.00
25   32	|	7	0.78	0.44	7	0.78	0.22
25   33	|	1	0.50	1.00	2	1.00	0.00
25   34	|	17	0.68	0.56	5	0.20	1.08
25   35	|	4	0.44	1.22	2	0.22	1.00
25   36	|	23	0.70	0.73	33	1.00	0.00
25   37	|	14	0.44	1.25	32	1.00	0.00
25   38	|	4	1.00	0.00	4	1.00	0.00
25   39	|	3	0.50	1.00	6	1.00	0.00
25   40	|	26	0.79	0.48	18	0.55	0.45
25   41	|	52	0.59	0.90	48	0.55	0.45
25   42	|	29	0.35	1.57	34	0.41	0.59
25   43	|	9	0.64	0.64	6	0.43	0.57
25   48	|	9	0.11	2.61	79	1.00	0.00
25   49	|	4	0.09	3.02	44	1.00	0.00
25   50	|	5	0.33	1.87	15	1.00	0.00
25   52	|	6	0.23	2.50	26	1.00	0.00
25   53	|	9	0.12	2.93	17	0.23	0.77

26   1	|	50	0.96	0.06	43	0.83	0.17
26   2	|	3	0.75	0.25	3	0.75	0.25
26   3	|	74	0.76	0.39	47	0.48	0.71
26   5	|	5	1.00	0.00	4	0.80	0.20
26   6	|	2	0.67	0.67	2	0.67	0.33
26   7	|	28	0.60	0.57	13	0.28	1.30
26   8	|	1	0.25	1.00	0	0.00	2.50
26   9	|	35	0.66	0.70	34	0.64	0.36
26   10	|	3	0.60	1.20	3	0.60	0.40
26   11	|	3	1.00	0.00	3	1.00	0.00
26   12	|	55	0.56	1.00	26	0.27	1.12
26   13	|	15	0.24	1.84	5	0.08	1.48
26   14	|	5	0.38	1.92	3	0.23	1.38
26   15	|	11	0.23	2.00	4	0.08	1.33
26   16	|	2	0.67	1.00	0	0.00	1.67
26   18	|	1	0.06	3.44	1	0.06	1.31
26   22	|	14	0.13	2.63	23	0.21	0.79
26   23	|	20	0.08	2.96	41	0.16	0.84
26   24	|	3	0.04	2.86	14	0.17	0.83
26   28	|	2	0.25	2.63	0	0.00	1.00
26   30	|	1	0.08	3.85	0	0.00	1.62
26   32	|	18	0.58	0.61	6	0.19	1.32
26   33	|	4	0.67	0.33	2	0.33	0.83
26   34	|	18	0.32	1.07	7	0.13	1.84
26   35	|	4	0.25	1.06	0	0.00	2.19
26   36	|	26	0.41	1.40	21	0.33	0.67
26   37	|	14	0.19	2.15	21	0.28	0.72
26   38	|	4	1.00	0.00	2	0.50	0.50
26   39	|	7	0.54	0.77	6	0.46	0.54
26   40	|	30	0.43	1.29	12	0.17	1.34
26   41	|	67	0.31	1.60	31	0.15	1.40
26   42	|	31	0.16	1.87	14	0.07	1.51
26   43	|	6	0.14	2.16	1	0.02	1.67
26   44	|	3	0.38	1.25	2	0.25	1.00
26   48	|	15	0.07	3.15	34	0.17	0.83
26   49	|	6	0.18	2.82	7	0.21	0.79
26   52	|	7	0.09	3.24	12	0.16	0.84
26   53	|	20	0.10	2.83	10	0.05	1.66

30   1	|	165	1.00	0.00	165	1.00	0.00
30   2	|	12	1.00	0.00	12	1.00	0.00
30   3	|	245	0.98	0.02	210	0.84	0.16
30   4	|	8	1.00	0.00	6	0.75	0.25
30   5	|	4	1.00	0.00	4	1.00	0.00
30   6	|	12	1.00	0.00	12	1.00	0.00
30   7	|	120	0.95	0.06	63	0.50	0.67
30   8	|	4	1.00	0.00	1	0.25	1.00
30   9	|	163	0.94	0.10	174	1.00	0.00
30   11	|	14	1.00	0.00	14	1.00	0.00
30   12	|	79	0.88	0.18	65	0.72	0.28
30   13	|	13	0.59	0.59	6	0.27	0.73
30   14	|	13	1.00	0.00	5	0.38	0.62
30   15	|	10	0.91	0.09	3	0.27	0.73
30   18	|	2	0.67	1.00	2	0.67	0.33
30   19	|	116	0.66	0.52	42	0.24	1.15
30   20	|	13	0.62	0.62	0	0.00	1.67
30   21	|	6	0.86	0.14	0	0.00	1.57
30   22	|	12	0.52	1.30	23	1.00	0.00
30   23	|	2	0.14	2.14	14	1.00	0.00
30   24	|	5	0.63	0.88	8	1.00	0.00
30   25	|	23	0.46	1.00	18	0.36	0.64
30   26	|	2	0.25	1.63	0	0.00	1.00
30   27	|	4	0.33	1.33	2	0.17	0.83
30   28	|	1	0.50	0.50	2	1.00	0.00
30   29	|	2	1.00	0.00	2	1.00	0.00
30   30	|	1	0.33	1.67	0	0.00	1.00
30   32	|	20	0.95	0.05	17	0.81	0.19
30   33	|	1	1.00	0.00	1	1.00	0.00
30   34	|	56	0.98	0.04	29	0.51	0.63
30   35	|	5	0.71	0.57	2	0.29	1.14
30   36	|	63	0.91	0.14	69	1.00	0.00
30   37	|	8	0.67	0.83	12	1.00	0.00
30   38	|	6	1.00	0.00	6	1.00	0.00
30   39	|	6	1.00	0.00	6	1.00	0.00
30   40	|	42	0.76	0.33	30	0.55	0.45
30   41	|	78	0.67	0.46	64	0.55	0.45
30   42	|	5	0.63	0.63	1	0.13	0.88
30   43	|	7	0.78	0.56	5	0.56	0.44
30   44	|	6	1.00	0.00	3	0.50	0.50
30   45	|	58	0.47	1.02	28	0.23	1.26
30   46	|	5	0.33	1.20	0	0.00	1.60
30   47	|	3	0.60	1.60	1	0.20	1.40
30   48	|	5	0.50	1.20	10	1.00	0.00
30   50	|	2	1.00	0.00	2	1.00	0.00
30   51	|	15	0.33	1.76	15	0.33	0.67
30   53	|	3	0.25	2.17	3	0.25	0.75

31   1	|	287	1.00	0.01	260	0.90	0.10
31   2	|	19	1.00	0.00	17	0.89	0.11
31   3	|	380	0.98	0.02	278	0.72	0.33
31   4	|	5	1.00	0.00	3	0.60	0.80
31   5	|	9	0.90	0.10	8	0.80	0.20
31   6	|	9	1.00	0.00	8	0.89	0.11
31   7	|	195	0.97	0.03	101	0.50	0.71
31   8	|	4	1.00	0.00	1	0.25	1.50
31   9	|	287	0.93	0.08	267	0.87	0.13
31   10	|	4	0.80	0.80	5	1.00	0.00
31   11	|	17	1.00	0.00	13	0.76	0.24
31   12	|	133	0.82	0.32	90	0.55	0.52
31   13	|	18	0.62	0.62	6	0.21	1.07
31   14	|	29	0.83	0.37	10	0.29	0.86
31   15	|	12	0.57	1.10	4	0.19	0.90
31   16	|	1	1.00	0.00	0	0.00	1.00
31   18	|	5	0.83	0.17	3	0.50	0.67
31   19	|	211	0.57	0.78	58	0.16	1.53
31   20	|	17	0.49	0.77	1	0.03	1.80
31   21	|	19	0.73	0.50	2	0.08	1.88
31   22	|	31	0.53	1.22	41	0.71	0.29
31   23	|	4	0.12	2.32	13	0.38	0.62
31   24	|	13	0.30	2.23	26	0.60	0.40
31   25	|	36	0.35	1.86	31	0.30	1.01
31   26	|	5	0.22	2.48	1	0.04	1.43
31   27	|	7	0.32	1.50	2	0.09	1.14
31   29	|	3	1.00	0.00	3	1.00	0.00
31   30	|	1	0.20	2.00	1	0.20	1.40
31   32	|	43	0.98	0.02	32	0.73	0.34
31   34	|	87	0.89	0.12	42	0.43	0.79
31   35	|	10	0.63	0.56	4	0.25	1.06
31   36	|	94	0.86	0.17	93	0.85	0.15
31   37	|	8	0.53	0.80	12	0.80	0.20
31   38	|	13	1.00	0.00	13	1.00	0.00
31   39	|	10	0.91	0.09	9	0.82	0.18
31   40	|	79	0.72	0.53	54	0.50	0.61
31   41	|	167	0.71	0.51	102	0.43	0.73
31   42	|	9	0.30	1.30	4	0.13	1.30
31   43	|	9	0.50	0.67	6	0.33	0.72
31   44	|	6	0.75	0.25	2	0.25	0.88
31   45	|	115	0.37	1.44	34	0.11	1.86
31   46	|	22	0.41	1.48	3	0.06	1.93
31   47	|	9	0.53	1.06	2	0.12	1.65
31   48	|	6	0.14	2.72	17	0.40	0.60
31   50	|	3	0.60	1.60	3	0.60	0.40
31   51	|	27	0.19	2.44	20	0.14	1.24
31   52	|	3	0.21	3.00	7	0.50	0.50
31   53	|	4	0.09	2.91	4	0.09	1.41

32   1	|	211	0.99	0.01	213	1.00	0.00
32   2	|	9	1.00	0.00	9	1.00	0.00
32   3	|	280	0.99	0.01	230	0.81	0.19
32   4	|	13	1.00	0.00	11	0.85	0.15
32   5	|	5	0.83	0.33	6	1.00	0.00
32   6	|	8	0.89	0.56	9	1.00	0.00
32   7	|	139	0.95	0.12	72	0.49	0.67
32   8	|	2	1.00	0.00	0	0.00	1.50
32   9	|	214	0.95	0.10	225	1.00	0.00
32   11	|	10	1.00	0.00	10	1.00	0.00
32   12	|	118	0.83	0.39	93	0.65	0.35
32   13	|	14	0.67	0.81	5	0.24	0.76
32   14	|	24	0.92	0.15	12	0.46	0.54
32   15	|	5	0.50	1.30	6	0.60	0.40
32   16	|	2	1.00	0.00	2	1.00	0.00
32   18	|	2	0.50	1.25	1	0.25	0.75
32   19	|	142	0.55	1.11	50	0.19	1.24
32   20	|	15	0.50	1.27	0	0.00	1.73
32   21	|	14	0.64	1.32	4	0.18	1.23
32   22	|	19	0.43	1.68	44	1.00	0.00
32   24	|	12	0.52	1.39	23	1.00	0.00
32   25	|	22	0.44	1.44	16	0.32	0.68
32   26	|	5	0.38	1.92	3	0.23	0.77
32   27	|	8	0.40	1.95	3	0.15	0.85
32   29	|	1	1.00	0.00	1	1.00	0.00
32   30	|	1	0.33	4.00	0	0.00	1.00
32   32	|	38	0.93	0.07	31	0.76	0.24
32   34	|	61	0.92	0.17	34	0.52	0.73
32   35	|	5	0.83	0.17	0	0.00	1.17
32   36	|	71	0.86	0.29	83	1.00	0.00
32   37	|	10	0.63	1.06	16	1.00	0.00
32   38	|	6	1.00	0.00	6	1.00	0.00
32   39	|	11	0.92	0.17	12	1.00	0.00
32   40	|	67	0.80	0.39	56	0.67	0.33
32   41	|	108	0.70	0.68	79	0.51	0.49
32   42	|	9	0.31	2.10	9	0.31	0.69
32   43	|	8	0.73	0.91	2	0.18	0.82
32   44	|	2	0.67	1.33	2	0.67	0.33
32   45	|	75	0.33	1.85	31	0.14	1.35
32   46	|	7	0.22	2.13	1	0.03	1.53
32   47	|	10	0.50	1.10	1	0.05	1.50
32   48	|	5	0.25	2.65	20	1.00	0.00
32   49	|	2	0.22	3.44	9	1.00	0.00
32   50	|	1	0.10	3.70	10	1.00	0.00
32   51	|	12	0.11	3.16	18	0.17	0.83
32   52	|	4	0.24	3.18	17	1.00	0.00
32   53	|	4	0.11	3.75	11	0.31	0.69

33   1	|	45	0.96	0.06	47	1.00	0.00
33   2	|	5	1.00	0.00	5	1.00	0.00
33   3	|	73	1.00	0.00	57	0.78	0.22
33   4	|	2	1.00	0.00	2	1.00	0.00
33   5	|	1	0.50	1.00	2	1.00	0.00
33   6	|	4	1.00	0.00	4	1.00	0.00
33   7	|	39	0.87	0.29	26	0.58	0.62
33   8	|	1	1.00	0.00	0	0.00	2.00
33   9	|	49	0.94	0.10	52	1.00	0.00
33   11	|	3	0.75	0.50	4	1.00	0.00
33   12	|	18	0.64	1.00	16	0.57	0.43
33   13	|	4	0.33	2.00	1	0.08	0.92
33   14	|	7	0.78	0.67	4	0.44	0.56
33   15	|	2	0.29	2.29	4	0.57	0.43
33   16	|	1	1.00	0.00	1	1.00	0.00
33   19	|	27	0.28	1.96	12	0.12	1.48
33   20	|	3	0.23	2.69	0	0.00	1.77
33   21	|	3	0.75	0.75	0	0.00	1.50
33   22	|	2	0.15	3.23	13	1.00	0.00
33   24	|	3	0.25	2.92	12	1.00	0.00
33   25	|	3	0.12	3.50	9	0.35	0.65
33   27	|	1	0.25	1.75	1	0.25	0.75
33   30	|	1	0.50	3.50	0	0.00	1.00
33   32	|	6	0.75	0.63	4	0.50	0.50
33   34	|	11	0.61	0.83	5	0.28	1.00
33   35	|	1	0.50	1.50	0	0.00	1.00
33   36	|	24	0.80	0.47	30	1.00	0.00
33   37	|	4	0.57	0.86	7	1.00	0.00
33   39	|	2	1.00	0.00	2	1.00	0.00
33   40	|	15	0.71	0.62	13	0.62	0.38
33   41	|	24	0.45	1.68	25	0.47	0.53
33   42	|	1	0.08	3.08	3	0.23	0.77
33   43	|	1	0.20	2.20	1	0.20	0.80
33   44	|	2	1.00	0.00	1	0.50	0.50
33   45	|	28	0.22	2.54	15	0.12	1.45
33   46	|	5	0.16	2.42	3	0.10	1.52
33   47	|	5	0.45	1.27	0	0.00	1.73
33   51	|	4	0.06	3.86	10	0.16	0.84
33   52	|	1	0.11	4.44	9	1.00	0.00
33   53	|	2	0.09	3.50	5	0.23	0.77

34   1	|	1	1.00	0.00	1	1.00	0.00
34   3	|	4	1.00	0.00	3	0.75	0.25
34   7	|	4	1.00	0.00	0	0.00	1.25
34   9	|	3	1.00	0.00	3	1.00	0.00
34   12	|	4	0.50	0.75	2	0.25	1.25
34   14	|	1	1.00	0.00	1	1.00	0.00
34   15	|	1	0.50	1.50	0	0.00	1.50
34   19	|	11	0.37	1.53	3	0.10	1.93
34   22	|	1	0.08	2.83	1	0.08	0.92
34   23	|	2	0.17	2.92	0	0.00	1.00
34   25	|	1	0.08	2.54	1	0.08	1.54
34   27	|	1	1.00	0.00	0	0.00	2.00
34   30	|	1	0.33	1.67	0	0.00	2.00
34   32	|	1	0.50	1.50	1	0.50	0.50
34   34	|	1	0.33	1.33	0	0.00	1.33
34   35	|	2	1.00	0.00	1	0.50	1.00
34   36	|	1	1.00	0.00	1	1.00	0.00
34   37	|	1	1.00	0.00	0	0.00	1.00
34   40	|	4	1.00	0.00	0	0.00	1.00
34   41	|	6	0.46	0.92	6	0.46	0.92
34   42	|	2	0.22	1.67	1	0.11	1.67
34   45	|	4	0.07	2.04	0	0.00	2.60
34   46	|	3	0.27	2.00	0	0.00	2.64
34   48	|	1	0.06	3.19	4	0.25	0.75
34   51	|	2	0.08	3.04	2	0.08	1.54

35   1	|	25	1.00	0.00	22	0.88	0.12
35   3	|	41	0.93	0.07	27	0.61	0.48
35   4	|	3	1.00	0.00	2	0.67	0.33
35   5	|	1	1.00	0.00	0	0.00	1.00
35   6	|	1	1.00	0.00	1	1.00	0.00
35   7	|	56	0.88	0.14	34	0.53	0.84
35   8	|	2	0.67	0.33	0	0.00	1.33
35   9	|	35	0.90	0.15	29	0.74	0.26
35   11	|	4	0.80	0.20	4	0.80	0.20
35   12	|	47	0.65	0.64	41	0.57	0.68
35   13	|	9	0.56	0.81	0	0.00	1.44
35   14	|	12	0.71	0.35	9	0.53	0.76
35   15	|	6	0.75	0.50	1	0.13	1.13
35   18	|	3	0.50	1.17	2	0.33	1.00
35   19	|	76	0.41	1.23	13	0.07	2.04
35   20	|	9	0.32	1.43	1	0.04	2.29
35   21	|	7	0.58	1.25	0	0.00	2.08
35   22	|	16	0.34	1.98	20	0.43	0.57
35   23	|	2	0.04	2.90	10	0.20	0.80
35   24	|	1	0.07	3.00	3	0.20	0.80
35   25	|	8	0.17	2.64	2	0.04	1.55
35   26	|	7	0.26	2.33	0	0.00	1.67
35   27	|	4	0.40	1.90	2	0.20	1.20
35   28	|	1	1.00	0.00	1	1.00	0.00
35   29	|	1	1.00	0.00	0	0.00	1.00
35   32	|	14	0.88	0.13	11	0.69	0.50
35   34	|	25	0.81	0.32	7	0.23	1.55
35   35	|	2	0.67	0.67	1	0.33	1.00
35   36	|	12	0.60	0.95	12	0.60	0.40
35   37	|	3	0.60	0.80	3	0.60	0.40
35   38	|	1	0.33	1.33	1	0.33	0.67
35   39	|	2	0.50	1.00	2	0.50	0.50
35   40	|	25	0.68	0.65	13	0.35	0.97
35   41	|	56	0.55	1.04	34	0.33	1.02
35   42	|	3	0.12	2.16	3	0.12	1.68
35   43	|	3	0.27	1.64	2	0.18	1.45
35   44	|	2	0.67	0.33	1	0.33	1.00
35   45	|	55	0.20	1.92	19	0.07	2.27
35   46	|	16	0.21	1.87	2	0.03	2.34
35   47	|	2	0.12	2.12	0	0.00	2.41
35   48	|	7	0.11	2.95	16	0.24	0.76
35   49	|	1	0.04	3.43	5	0.22	0.78
35   50	|	1	0.13	2.75	2	0.25	0.75
35   51	|	12	0.07	3.06	14	0.08	1.61
35   53	|	4	0.07	3.05	2	0.04	1.70

36   1	|	11	1.00	0.00	9	0.82	0.18
36   2	|	2	1.00	0.00	1	0.50	0.50
36   3	|	17	0.65	0.38	9	0.35	1.38
36   4	|	1	0.33	1.00	1	0.33	2.00
36   7	|	35	0.59	0.61	9	0.15	2.10
36   8	|	1	0.33	1.33	0	0.00	3.00
36   9	|	14	0.47	1.13	9	0.30	1.03
36   10	|	1	0.33	1.33	0	0.00	1.67
36   12	|	16	0.31	1.58	7	0.13	2.02
36   13	|	6	0.14	2.09	1	0.02	2.49
36   15	|	3	0.20	1.93	0	0.00	2.40
36   18	|	2	0.67	0.33	1	0.33	2.00
36   19	|	52	0.14	2.03	6	0.02	3.29
36   20	|	4	0.08	2.18	0	0.00	3.29
36   21	|	1	0.11	2.22	0	0.00	3.33
36   22	|	2	0.03	2.92	2	0.03	1.78
36   23	|	1	0.02	3.45	0	0.00	1.79
36   24	|	1	0.07	3.14	1	0.07	1.79
36   25	|	6	0.04	3.39	2	0.01	2.57
36   32	|	8	0.80	0.20	6	0.60	0.80
36   34	|	13	0.27	1.04	2	0.04	2.79
36   36	|	8	0.24	1.94	3	0.09	1.67
36   37	|	2	0.33	1.83	0	0.00	1.67
36   39	|	3	0.43	1.14	1	0.14	1.29
36   40	|	18	0.23	1.86	7	0.09	2.23
36   41	|	31	0.18	2.02	7	0.04	2.37
36   45	|	6	0.21	2.07	0	0.00	3.29
36   46	|	2	0.33	2.33	0	0.00	3.33

37   1	|	6	1.00	0.00	4	0.67	0.50
37   3	|	12	0.71	0.47	8	0.47	1.06
37   6	|	1	1.00	0.00	1	1.00	0.00
37   7	|	8	0.42	1.16	2	0.11	2.42
37   9	|	4	0.50	0.75	3	0.38	1.13
37   12	|	11	0.22	1.78	4	0.08	2.35
37   13	|	2	0.07	2.60	0	0.00	2.57
37   14	|	4	0.31	2.00	0	0.00	2.46
37   15	|	5	0.38	1.46	0	0.00	2.38
37   16	|	1	1.00	0.00	0	0.00	3.00
37   17	|	2	1.00	0.00	0	0.00	2.50
37   19	|	40	0.15	2.10	3	0.01	3.27
37   20	|	6	0.15	2.17	1	0.03	3.20
37   21	|	6	0.38	1.81	1	0.06	2.75
37   23	|	6	0.02	3.32	5	0.02	1.70
37   24	|	7	0.08	2.97	2	0.02	1.73
37   25	|	3	0.03	3.33	2	0.02	2.41
37   27	|	6	0.14	2.89	0	0.00	2.43
37   32	|	3	0.33	1.22	1	0.11	2.00
37   34	|	13	0.43	0.93	3	0.10	2.53
37   35	|	5	0.45	0.91	0	0.00	3.09
37   36	|	2	0.15	2.38	3	0.23	1.15
37   37	|	3	0.13	2.17	1	0.04	1.70
37   38	|	1	0.50	1.00	1	0.50	1.00
37   39	|	1	0.33	1.00	0	0.00	1.00
37   40	|	10	0.36	1.61	4	0.14	2.04
37   41	|	25	0.16	2.09	3	0.02	2.39
37   42	|	11	0.09	2.10	1	0.01	2.47
37   43	|	4	0.17	2.17	0	0.00	2.50
37   44	|	1	0.50	1.00	0	0.00	2.00
37   45	|	87	0.08	2.36	3	0.00	3.33
37   46	|	23	0.08	2.31	0	0.00	3.43
37   47	|	2	0.03	2.29	1	0.02	3.45
37   48	|	5	0.02	3.27	5	0.02	1.75
37   49	|	1	0.01	3.30	4	0.04	1.70
37   50	|	2	0.04	3.42	1	0.02	1.75
37   51	|	20	0.03	3.33	1	0.00	2.59
37   52	|	2	0.05	3.51	0	0.00	1.59
37   53	|	9	0.04	3.35	2	0.01	2.48

38   1	|	2	0.50	1.75	1	0.25	0.75
38   3	|	11	0.79	0.50	8	0.57	0.57
38   5	|	1	1.00	0.00	0	0.00	1.00
38   7	|	11	0.50	1.00	7	0.32	1.64
38   8	|	1	1.00	0.00	1	1.00	0.00
38   9	|	4	0.44	1.67	4	0.44	0.56
38   11	|	2	1.00	0.00	2	1.00	0.00
38   12	|	9	0.25	2.61	6	0.17	1.44
38   13	|	1	0.06	3.22	0	0.00	1.72
38   19	|	12	0.05	3.25	3	0.01	2.51
38   20	|	1	0.04	3.89	0	0.00	2.48
38   21	|	1	0.25	3.25	0	0.00	2.50
38   22	|	2	0.06	4.00	4	0.11	0.89
38   25	|	2	0.03	4.10	1	0.02	1.73
38   26	|	1	0.03	4.16	2	0.06	1.72
38   30	|	1	0.09	3.27	0	0.00	1.82
38   34	|	4	0.25	2.44	1	0.06	2.44
38   37	|	2	0.50	2.00	1	0.25	0.75
38   40	|	4	0.11	3.20	5	0.14	1.40
38   41	|	7	0.09	3.12	4	0.05	1.65

39   1	|	2	1.00	0.00	1	0.50	0.50
39   3	|	5	1.00	0.00	3	0.60	0.40
39   7	|	6	0.86	0.29	3	0.43	0.86
39   9	|	3	0.75	0.25	4	1.00	0.00
39   12	|	4	0.80	0.40	4	0.80	0.40
39   15	|	1	1.00	0.00	0	0.00	1.00
39   18	|	1	1.00	0.00	0	0.00	1.00
39   19	|	7	0.25	1.79	2	0.07	1.96
39   20	|	1	0.20	2.80	0	0.00	2.60
39   24	|	1	0.33	2.67	0	0.00	1.00
39   26	|	1	0.14	2.57	0	0.00	1.86
39   30	|	1	1.00	0.00	1	1.00	0.00
39   32	|	1	1.00	0.00	0	0.00	1.00
39   34	|	1	1.00	0.00	0	0.00	2.00
39   36	|	1	1.00	0.00	1	1.00	0.00
39   39	|	1	1.00	0.00	1	1.00	0.00
39   40	|	1	1.00	0.00	1	1.00	0.00
39   41	|	3	0.50	1.17	0	0.00	1.50
39   44	|	1	1.00	0.00	0	0.00	1.00
39   45	|	6	0.13	2.21	2	0.04	2.44
39   46	|	2	0.10	1.90	0	0.00	2.20
39   47	|	1	1.00	0.00	0	0.00	1.00
39   48	|	2	0.13	2.94	1	0.06	0.94
39   49	|	1	0.10	3.40	4	0.40	0.60
39   50	|	1	1.00	0.00	0	0.00	1.00
39   51	|	2	0.04	2.93	2	0.04	1.67
39   52	|	1	0.25	2.25	0	0.00	1.00
39   53	|	2	0.22	3.11	1	0.11	1.56

40   1	|	57	1.00	0.00	48	0.84	0.16
40   2	|	2	1.00	0.00	2	1.00	0.00
40   3	|	67	0.97	0.03	42	0.61	0.45
40   4	|	6	1.00	0.00	4	0.67	0.33
40   5	|	3	1.00	0.00	3	1.00	0.00
40   6	|	6	1.00	0.00	6	1.00	0.00
40   7	|	113	0.99	0.01	50	0.44	0.78
40   9	|	52	1.00	0.00	46	0.88	0.12
40   11	|	3	1.00	0.00	3	1.00	0.00
40   12	|	68	0.88	0.21	38	0.49	0.64
40   14	|	18	0.72	0.44	5	0.20	1.16
40   17	|	1	1.00	0.00	1	1.00	0.00
40   18	|	1	1.00	0.00	0	0.00	1.00
40   22	|	21	0.51	1.17	22	0.54	0.46
40   29	|	2	0.67	0.67	1	0.33	0.67
40   32	|	20	1.00	0.00	10	0.50	0.60
40   34	|	46	0.96	0.04	26	0.54	0.83
40   36	|	27	0.75	0.47	24	0.67	0.33
40   37	|	2	0.50	0.75	2	0.50	0.50
40   38	|	1	1.00	0.00	1	1.00	0.00
40   40	|	38	0.79	0.33	18	0.38	0.81
40   41	|	90	0.78	0.36	49	0.42	0.80

41   1	|	96	1.00	0.00	70	0.73	0.33
41   2	|	11	1.00	0.00	7	0.64	0.45
41   3	|	120	0.98	0.02	64	0.52	0.68
41   6	|	2	1.00	0.00	1	0.50	0.50
41   7	|	208	0.95	0.06	91	0.42	1.04
41   9	|	108	0.96	0.09	84	0.74	0.29
41   11	|	9	1.00	0.00	5	0.56	0.67
41   17	|	2	1.00	0.00	0	0.00	2.50
41   18	|	1	1.00	0.00	1	1.00	0.00
41   29	|	2	1.00	0.00	2	1.00	0.00
41   33	|	1	1.00	0.00	0	0.00	2.00
41   36	|	47	0.72	0.46	36	0.55	0.65
41   38	|	4	1.00	0.00	2	0.50	0.50
41   40	|	74	0.73	0.46	31	0.31	1.23
41   44	|	13	0.81	0.31	2	0.13	1.44

42   1	|	75	1.00	0.00	69	0.92	0.08
42   2	|	3	1.00	0.00	2	0.67	0.33
42   3	|	106	0.93	0.08	61	0.54	0.57
42   7	|	174	0.93	0.11	74	0.39	0.91
42   8	|	1	1.00	0.00	1	1.00	0.00
42   9	|	73	0.89	0.15	60	0.73	0.27
42   11	|	9	1.00	0.00	8	0.89	0.11
42   29	|	1	0.50	1.50	1	0.50	0.50
42   30	|	1	0.11	3.56	0	0.00	1.56
42   32	|	32	0.91	0.14	26	0.74	0.34
42   36	|	44	0.66	0.82	41	0.61	0.39
42   38	|	3	1.00	0.00	2	0.67	0.33
42   39	|	2	0.50	1.25	3	0.75	0.25
42   40	|	52	0.59	0.97	29	0.33	0.99

43   1	|	27	1.00	0.00	22	0.81	0.19
43   2	|	1	1.00	0.00	1	1.00	0.00
43   3	|	20	0.87	0.13	13	0.57	0.48
43   5	|	2	0.67	0.67	1	0.33	0.67
43   9	|	31	0.79	0.44	25	0.64	0.36
43   11	|	3	0.75	0.75	2	0.50	0.50
43   44	|	4	0.67	0.33	0	0.00	1.17

44   1	|	17	1.00	0.00	14	0.82	0.24
44   3	|	26	0.93	0.14	15	0.54	0.68
44   4	|	2	1.00	0.00	1	0.50	1.50
44   9	|	13	0.76	0.47	7	0.41	0.88
44   11	|	1	1.00	0.00	1	1.00	0.00
44   14	|	2	0.29	1.71	0	0.00	2.29
44   35	|	1	0.14	1.86	0	0.00	2.86
44   37	|	1	0.10	2.40	1	0.10	1.30
44   44	|	1	0.50	1.50	1	0.50	1.00

45   1	|	6	1.00	0.00	6	1.00	0.00
45   3	|	4	1.00	0.00	4	1.00	0.00
45   9	|	4	1.00	0.00	4	1.00	0.00
45   22	|	1	0.33	1.33	2	0.67	0.33
45   24	|	1	1.00	0.00	0	0.00	1.00
45   34	|	7	1.00	0.00	2	0.29	1.14
45   36	|	1	1.00	0.00	1	1.00	0.00
45   40	|	4	1.00	0.00	3	0.75	0.50
45   41	|	8	0.89	0.22	2	0.22	1.22

46   1	|	18	1.00	0.00	12	0.67	0.33
46   5	|	1	0.50	1.00	0	0.00	1.50
46   11	|	5	1.00	0.00	4	0.80	0.20
46   37	|	12	0.35	1.32	6	0.18	1.47

47   1	|	3	1.00	0.00	3	1.00	0.00
47   3	|	5	1.00	0.00	2	0.40	0.80
47   7	|	6	1.00	0.00	3	0.50	0.83
47   35	|	2	1.00	0.00	0	0.00	2.00
47   37	|	1	0.50	0.50	1	0.50	0.50
47   42	|	1	0.33	1.33	0	0.00	1.33

48   1	|	4	1.00	0.00	4	1.00	0.00
48   3	|	5	0.83	0.33	4	0.67	0.67
48   7	|	9	1.00	0.00	1	0.11	1.33
48   9	|	2	1.00	0.00	1	0.50	0.50
48   12	|	5	0.83	0.50	3	0.50	1.00
48   14	|	1	1.00	0.00	0	0.00	1.00
48   22	|	2	0.67	1.33	2	0.67	0.33
48   40	|	1	0.50	1.00	1	0.50	0.50
48   41	|	7	0.78	0.44	4	0.44	0.67

50   1	|	208	1.00	0.00	176	0.85	0.15
50   2	|	15	1.00	0.00	13	0.87	0.13
50   3	|	270	0.99	0.01	163	0.60	0.49
50   5	|	9	0.90	0.20	6	0.60	0.40
50   6	|	6	1.00	0.00	5	0.83	0.17
50   7	|	145	0.96	0.04	64	0.42	0.96
50   8	|	1	0.50	0.50	0	0.00	2.00
50   9	|	170	0.92	0.14	162	0.88	0.12
50   10	|	3	1.00	0.00	2	0.67	0.33
50   12	|	67	0.71	0.40	31	0.33	0.88
50   14	|	40	0.91	0.11	9	0.20	1.00
50   28	|	2	1.00	0.00	2	1.00	0.00
50   30	|	3	0.50	1.67	0	0.00	1.17
50   32	|	39	1.00	0.00	19	0.49	0.59
50   33	|	2	1.00	0.00	2	1.00	0.00
50   34	|	80	0.87	0.14	24	0.26	1.16
50   36	|	54	0.81	0.30	50	0.75	0.25
50   38	|	7	1.00	0.00	6	0.86	0.14
50   40	|	63	0.70	0.44	31	0.34	0.84
50   43	|	11	0.85	0.23	5	0.38	1.00
50   44	|	9	0.90	0.20	1	0.10	1.00

51   1	|	388	0.98	0.02	272	0.69	0.35
51   2	|	17	0.94	0.06	12	0.67	0.39
51   3	|	516	0.95	0.08	234	0.43	0.81
51   9	|	319	0.83	0.32	236	0.61	0.48
51   10	|	9	0.53	1.29	3	0.18	1.29
51   11	|	43	0.88	0.24	25	0.51	0.63
51   14	|	72	0.66	0.71	14	0.13	1.48
51   29	|	2	0.22	2.00	3	0.33	1.00
51   33	|	5	0.56	0.56	0	0.00	1.78

52   1	|	250	0.97	0.04	231	0.90	0.10
52   2	|	14	1.00	0.00	13	0.93	0.07
52   3	|	327	0.91	0.15	196	0.55	0.57
52   5	|	17	0.74	0.91	14	0.61	0.39
52   9	|	190	0.79	0.50	209	0.87	0.13
52   10	|	6	0.50	1.33	6	0.50	0.50
52   11	|	21	0.95	0.23	16	0.73	0.27
52   18	|	4	0.36	1.73	1	0.09	1.27
52   38	|	8	0.57	1.00	14	1.00	0.00
52   44	|	10	0.67	1.20	4	0.27	1.00

53   1	|	84	0.97	0.08	75	0.86	0.14
53   6	|	1	1.00	0.00	1	1.00	0.00
53   11	|	7	0.88	0.25	6	0.75	0.25
53   16	|	2	0.50	0.75	1	0.25	1.00
53   36	|	36	0.40	1.47	59	0.65	0.35
53   44	|	6	0.75	1.00	0	0.00	1.50

54   1	|	47	0.94	0.10	32	0.64	0.40
54   43	|	3	0.16	2.21	0	0.00	2.21

55   1	|	9	1.00	0.00	4	0.44	0.56
55   3	|	20	0.95	0.05	16	0.76	0.29
55   7	|	11	1.00	0.00	5	0.45	0.82
55   9	|	13	1.00	0.00	11	0.85	0.15
55   11	|	1	1.00	0.00	1	1.00	0.00
55   18	|	1	1.00	0.00	0	0.00	1.00
55   34	|	3	1.00	0.00	0	0.00	1.00
55   52	|	1	1.00	0.00	0	0.00	1.00
55   53	|	1	0.33	1.33	0	0.00	1.33


57   1	|	3	1.00	0.00	3	1.00	0.00
57   8	|	4	1.00	0.00	0	0.00	1.25
57   10	|	1	1.00	0.00	1	1.00	0.00

58   1	|	16	1.00	0.00	11	0.69	0.38
58   3	|	19	0.95	0.05	14	0.70	0.40
58   8	|	2	1.00	0.00	0	0.00	1.50
58   13	|	2	0.67	0.33	2	0.67	0.33
58   14	|	1	1.00	0.00	0	0.00	1.00
58   48	|	1	0.25	1.75	2	0.50	0.75

60   1	|	4	1.00	0.00	4	1.00	0.00
60   2	|	3	1.00	0.00	3	1.00	0.00
60   3	|	4	1.00	0.00	0	0.00	1.00
60   5	|	3	1.00	0.00	3	1.00	0.00
60   6	|	1	1.00	0.00	1	1.00	0.00
60   7	|	1	1.00	0.00	0	0.00	1.00
60   9	|	1	0.50	1.00	2	1.00	0.00
60   12	|	2	0.20	1.40	2	0.20	0.80
60   13	|	5	0.56	0.89	2	0.22	0.78
60   14	|	4	0.57	0.43	4	0.57	0.43
60   17	|	1	1.00	0.00	1	1.00	0.00
60   22	|	3	0.21	2.21	14	1.00	0.00
60   23	|	1	0.04	2.96	23	1.00	0.00
60   28	|	4	0.57	1.57	7	1.00	0.00
60   32	|	2	0.67	0.33	3	1.00	0.00
60   33	|	1	1.00	0.00	1	1.00	0.00
60   34	|	4	0.57	0.86	0	0.00	1.43
60   35	|	2	0.67	0.33	1	0.33	0.67
60   36	|	2	0.29	1.14	7	1.00	0.00
60   37	|	3	0.38	1.00	8	1.00	0.00
60   39	|	1	0.33	1.00	3	1.00	0.00
60   41	|	21	0.38	1.00	11	0.20	0.80
60   42	|	8	0.27	1.43	8	0.27	0.73
60   43	|	4	0.50	1.25	4	0.50	0.50
60   44	|	2	0.67	1.00	1	0.33	0.67
60   48	|	3	0.10	2.73	30	1.00	0.00
60   49	|	1	0.09	2.09	11	1.00	0.00
60   52	|	1	0.09	2.18	11	1.00	0.00
60   53	|	6	0.14	2.32	11	0.25	0.75

61   1	|	2	0.67	0.67	3	1.00	0.00
61   3	|	5	1.00	0.00	4	0.80	0.20
61   4	|	1	1.00	0.00	1	1.00	0.00
61   5	|	4	1.00	0.00	4	1.00	0.00
61   7	|	3	0.50	0.50	1	0.17	1.17
61   9	|	2	0.50	1.25	4	1.00	0.00
61   10	|	1	1.00	0.00	1	1.00	0.00
61   12	|	3	0.38	1.75	1	0.13	0.88
61   13	|	2	0.67	0.67	1	0.33	0.67
61   14	|	1	1.00	0.00	0	0.00	1.00
61   15	|	4	0.80	0.60	3	0.60	0.40
61   18	|	1	0.50	1.50	1	0.50	0.50
61   23	|	4	0.36	1.64	11	1.00	0.00
61   28	|	2	0.50	0.75	4	1.00	0.00
61   30	|	3	0.75	1.00	1	0.25	0.75
61   32	|	1	0.33	1.00	2	0.67	0.33
61   33	|	4	1.00	0.00	4	1.00	0.00
61   34	|	7	0.88	0.13	4	0.50	0.50
61   36	|	3	0.50	0.83	6	1.00	0.00
61   37	|	5	0.71	0.57	7	1.00	0.00
61   39	|	3	1.00	0.00	3	1.00	0.00
61   40	|	1	0.25	1.25	1	0.25	0.75
61   41	|	15	0.35	1.44	14	0.33	0.67
61   42	|	11	0.55	0.85	10	0.50	0.50
61   43	|	2	0.50	0.50	2	0.50	0.50
61   48	|	2	0.06	2.94	32	1.00	0.00
61   49	|	1	0.13	2.88	8	1.00	0.00
61   52	|	4	0.33	2.50	12	1.00	0.00
61   53	|	2	0.09	3.05	5	0.23	0.77

71   1	|	1	1.00	0.00	0	0.00	1.00
71   2	|	1	1.00	0.00	0	0.00	1.00
71   3	|	1	0.33	1.00	1	0.33	0.67
71   4	|	1	1.00	0.00	0	0.00	1.00
71   5	|	1	1.00	0.00	1	1.00	0.00
71   12	|	1	0.25	2.25	2	0.50	0.75
71   13	|	1	0.10	1.90	2	0.20	0.90
71   14	|	4	0.57	1.71	2	0.29	0.86
71   15	|	12	0.80	0.40	3	0.20	0.93
71   18	|	2	0.50	1.50	2	0.50	0.75
71   22	|	6	0.33	2.06	12	0.67	0.33
71   23	|	1	0.06	3.24	10	0.59	0.41
71   24	|	2	0.25	2.38	5	0.63	0.38
71   28	|	1	1.00	0.00	1	1.00	0.00
71   30	|	1	0.25	2.00	1	0.25	0.75
71   32	|	2	1.00	0.00	0	0.00	1.50
71   34	|	1	0.33	0.67	0	0.00	1.33
71   35	|	1	0.50	0.50	0	0.00	2.00
71   36	|	6	0.60	0.60	7	0.70	0.30
71   37	|	3	0.50	1.33	4	0.67	0.33
71   39	|	1	1.00	0.00	1	1.00	0.00
71   40	|	2	0.40	1.00	0	0.00	1.20
71   41	|	13	0.35	1.00	11	0.30	0.89
71   42	|	1	0.09	2.00	0	0.00	1.36
71   43	|	2	0.40	1.40	1	0.20	1.20
71   48	|	1	0.07	3.00	5	0.36	0.64
71   52	|	1	0.17	2.83	4	0.67	0.33
71   53	|	4	0.20	1.95	1	0.05	1.05

72   1	|	1	0.50	1.00	0	0.00	1.00
72   5	|	1	1.00	0.00	1	1.00	0.00
72   8	|	1	1.00	0.00	0	0.00	2.00
72   12	|	3	0.50	1.00	1	0.17	1.00
72   15	|	4	1.00	0.00	1	0.25	0.75
72   22	|	2	0.22	2.22	6	0.67	0.33
72   23	|	2	0.29	2.43	3	0.43	0.57
72   32	|	1	1.00	0.00	0	0.00	1.00
72   33	|	1	1.00	0.00	0	0.00	1.00
72   35	|	2	1.00	0.00	1	0.50	0.50
72   36	|	5	0.63	0.75	5	0.63	0.38
72   38	|	1	1.00	0.00	1	1.00	0.00
72   39	|	1	1.00	0.00	1	1.00	0.00
72   40	|	1	1.00	0.00	0	0.00	1.00
72   41	|	7	0.50	1.29	3	0.21	0.86
72   42	|	3	0.38	1.13	0	0.00	1.50
72   43	|	1	0.33	0.67	0	0.00	1.33
72   44	|	1	1.00	0.00	0	0.00	1.00
72   48	|	1	0.13	2.75	4	0.50	0.50
72   53	|	1	0.17	2.00	3	0.50	0.83

80   1	|	29	0.94	0.10	27	0.87	0.13
80   3	|	41	0.95	0.09	33	0.77	0.26
80   4	|	2	0.67	1.00	2	0.67	0.33
80   7	|	20	0.80	0.20	14	0.56	0.72
80   9	|	30	0.88	0.29	28	0.82	0.18
80   12	|	17	0.71	0.75	11	0.46	0.63
80   13	|	4	0.44	1.56	0	0.00	1.33
80   14	|	6	1.00	0.00	2	0.33	0.67
80   15	|	3	0.50	2.83	1	0.17	1.17
80   19	|	25	0.33	1.97	10	0.13	1.92
80   20	|	5	0.50	1.60	0	0.00	2.20
80   21	|	2	0.67	0.33	0	0.00	1.33
80   22	|	4	0.29	3.07	4	0.29	0.71
80   24	|	1	0.13	3.50	4	0.50	0.50
80   25	|	2	0.13	3.47	1	0.07	1.53
80   27	|	1	0.20	2.40	1	0.20	1.00
80   32	|	3	0.75	1.00	2	0.50	0.50
80   34	|	13	0.81	0.31	6	0.38	1.19
80   35	|	2	0.40	1.40	0	0.00	1.80
80   36	|	8	0.57	1.36	8	0.57	0.43
80   39	|	2	0.67	0.33	2	0.67	0.33
80   40	|	14	0.67	0.95	10	0.48	0.76
80   41	|	22	0.52	1.48	18	0.43	0.90
80   42	|	1	0.06	3.18	1	0.06	1.53
80   44	|	2	1.00	0.00	0	0.00	1.50
80   45	|	7	0.05	3.11	2	0.01	2.34
80   46	|	4	0.08	3.10	0	0.00	2.31
80   47	|	1	0.33	2.00	0	0.00	2.00
80   48	|	2	0.13	4.13	2	0.13	0.87
80   51	|	4	0.05	3.81	3	0.04	1.61
80   53	|	1	0.03	4.21	0	0.00	1.66

81   1	|	19	1.00	0.00	19	1.00	0.00
81   3	|	20	0.95	0.05	19	0.90	0.10
81   6	|	1	1.00	0.00	1	1.00	0.00
81   7	|	10	1.00	0.00	7	0.70	0.40
81   9	|	8	1.00	0.00	8	1.00	0.00
81   11	|	2	1.00	0.00	2	1.00	0.00
81   12	|	10	0.83	0.25	10	0.83	0.17
81   14	|	2	1.00	0.00	1	0.50	0.50
81   15	|	1	1.00	0.00	1	1.00	0.00
81   19	|	8	0.62	0.46	2	0.15	1.31
81   20	|	1	1.00	0.00	0	0.00	1.00
81   22	|	3	1.00	0.00	3	1.00	0.00
81   25	|	2	0.40	2.40	3	0.60	0.40
81   26	|	1	0.50	1.00	1	0.50	0.50
81   32	|	4	1.00	0.00	4	1.00	0.00
81   34	|	7	0.88	0.13	2	0.25	1.00
81   35	|	1	1.00	0.00	1	1.00	0.00
81   38	|	2	1.00	0.00	2	1.00	0.00
81   40	|	3	1.00	0.00	2	0.67	0.33
81   41	|	7	0.70	0.60	9	0.90	0.10
81   43	|	1	1.00	0.00	0	0.00	1.00
81   45	|	3	0.43	1.14	0	0.00	2.00

82   1	|	40	1.00	0.00	36	0.90	0.10
82   3	|	54	0.98	0.02	36	0.65	0.36
82   4	|	3	1.00	0.00	1	0.33	0.67
82   5	|	2	1.00	0.00	1	0.50	0.50
82   6	|	3	1.00	0.00	3	1.00	0.00
82   7	|	18	0.86	0.24	8	0.38	1.00
82   9	|	37	0.88	0.29	31	0.74	0.26
82   11	|	2	0.67	1.33	2	0.67	0.33
82   12	|	17	0.61	0.71	14	0.50	0.75
82   13	|	5	0.63	1.00	0	0.00	1.50
82   14	|	4	0.67	0.50	2	0.33	0.67
82   15	|	1	0.50	1.00	0	0.00	1.50
82   19	|	32	0.40	1.33	6	0.08	1.83
82   20	|	3	0.33	1.33	0	0.00	2.44
82   21	|	2	0.29	2.00	0	0.00	2.00
82   22	|	5	0.24	2.67	11	0.52	0.48
82   23	|	2	0.08	2.79	6	0.25	0.75
82   24	|	1	0.10	3.10	3	0.30	0.70
82   26	|	1	0.14	2.57	0	0.00	1.57
82   27	|	1	0.20	2.60	1	0.20	1.40
82   32	|	4	0.67	0.50	3	0.50	0.50
82   33	|	1	1.00	0.00	1	1.00	0.00
82   34	|	10	0.63	0.63	4	0.25	1.19
82   35	|	2	0.67	0.67	1	0.33	1.67
82   36	|	13	0.68	0.68	14	0.74	0.26
82   37	|	3	0.30	1.80	4	0.40	0.60
82   38	|	1	1.00	0.00	1	1.00	0.00
82   39	|	1	0.50	1.00	2	1.00	0.00
82   40	|	11	0.65	0.82	7	0.41	0.71
82   41	|	22	0.43	1.33	17	0.33	1.06
82   42	|	2	0.10	2.10	1	0.05	1.57
82   43	|	2	0.50	1.00	0	0.00	1.25
82   44	|	1	1.00	0.00	1	1.00	0.00
82   45	|	23	0.21	1.97	4	0.04	2.13
82   46	|	6	0.17	2.00	2	0.06	2.08
82   47	|	5	0.50	1.40	0	0.00	2.20
82   48	|	5	0.14	2.97	11	0.31	0.69
82   49	|	1	0.13	3.13	3	0.38	0.63
82   50	|	1	0.20	3.60	2	0.40	0.60
82   51	|	5	0.06	3.29	3	0.03	1.60
82   53	|	2	0.06	3.42	3	0.10	1.48

83   1	|	11	1.00	0.00	11	1.00	0.00
83   2	|	1	1.00	0.00	1	1.00	0.00
83   3	|	6	1.00	0.00	5	0.83	0.17
83   7	|	8	0.89	0.11	5	0.56	0.56
83   9	|	7	0.88	0.13	8	1.00	0.00
83   12	|	1	1.00	0.00	1	1.00	0.00
83   14	|	2	1.00	0.00	2	1.00	0.00
83   15	|	1	0.50	1.00	0	0.00	1.00
83   19	|	8	0.73	0.45	6	0.55	0.64
83   22	|	1	1.00	0.00	1	1.00	0.00
83   23	|	1	0.25	2.00	4	1.00	0.00
83   25	|	1	0.25	2.00	2	0.50	0.50
83   32	|	1	1.00	0.00	1	1.00	0.00
83   34	|	1	1.00	0.00	1	1.00	0.00
83   36	|	3	1.00	0.00	3	1.00	0.00
83   38	|	1	1.00	0.00	1	1.00	0.00
83   39	|	1	1.00	0.00	1	1.00	0.00
83   40	|	2	1.00	0.00	2	1.00	0.00
83   41	|	3	0.50	1.33	1	0.17	0.83
83   45	|	2	0.40	1.20	2	0.40	1.00
83   46	|	1	0.33	1.33	0	0.00	1.33
83   47	|	1	1.00	0.00	1	1.00	0.00
83   51	|	3	0.60	1.80	0	0.00	1.00

84   1	|	11	1.00	0.00	11	1.00	0.00
84   2	|	1	1.00	0.00	1	1.00	0.00
84   3	|	22	0.96	0.04	19	0.83	0.22
84   7	|	8	1.00	0.00	4	0.50	0.63
84   9	|	10	0.91	0.18	9	0.82	0.18
84   12	|	7	1.00	0.00	5	0.71	0.29
84   13	|	3	1.00	0.00	0	0.00	1.00
84   19	|	4	0.36	1.45	0	0.00	2.09
84   20	|	1	0.50	0.50	0	0.00	1.00
84   21	|	1	1.00	0.00	0	0.00	1.00
84   32	|	1	1.00	0.00	0	0.00	1.00
84   34	|	7	1.00	0.00	3	0.43	0.86
84   35	|	1	1.00	0.00	0	0.00	1.00
84   36	|	2	1.00	0.00	2	1.00	0.00
84   37	|	1	0.50	1.00	2	1.00	0.00
84   40	|	6	0.86	0.14	2	0.29	0.86
84   41	|	6	0.60	0.60	3	0.30	0.70
84   45	|	6	0.55	0.73	4	0.36	1.00
84   47	|	1	1.00	0.00	1	1.00	0.00

86   1	|	2	1.00	0.00	2	1.00	0.00
86   3	|	3	1.00	0.00	1	0.33	0.67
86   7	|	6	0.86	0.14	4	0.57	1.00
86   9	|	2	0.40	1.40	2	0.40	1.00
86   12	|	6	0.43	1.64	3	0.21	2.00
86   13	|	4	0.40	1.20	0	0.00	2.50
86   15	|	1	0.50	1.00	0	0.00	2.50
86   19	|	6	0.08	2.17	1	0.01	3.32
86   20	|	1	0.07	2.14	0	0.00	3.57
86   21	|	1	0.33	2.00	0	0.00	3.33
86   22	|	4	0.14	2.61	1	0.04	1.68
86   23	|	2	0.05	3.37	0	0.00	1.88
86   25	|	2	0.04	3.15	0	0.00	2.51
86   32	|	1	0.33	1.33	1	0.33	1.33
86   34	|	1	0.17	1.17	0	0.00	3.00
86   35	|	1	1.00	0.00	0	0.00	3.00
86   36	|	1	0.33	1.67	1	0.33	1.33
86   37	|	1	0.20	1.80	2	0.40	1.20
86   40	|	2	0.20	1.80	1	0.10	2.30
86   41	|	3	0.07	2.57	0	0.00	2.43
86   42	|	1	0.06	2.00	0	0.00	2.56
86   44	|	2	0.50	0.75	0	0.00	2.25
86   45	|	5	0.04	2.44	0	0.00	3.41
86   48	|	1	0.04	3.44	0	0.00	1.84
86   51	|	4	0.05	3.16	0	0.00	2.55

