0   1	|	22	0.69	0.38	32	1.00	0.00
0   2	|	169	0.69	0.36	244	1.00	0.00
0   3	|	25	0.69	0.44	13	0.36	0.64
0   4	|	61	0.75	0.30	63	0.78	0.22
0   5	|	40	0.67	0.40	60	1.00	0.00
0   7	|	19	0.50	0.58	9	0.24	1.05
0   8	|	16	0.76	0.29	3	0.14	1.24
0   9	|	7	0.12	1.39	57	1.00	0.00
0   10	|	70	0.63	0.53	112	1.00	0.00
0   12	|	4	0.12	1.42	6	0.18	0.82
0   13	|	41	0.39	0.93	43	0.41	0.59
0   15	|	18	0.56	0.75	17	0.53	0.47
0   17	|	1	0.50	1.50	0	0.00	2.00
0   22	|	2	0.06	2.68	31	1.00	0.00
0   23	|	13	0.42	1.65	31	1.00	0.00
0   24	|	1	0.17	2.50	6	1.00	0.00
0   30	|	1	0.11	2.22	4	0.44	0.56
0   32	|	5	0.83	0.33	1	0.17	0.83
0   33	|	4	0.67	0.50	4	0.67	0.33
0   34	|	3	0.21	1.14	0	0.00	1.50
0   35	|	15	0.75	0.30	8	0.40	0.90
0   36	|	4	0.19	1.38	21	1.00	0.00
0   37	|	55	0.63	0.53	87	1.00	0.00
0   40	|	8	0.16	1.60	25	0.50	0.50
0   41	|	4	0.05	2.01	26	0.32	0.68
0   43	|	1	0.50	1.00	0	0.00	1.00
0   52	|	3	0.33	1.89	9	1.00	0.00
0   53	|	2	0.20	2.10	2	0.20	0.80

1   1	|	44	1.00	0.00	44	1.00	0.00
1   2	|	319	1.00	0.00	319	1.00	0.00
1   3	|	59	0.91	0.11	27	0.42	0.58
1   4	|	110	1.00	0.00	93	0.85	0.15
1   5	|	88	0.91	0.11	97	1.00	0.00
1   6	|	1	0.50	0.50	2	1.00	0.00
1   7	|	67	0.86	0.18	16	0.21	1.18
1   8	|	25	0.89	0.14	6	0.21	1.11
1   9	|	22	0.23	0.91	94	1.00	0.00
1   10	|	154	0.89	0.16	173	1.00	0.00
1   12	|	23	0.37	1.06	16	0.25	0.75
1   13	|	103	0.59	0.68	72	0.41	0.59
1   14	|	2	0.25	1.75	0	0.00	1.00
1   15	|	56	0.73	0.35	44	0.57	0.43
1   16	|	1	1.00	0.00	1	1.00	0.00
1   17	|	1	1.00	0.00	0	0.00	2.00
1   18	|	1	0.20	2.00	4	0.80	0.20
1   23	|	22	0.42	1.65	52	1.00	0.00
1   28	|	8	0.50	1.13	16	1.00	0.00
1   29	|	1	0.50	2.50	2	1.00	0.00
1   30	|	4	0.44	1.44	4	0.44	0.56
1   32	|	6	0.55	0.64	6	0.55	0.45
1   33	|	12	0.86	0.21	6	0.43	0.57
1   34	|	16	0.62	0.50	4	0.15	1.27
1   35	|	32	0.89	0.19	10	0.28	1.08
1   36	|	4	0.13	1.28	32	1.00	0.00
1   37	|	95	0.87	0.23	109	1.00	0.00
1   40	|	22	0.24	1.15	42	0.46	0.54
1   41	|	30	0.25	1.34	36	0.30	0.70
1   43	|	2	0.40	1.00	0	0.00	1.00
1   52	|	13	0.57	1.04	23	1.00	0.00
1   53	|	3	0.21	2.14	6	0.43	0.57

10   1	|	1067	1.00	0.00	1069	1.00	0.00
10   2	|	106	1.00	0.00	106	1.00	0.00
10   3	|	1882	0.98	0.02	1380	0.72	0.28
10   4	|	70	0.97	0.06	33	0.46	0.54
10   5	|	24	0.77	0.52	31	1.00	0.00
10   6	|	50	0.98	0.04	51	1.00	0.00
10   7	|	748	0.94	0.07	340	0.43	0.76
10   8	|	39	0.95	0.07	18	0.44	0.83
10   9	|	563	0.89	0.17	636	1.00	0.00
10   10	|	18	0.69	0.35	26	1.00	0.00
10   11	|	59	0.98	0.03	60	1.00	0.00
10   12	|	478	0.82	0.30	373	0.64	0.36
10   13	|	133	0.55	0.78	81	0.33	0.67
10   14	|	124	0.83	0.29	50	0.33	0.67
10   15	|	45	0.56	0.78	21	0.26	0.74
10   16	|	11	0.92	0.17	7	0.58	0.42
10   17	|	8	1.00	0.00	3	0.38	0.75
10   18	|	18	0.64	1.07	18	0.64	0.36
10   22	|	97	0.38	1.54	255	1.00	0.00
10   23	|	47	0.17	2.16	274	1.00	0.00
10   24	|	53	0.42	1.19	125	1.00	0.00
10   28	|	4	0.31	1.38	13	1.00	0.00
10   29	|	1	1.00	0.00	1	1.00	0.00
10   30	|	8	0.27	2.00	6	0.20	0.80
10   32	|	182	0.97	0.03	109	0.58	0.42
10   33	|	25	0.89	0.14	18	0.64	0.36
10   34	|	571	0.94	0.07	262	0.43	0.72
10   35	|	68	0.83	0.24	23	0.28	0.99
10   36	|	352	0.79	0.30	448	1.00	0.00
10   37	|	120	0.72	0.52	167	1.00	0.00
10   38	|	50	0.93	0.11	54	1.00	0.00
10   39	|	38	0.83	0.33	46	1.00	0.00
10   40	|	293	0.69	0.47	212	0.50	0.50
10   41	|	943	0.73	0.44	669	0.52	0.48
10   42	|	147	0.59	0.80	94	0.38	0.62
10   43	|	64	0.63	0.66	36	0.36	0.64
10   44	|	32	0.94	0.12	17	0.50	0.50
10   48	|	63	0.29	1.74	215	1.00	0.00
10   49	|	7	0.27	1.88	26	1.00	0.00
10   50	|	2	0.17	2.33	12	1.00	0.00
10   52	|	18	0.21	1.71	85	1.00	0.00
10   53	|	27	0.16	2.17	36	0.21	0.79

11   1	|	1932	1.00	0.01	1745	0.90	0.10
11   2	|	162	0.99	0.01	140	0.86	0.14
11   3	|	3487	0.97	0.04	2185	0.61	0.48
11   4	|	83	0.91	0.11	37	0.41	0.77
11   5	|	48	0.74	0.43	34	0.52	0.48
11   6	|	90	0.99	0.02	76	0.84	0.16
11   7	|	1567	0.92	0.11	530	0.31	1.13
11   8	|	45	0.87	0.19	9	0.17	1.44
11   9	|	1174	0.85	0.23	1105	0.80	0.20
11   10	|	22	0.54	0.80	20	0.49	0.51
11   11	|	110	0.99	0.01	98	0.88	0.12
11   12	|	930	0.76	0.43	566	0.46	0.72
11   13	|	240	0.48	1.02	57	0.11	1.29
11   14	|	219	0.76	0.51	82	0.28	0.99
11   15	|	129	0.52	1.04	25	0.10	1.30
11   16	|	16	0.94	0.12	8	0.47	0.76
11   17	|	13	0.93	0.36	2	0.14	1.50
11   18	|	40	0.51	1.24	22	0.28	1.06
11   22	|	211	0.24	2.03	383	0.44	0.56
11   23	|	108	0.10	2.52	310	0.28	0.72
11   24	|	116	0.24	2.00	192	0.40	0.60
11   28	|	8	0.22	2.19	19	0.53	0.47
11   29	|	5	0.26	1.84	5	0.26	0.74
11   30	|	13	0.19	2.35	4	0.06	1.51
11   32	|	345	0.91	0.14	158	0.42	0.78
11   33	|	40	0.87	0.22	26	0.57	0.59
11   34	|	1198	0.91	0.13	378	0.29	1.20
11   35	|	132	0.78	0.30	28	0.16	1.55
11   36	|	689	0.72	0.46	685	0.72	0.28
11   37	|	197	0.52	0.99	155	0.41	0.59
11   38	|	75	0.86	0.26	64	0.74	0.26
11   39	|	52	0.61	0.76	49	0.58	0.42
11   40	|	600	0.64	0.69	301	0.32	0.94
11   41	|	2024	0.67	0.62	1040	0.34	0.92
11   42	|	307	0.37	1.31	100	0.12	1.36
11   43	|	124	0.55	0.89	35	0.16	1.28
11   44	|	90	0.83	0.29	31	0.29	1.00
11   48	|	156	0.14	2.36	373	0.34	0.66
11   49	|	11	0.08	2.76	31	0.21	0.79
11   50	|	5	0.08	2.89	19	0.31	0.69
11   52	|	32	0.10	2.47	82	0.26	0.74
11   53	|	94	0.12	2.53	53	0.07	1.48

12   1	|	1441	0.99	0.02	1460	1.00	0.00
12   2	|	105	0.99	0.03	106	1.00	0.00
12   3	|	2537	0.96	0.05	1871	0.71	0.29
12   4	|	63	0.89	0.18	38	0.54	0.46
12   5	|	25	0.71	0.46	35	1.00	0.00
12   6	|	51	0.98	0.02	52	1.00	0.00
12   7	|	1067	0.89	0.20	460	0.38	0.84
12   8	|	19	0.58	0.97	6	0.18	1.30
12   9	|	794	0.86	0.30	925	1.00	0.00
12   10	|	12	0.43	1.43	28	1.00	0.00
12   11	|	81	0.98	0.07	83	1.00	0.00
12   12	|	595	0.68	0.75	493	0.56	0.44
12   13	|	122	0.34	1.77	76	0.21	0.79
12   14	|	140	0.66	0.86	81	0.38	0.62
12   15	|	51	0.33	1.86	44	0.29	0.71
12   16	|	10	0.83	0.50	6	0.50	0.50
12   17	|	4	0.33	2.17	0	0.00	1.83
12   18	|	14	0.36	2.41	19	0.49	0.51
12   22	|	137	0.24	2.59	570	1.00	0.00
12   23	|	25	0.03	3.55	782	1.00	0.00
12   24	|	70	0.18	2.92	398	1.00	0.00
12   28	|	4	0.11	3.03	38	1.00	0.00
12   29	|	7	0.50	2.14	14	1.00	0.00
12   30	|	7	0.13	3.62	8	0.15	0.85
12   32	|	213	0.76	0.41	171	0.61	0.39
12   33	|	24	0.77	0.45	21	0.68	0.32
12   34	|	806	0.84	0.31	381	0.40	0.80
12   35	|	57	0.45	1.31	23	0.18	1.17
12   36	|	453	0.69	0.70	654	1.00	0.00
12   37	|	87	0.34	1.82	254	1.00	0.00
12   38	|	48	0.84	0.37	57	1.00	0.00
12   39	|	28	0.47	1.28	60	1.00	0.00
12   40	|	392	0.59	1.01	269	0.41	0.59
12   41	|	1315	0.61	0.94	989	0.46	0.54
12   42	|	120	0.21	2.26	165	0.29	0.71
12   43	|	74	0.36	1.79	59	0.28	0.72
12   44	|	46	0.81	0.42	28	0.49	0.51
12   48	|	70	0.11	3.11	619	1.00	0.00
12   49	|	7	0.06	3.48	118	1.00	0.00
12   50	|	7	0.15	3.31	48	1.00	0.00
12   52	|	5	0.02	3.70	201	1.00	0.00
12   53	|	34	0.06	3.48	119	0.20	0.80

13   1	|	383	0.95	0.09	405	1.00	0.00
13   2	|	25	0.86	0.17	29	1.00	0.00
13   3	|	649	0.89	0.18	501	0.69	0.31
13   4	|	28	0.80	0.31	20	0.57	0.43
13   5	|	8	0.38	1.52	21	1.00	0.00
13   6	|	18	0.78	0.48	23	1.00	0.00
13   7	|	296	0.76	0.42	111	0.29	0.96
13   8	|	15	0.60	1.12	6	0.24	1.08
13   9	|	214	0.66	0.81	325	1.00	0.00
13   10	|	8	0.28	1.69	29	1.00	0.00
13   11	|	18	0.86	0.24	21	1.00	0.00
13   12	|	149	0.42	1.57	152	0.42	0.58
13   13	|	64	0.22	2.17	77	0.27	0.73
13   14	|	43	0.45	1.59	42	0.44	0.56
13   15	|	25	0.20	2.15	41	0.33	0.67
13   16	|	2	0.29	2.14	2	0.29	0.71
13   17	|	1	0.50	0.50	0	0.00	1.00
13   18	|	10	0.32	2.52	10	0.32	0.68
13   22	|	28	0.07	3.34	399	1.00	0.00
13   23	|	16	0.02	3.63	773	1.00	0.00
13   24	|	23	0.08	3.25	285	1.00	0.00
13   28	|	2	0.07	3.47	30	1.00	0.00
13   29	|	1	0.13	3.75	8	1.00	0.00
13   30	|	4	0.11	3.05	7	0.19	0.81
13   32	|	69	0.59	0.74	67	0.57	0.43
13   33	|	13	0.62	0.67	18	0.86	0.14
13   34	|	232	0.62	0.70	135	0.36	0.88
13   35	|	52	0.46	1.13	28	0.25	0.97
13   36	|	122	0.42	1.36	288	1.00	0.00
13   37	|	66	0.29	1.86	231	1.00	0.00
13   38	|	7	0.41	1.53	17	1.00	0.00
13   39	|	9	0.17	2.29	52	1.00	0.00
13   40	|	111	0.36	1.85	87	0.28	0.72
13   41	|	368	0.37	1.70	373	0.37	0.63
13   42	|	94	0.17	2.39	176	0.31	0.69
13   43	|	23	0.19	2.39	37	0.31	0.69
13   44	|	14	0.42	1.55	11	0.33	0.67
13   48	|	20	0.04	3.63	492	1.00	0.00
13   49	|	5	0.05	3.52	109	1.00	0.00
13   50	|	4	0.09	3.38	45	1.00	0.00
13   52	|	7	0.04	3.56	191	1.00	0.00
13   53	|	14	0.04	3.68	64	0.17	0.83

14   1	|	246	0.97	0.05	226	0.89	0.11
14   2	|	8	0.80	0.40	8	0.80	0.20
14   3	|	478	0.89	0.18	272	0.51	0.60
14   4	|	8	0.67	0.75	7	0.58	0.83
14   5	|	8	0.57	1.14	10	0.71	0.29
14   6	|	14	0.88	0.31	9	0.56	0.44
14   7	|	206	0.71	0.62	63	0.22	1.38
14   8	|	1	0.13	2.00	0	0.00	2.25
14   9	|	132	0.60	1.03	131	0.59	0.41
14   10	|	4	0.40	1.50	2	0.20	0.80
14   11	|	15	0.79	0.63	11	0.58	0.42
14   12	|	140	0.42	1.55	84	0.25	1.13
14   13	|	29	0.13	2.57	11	0.05	1.55
14   14	|	32	0.44	1.53	13	0.18	1.26
14   15	|	22	0.20	2.48	7	0.06	1.51
14   16	|	3	0.60	1.20	0	0.00	1.60
14   17	|	2	0.29	2.14	0	0.00	2.86
14   18	|	3	0.09	3.31	3	0.09	1.49
14   22	|	27	0.07	3.34	89	0.23	0.77
14   23	|	19	0.02	3.85	147	0.18	0.82
14   24	|	20	0.07	3.34	70	0.24	0.76
14   28	|	1	0.07	3.60	6	0.40	0.60
14   29	|	2	0.20	2.90	3	0.30	0.70
14   30	|	1	0.05	3.77	0	0.00	1.64
14   32	|	62	0.56	0.94	32	0.29	1.00
14   33	|	10	0.59	0.76	4	0.24	1.00
14   34	|	188	0.66	0.70	61	0.21	1.51
14   35	|	19	0.27	1.66	4	0.06	1.89
14   36	|	100	0.44	1.55	108	0.48	0.52
14   37	|	30	0.16	2.19	50	0.27	0.73
14   38	|	11	0.69	1.00	9	0.56	0.44
14   39	|	12	0.29	2.26	14	0.33	0.67
14   40	|	82	0.27	2.01	37	0.12	1.38
14   41	|	306	0.35	1.76	166	0.19	1.26
14   42	|	62	0.12	2.58	24	0.05	1.55
14   43	|	24	0.20	2.39	11	0.09	1.42
14   44	|	11	0.52	1.29	4	0.19	1.24
14   48	|	25	0.04	3.68	113	0.18	0.82
14   49	|	2	0.01	3.63	24	0.16	0.84
14   50	|	4	0.08	3.67	12	0.24	0.76
14   52	|	4	0.02	3.79	25	0.14	0.86
14   53	|	20	0.06	3.57	16	0.04	1.60

15   1	|	85	1.00	0.00	85	1.00	0.00
15   2	|	6	1.00	0.00	6	1.00	0.00
15   3	|	143	0.97	0.03	100	0.68	0.32
15   5	|	2	0.50	1.00	4	1.00	0.00
15   6	|	4	1.00	0.00	4	1.00	0.00
15   7	|	65	0.98	0.02	28	0.42	0.77
15   9	|	46	0.92	0.14	50	1.00	0.00
15   11	|	4	1.00	0.00	4	1.00	0.00
15   12	|	41	0.82	0.24	38	0.76	0.24
15   13	|	7	0.64	0.45	3	0.27	0.73
15   14	|	9	0.75	0.75	6	0.50	0.50
15   15	|	4	1.00	0.00	2	0.50	0.50
15   22	|	7	0.35	1.20	20	1.00	0.00
15   24	|	2	0.20	1.40	10	1.00	0.00
15   32	|	13	1.00	0.00	9	0.69	0.31
15   33	|	3	1.00	0.00	3	1.00	0.00
15   34	|	34	0.92	0.11	20	0.54	0.59
15   35	|	7	0.88	0.25	2	0.25	0.88
15   36	|	27	0.77	0.31	35	1.00	0.00
15   37	|	9	0.75	0.58	12	1.00	0.00
15   38	|	1	1.00	0.00	1	1.00	0.00
15   40	|	19	0.76	0.28	14	0.56	0.44
15   41	|	56	0.76	0.36	40	0.54	0.46
15   42	|	7	0.54	1.23	8	0.62	0.38
15   43	|	4	0.80	0.20	2	0.40	0.60
15   44	|	2	1.00	0.00	0	0.00	1.00
15   48	|	5	0.31	1.69	16	1.00	0.00
15   49	|	1	0.50	0.50	2	1.00	0.00
15   52	|	2	0.18	2.09	11	1.00	0.00
15   53	|	2	0.22	1.78	1	0.11	0.89

16   1	|	265	0.99	0.01	231	0.86	0.14
16   2	|	25	0.86	0.21	19	0.66	0.34
16   3	|	503	0.90	0.12	283	0.51	0.63
16   4	|	50	0.81	0.27	19	0.31	0.92
16   5	|	20	0.38	1.08	21	0.40	0.60
16   6	|	12	0.67	0.56	13	0.72	0.28
16   7	|	269	0.73	0.35	70	0.19	1.53
16   8	|	68	0.74	0.41	13	0.14	1.77
16   9	|	180	0.53	0.83	155	0.46	0.54
16   10	|	45	0.52	0.83	39	0.45	0.55
16   11	|	12	0.80	0.27	13	0.87	0.13
16   12	|	215	0.41	1.19	94	0.18	1.30
16   13	|	362	0.44	1.06	171	0.21	1.23
16   14	|	48	0.41	1.25	19	0.16	1.25
16   15	|	97	0.37	1.30	43	0.16	1.30
16   16	|	3	0.23	1.46	2	0.15	1.31
16   17	|	1	0.10	1.40	0	0.00	2.40
16   18	|	9	0.16	2.88	7	0.12	1.31
16   22	|	67	0.10	2.50	198	0.29	0.71
16   23	|	242	0.16	2.36	493	0.33	0.67
16   24	|	39	0.11	2.47	91	0.25	0.75
16   28	|	11	0.19	2.39	20	0.34	0.66
16   29	|	3	0.10	2.48	7	0.24	0.76
16   30	|	14	0.19	2.03	6	0.08	1.47
16   32	|	83	0.75	0.31	40	0.36	0.79
16   33	|	47	0.89	0.13	27	0.51	0.58
16   34	|	231	0.63	0.47	67	0.18	1.54
16   35	|	191	0.69	0.44	39	0.14	1.63
16   36	|	141	0.34	1.21	165	0.40	0.60
16   37	|	407	0.56	0.83	368	0.51	0.49
16   38	|	21	0.57	0.76	13	0.35	0.65
16   39	|	27	0.40	1.21	30	0.44	0.56
16   40	|	183	0.34	1.23	65	0.12	1.37
16   41	|	459	0.31	1.35	237	0.16	1.28
16   42	|	574	0.42	1.17	269	0.20	1.22
16   43	|	44	0.23	1.64	25	0.13	1.41
16   44	|	12	0.33	1.31	6	0.17	1.36
16   48	|	88	0.10	2.54	260	0.28	0.72
16   49	|	20	0.12	2.56	59	0.34	0.66
16   50	|	1	0.02	2.82	10	0.23	0.77
16   52	|	58	0.14	2.37	122	0.30	0.70
16   53	|	130	0.15	2.43	79	0.09	1.48

17   1	|	32	0.97	0.03	33	1.00	0.00
17   2	|	5	1.00	0.00	5	1.00	0.00
17   3	|	80	0.96	0.04	55	0.66	0.34
17   4	|	5	1.00	0.00	2	0.40	0.60
17   5	|	1	0.33	0.67	3	1.00	0.00
17   6	|	1	1.00	0.00	1	1.00	0.00
17   7	|	42	0.93	0.09	12	0.27	1.00
17   8	|	5	0.83	0.17	3	0.50	0.67
17   9	|	29	0.74	0.38	39	1.00	0.00
17   10	|	9	0.90	0.10	10	1.00	0.00
17   11	|	4	1.00	0.00	4	1.00	0.00
17   12	|	31	0.56	0.71	24	0.44	0.56
17   13	|	51	0.66	0.58	33	0.43	0.57
17   14	|	9	0.64	0.50	8	0.57	0.43
17   15	|	9	0.47	1.05	12	0.63	0.37
17   17	|	1	0.50	0.50	0	0.00	1.50
17   22	|	12	0.31	1.21	39	1.00	0.00
17   23	|	19	0.25	1.96	76	1.00	0.00
17   24	|	1	0.07	1.86	14	1.00	0.00
17   28	|	1	0.33	0.67	3	1.00	0.00
17   30	|	2	1.00	0.00	1	0.50	0.50
17   32	|	13	0.93	0.07	9	0.64	0.36
17   33	|	3	0.75	0.50	4	1.00	0.00
17   34	|	39	0.91	0.12	11	0.26	1.07
17   35	|	18	0.86	0.19	7	0.33	0.76
17   36	|	23	0.61	0.68	38	1.00	0.00
17   37	|	38	0.64	0.68	59	1.00	0.00
17   38	|	7	0.78	0.67	9	1.00	0.00
17   39	|	4	0.50	1.13	8	1.00	0.00
17   40	|	19	0.53	0.67	10	0.28	0.72
17   41	|	56	0.49	0.89	45	0.39	0.61
17   42	|	50	0.63	0.66	27	0.34	0.66
17   43	|	3	0.60	0.80	2	0.40	0.60
17   44	|	2	0.50	1.00	2	0.50	0.50
17   48	|	2	0.06	2.20	35	1.00	0.00
17   49	|	5	0.63	0.88	8	1.00	0.00
17   52	|	12	0.57	0.90	21	1.00	0.00
17   53	|	10	0.26	1.95	13	0.33	0.67

18   1	|	79	1.00	0.00	76	0.96	0.04
18   2	|	3	1.00	0.00	3	1.00	0.00
18   3	|	141	0.97	0.05	97	0.66	0.36
18   4	|	8	1.00	0.00	5	0.63	0.38
18   5	|	1	0.50	1.00	1	0.50	0.50
18   6	|	6	1.00	0.00	6	1.00	0.00
18   7	|	46	0.92	0.08	22	0.44	0.88
18   8	|	1	1.00	0.00	0	0.00	1.00
18   9	|	48	0.83	0.24	53	0.91	0.09
18   10	|	2	0.50	0.75	3	0.75	0.25
18   11	|	7	1.00	0.00	7	1.00	0.00
18   12	|	36	0.73	0.43	25	0.51	0.55
18   13	|	6	0.67	0.67	1	0.11	0.89
18   14	|	11	1.00	0.00	4	0.36	0.73
18   15	|	1	0.33	1.00	0	0.00	1.67
18   16	|	2	1.00	0.00	0	0.00	1.50
18   17	|	1	1.00	0.00	0	0.00	2.00
18   18	|	2	1.00	0.00	2	1.00	0.00
18   22	|	5	0.26	1.37	17	0.89	0.11
18   23	|	4	0.20	2.10	8	0.40	0.60
18   24	|	2	0.20	1.40	7	0.70	0.30
18   30	|	2	0.67	1.00	0	0.00	1.00
18   32	|	12	0.92	0.08	10	0.77	0.38
18   33	|	1	1.00	0.00	1	1.00	0.00
18   34	|	33	0.97	0.03	13	0.38	0.88
18   35	|	4	1.00	0.00	2	0.50	0.50
18   36	|	28	0.78	0.42	30	0.83	0.17
18   37	|	7	0.64	0.64	9	0.82	0.18
18   38	|	3	0.75	0.50	3	0.75	0.25
18   39	|	4	0.80	0.20	5	1.00	0.00
18   40	|	20	0.83	0.25	12	0.50	0.63
18   41	|	92	0.74	0.48	53	0.43	0.67
18   42	|	7	0.39	1.28	6	0.33	0.78
18   43	|	4	0.36	1.00	7	0.64	0.45
18   44	|	2	1.00	0.00	2	1.00	0.00
18   48	|	6	0.33	1.67	9	0.50	0.50
18   49	|	1	0.50	2.50	1	0.50	0.50
18   52	|	3	0.43	1.00	4	0.57	0.43
18   53	|	2	0.17	2.25	3	0.25	1.00

20   1	|	100	0.99	0.01	101	1.00	0.00
20   2	|	2	1.00	0.00	2	1.00	0.00
20   3	|	122	0.93	0.11	93	0.71	0.29
20   4	|	9	0.90	0.20	8	0.80	0.20
20   5	|	2	0.29	1.57	7	1.00	0.00
20   6	|	10	1.00	0.00	10	1.00	0.00
20   7	|	69	0.83	0.23	31	0.37	0.86
20   8	|	1	1.00	0.00	0	0.00	2.00
20   9	|	77	0.87	0.22	89	1.00	0.00
20   10	|	1	1.00	0.00	1	1.00	0.00
20   11	|	4	1.00	0.00	4	1.00	0.00
20   12	|	90	0.68	0.70	76	0.58	0.42
20   13	|	8	0.22	2.00	8	0.22	0.78
20   14	|	14	0.70	0.55	9	0.45	0.55
20   15	|	10	0.34	1.52	7	0.24	0.76
20   16	|	2	1.00	0.00	2	1.00	0.00
20   17	|	4	1.00	0.00	2	0.50	0.75
20   18	|	5	0.71	0.43	6	0.86	0.14
20   22	|	19	0.23	2.40	82	1.00	0.00
20   23	|	7	0.09	2.89	75	1.00	0.00
20   24	|	9	0.21	2.31	42	1.00	0.00
20   30	|	1	0.25	2.00	1	0.25	0.75
20   31	|	32	0.91	0.23	25	0.71	0.29
20   32	|	18	0.69	0.42	19	0.73	0.27
20   33	|	2	0.67	0.33	3	1.00	0.00
20   34	|	39	0.72	0.43	15	0.28	0.98
20   35	|	4	0.31	0.77	3	0.23	1.00
20   36	|	41	0.67	0.75	61	1.00	0.00
20   37	|	20	0.43	1.30	46	1.00	0.00
20   38	|	7	0.88	0.25	8	1.00	0.00
20   39	|	11	0.73	0.47	15	1.00	0.00
20   40	|	49	0.54	0.98	38	0.42	0.58
20   41	|	118	0.50	1.11	91	0.38	0.62
20   42	|	34	0.31	1.55	43	0.39	0.61
20   43	|	8	0.32	1.48	8	0.32	0.68
20   44	|	5	0.71	0.71	4	0.57	0.43
20   48	|	18	0.12	2.84	154	1.00	0.00
20   49	|	3	0.04	2.84	68	1.00	0.00
20   50	|	2	0.08	2.85	26	1.00	0.00
20   52	|	5	0.13	2.76	38	1.00	0.00
20   53	|	17	0.12	2.99	27	0.19	0.81

21   1	|	842	0.98	0.02	857	1.00	0.00
21   2	|	44	0.98	0.02	45	1.00	0.00
21   3	|	1387	0.95	0.07	1077	0.74	0.26
21   4	|	42	0.89	0.15	27	0.57	0.43
21   5	|	32	0.76	0.55	42	1.00	0.00
21   6	|	82	0.98	0.07	84	1.00	0.00
21   7	|	529	0.89	0.15	228	0.38	0.85
21   8	|	14	0.78	0.28	3	0.17	1.28
21   9	|	719	0.87	0.22	825	1.00	0.00
21   10	|	16	0.57	0.86	28	1.00	0.00
21   11	|	55	0.96	0.05	57	1.00	0.00
21   12	|	705	0.80	0.36	581	0.66	0.34
21   13	|	63	0.38	1.37	36	0.22	0.78
21   14	|	86	0.75	0.50	50	0.43	0.57
21   15	|	49	0.42	1.36	47	0.40	0.60
21   16	|	10	0.91	0.18	4	0.36	0.64
21   17	|	8	0.80	0.40	2	0.20	1.00
21   18	|	27	0.42	1.72	30	0.47	0.53
21   22	|	148	0.39	1.77	379	1.00	0.00
21   23	|	20	0.06	3.02	333	1.00	0.00
21   24	|	51	0.29	2.13	175	1.00	0.00
21   28	|	5	0.19	2.08	26	1.00	0.00
21   29	|	6	0.46	1.31	13	1.00	0.00
21   30	|	10	0.34	2.24	3	0.10	0.90
21   31	|	254	0.89	0.19	187	0.66	0.38
21   32	|	146	0.84	0.19	127	0.73	0.27
21   33	|	15	0.88	0.24	14	0.82	0.18
21   34	|	291	0.79	0.27	132	0.36	0.86
21   35	|	41	0.55	0.70	21	0.28	1.08
21   36	|	297	0.74	0.49	401	1.00	0.00
21   37	|	84	0.46	1.14	184	1.00	0.00
21   38	|	74	0.96	0.06	77	1.00	0.00
21   39	|	43	0.66	0.69	65	1.00	0.00
21   40	|	397	0.72	0.51	293	0.53	0.47
21   41	|	824	0.65	0.69	635	0.50	0.50
21   42	|	118	0.25	1.67	144	0.31	0.69
21   43	|	84	0.50	1.08	66	0.39	0.61
21   44	|	32	0.71	0.64	22	0.49	0.51
21   48	|	112	0.19	2.54	586	1.00	0.00
21   49	|	15	0.06	3.00	268	1.00	0.00
21   50	|	35	0.22	2.53	156	1.00	0.00
21   52	|	16	0.09	2.98	170	1.00	0.00
21   53	|	45	0.09	2.96	91	0.18	0.82

22   1	|	226	0.92	0.17	185	0.75	0.25
22   2	|	17	0.94	0.06	13	0.72	0.28
22   3	|	395	0.79	0.33	225	0.45	0.75
22   4	|	12	0.60	0.80	5	0.25	1.15
22   5	|	15	0.31	1.63	17	0.35	0.65
22   6	|	10	0.67	0.93	10	0.67	0.33
22   7	|	180	0.52	0.78	52	0.15	1.77
22   8	|	8	0.29	1.61	5	0.18	1.68
22   9	|	188	0.47	1.20	179	0.45	0.55
22   10	|	7	0.18	2.13	8	0.20	0.80
22   11	|	18	0.86	0.24	16	0.76	0.24
22   12	|	223	0.33	1.59	105	0.16	1.33
22   13	|	64	0.14	2.11	48	0.10	1.39
22   14	|	37	0.31	1.64	14	0.12	1.40
22   15	|	62	0.18	2.14	44	0.13	1.35
22   16	|	2	0.20	2.20	1	0.10	1.60
22   17	|	2	0.17	1.67	0	0.00	2.58
22   18	|	25	0.17	2.93	20	0.14	1.31
22   22	|	63	0.07	3.07	216	0.25	0.75
22   23	|	51	0.03	3.23	392	0.22	0.78
22   24	|	50	0.09	3.05	131	0.23	0.77
22   28	|	3	0.06	3.23	14	0.26	0.74
22   29	|	3	0.12	3.12	5	0.20	0.80
22   30	|	3	0.04	3.20	5	0.07	1.51
22   31	|	64	0.37	1.88	37	0.21	1.08
22   32	|	94	0.53	0.81	39	0.22	1.07
22   33	|	14	0.40	1.00	12	0.34	0.74
22   34	|	141	0.42	1.01	21	0.06	1.92
22   35	|	61	0.30	1.22	11	0.05	1.93
22   36	|	127	0.28	1.75	150	0.33	0.67
22   37	|	130	0.20	1.84	196	0.30	0.70
22   38	|	20	0.56	1.11	19	0.53	0.47
22   39	|	26	0.21	1.87	40	0.32	0.68
22   40	|	145	0.25	1.97	80	0.14	1.38
22   41	|	338	0.23	1.83	181	0.12	1.39
22   42	|	300	0.15	2.12	188	0.10	1.45
22   43	|	58	0.14	2.15	36	0.09	1.46
22   44	|	24	0.32	1.77	4	0.05	1.51
22   48	|	131	0.05	3.24	645	0.23	0.77
22   49	|	79	0.04	3.22	410	0.22	0.78
22   50	|	39	0.06	2.99	168	0.24	0.76
22   52	|	53	0.06	3.19	187	0.22	0.78
22   53	|	120	0.06	3.18	138	0.06	1.56

23   1	|	345	0.86	0.18	307	0.77	0.23
23   2	|	20	0.80	0.36	17	0.68	0.32
23   3	|	621	0.71	0.40	341	0.39	0.85
23   4	|	24	0.67	0.56	13	0.36	0.92
23   5	|	17	0.33	1.55	15	0.29	0.71
23   6	|	38	0.76	0.66	28	0.56	0.44
23   7	|	334	0.54	0.72	89	0.14	1.71
23   8	|	17	0.43	1.10	4	0.10	1.98
23   9	|	328	0.53	1.04	319	0.52	0.48
23   10	|	9	0.21	1.86	6	0.14	0.86
23   11	|	37	0.84	0.32	30	0.68	0.32
23   12	|	340	0.43	1.32	183	0.23	1.24
23   13	|	98	0.16	2.01	42	0.07	1.55
23   14	|	32	0.27	1.62	14	0.12	1.47
23   15	|	42	0.18	2.07	13	0.06	1.54
23   16	|	10	0.56	1.00	1	0.06	1.39
23   18	|	8	0.16	2.76	7	0.14	1.38
23   22	|	84	0.07	3.07	215	0.19	0.81
23   23	|	31	0.03	3.13	146	0.15	0.85
23   24	|	24	0.08	2.94	57	0.19	0.81
23   28	|	3	0.03	3.22	24	0.27	0.73
23   29	|	3	0.08	3.08	9	0.24	0.76
23   30	|	7	0.06	3.29	5	0.04	1.58
23   31	|	97	0.49	1.33	59	0.30	0.96
23   32	|	113	0.47	0.76	32	0.13	1.36
23   33	|	10	0.40	1.08	4	0.16	1.12
23   34	|	310	0.45	0.84	64	0.09	1.92
23   35	|	51	0.33	1.17	12	0.08	1.94
23   36	|	179	0.29	1.59	212	0.34	0.66
23   37	|	32	0.11	2.02	60	0.21	0.79
23   38	|	26	0.65	0.73	23	0.57	0.43
23   39	|	15	0.21	1.88	19	0.26	0.74
23   40	|	249	0.30	1.68	116	0.14	1.38
23   41	|	538	0.24	1.78	273	0.12	1.41
23   42	|	34	0.12	2.03	14	0.05	1.56
23   43	|	12	0.21	1.89	8	0.14	1.41
23   44	|	12	0.36	1.64	5	0.15	1.24
23   48	|	15	0.06	3.13	43	0.16	0.84
23   52	|	13	0.05	3.24	39	0.15	0.85
23   53	|	24	0.05	3.26	12	0.03	1.70

24   1	|	174	0.88	0.18	197	1.00	0.00
24   2	|	13	0.87	0.20	15	1.00	0.00
24   3	|	230	0.65	0.76	199	0.56	0.44
24   4	|	8	0.53	1.07	7	0.47	0.53
24   5	|	8	0.36	2.09	22	1.00	0.00
24   6	|	11	0.79	0.71	14	1.00	0.00
24   7	|	127	0.47	1.19	53	0.20	1.18
24   9	|	125	0.48	1.62	263	1.00	0.00
24   10	|	3	0.14	2.71	21	1.00	0.00
24   11	|	6	0.67	0.89	9	1.00	0.00
24   12	|	103	0.29	2.31	124	0.35	0.65
24   13	|	24	0.07	3.07	96	0.26	0.74
24   14	|	15	0.18	2.52	25	0.30	0.70
24   15	|	15	0.13	2.96	29	0.25	0.75
24   16	|	2	0.17	2.75	4	0.33	0.67
24   17	|	2	0.13	2.88	1	0.06	1.75
24   18	|	3	0.09	3.68	15	0.44	0.56
24   22	|	21	0.05	4.01	453	1.00	0.00
24   23	|	5	0.01	4.12	533	1.00	0.00
24   24	|	9	0.06	4.03	159	1.00	0.00
24   28	|	1	0.02	4.22	45	1.00	0.00
24   29	|	5	0.36	2.64	14	1.00	0.00
24   30	|	2	0.05	4.23	11	0.26	0.74
24   31	|	40	0.63	0.92	36	0.57	0.44
24   32	|	27	0.36	1.41	52	0.68	0.32
24   33	|	2	0.22	1.78	4	0.44	0.56
24   34	|	76	0.27	1.79	37	0.13	1.31
24   35	|	16	0.16	1.91	12	0.12	1.24
24   36	|	56	0.20	2.44	285	1.00	0.00
24   37	|	15	0.10	3.10	145	1.00	0.00
24   38	|	10	0.38	1.42	26	1.00	0.00
24   39	|	2	0.08	2.80	25	1.00	0.00
24   40	|	80	0.20	2.73	120	0.30	0.70
24   41	|	145	0.13	2.76	301	0.27	0.73
24   42	|	14	0.07	3.14	60	0.30	0.70
24   43	|	7	0.21	2.76	10	0.29	0.71
24   44	|	7	0.29	2.33	4	0.17	0.83
24   52	|	2	0.02	4.16	116	1.00	0.00
24   53	|	5	0.03	4.26	32	0.18	0.82

25   1	|	70	0.99	0.01	71	1.00	0.00
25   2	|	7	1.00	0.00	7	1.00	0.00
25   3	|	108	0.96	0.06	83	0.73	0.27
25   4	|	6	0.75	0.50	5	0.63	0.38
25   5	|	1	0.20	1.40	5	1.00	0.00
25   6	|	5	1.00	0.00	5	1.00	0.00
25   7	|	32	0.80	0.35	14	0.35	0.98
25   8	|	2	1.00	0.00	0	0.00	2.00
25   9	|	50	0.91	0.15	55	1.00	0.00
25   10	|	1	1.00	0.00	1	1.00	0.00
25   11	|	2	1.00	0.00	2	1.00	0.00
25   12	|	65	0.76	0.49	48	0.56	0.44
25   13	|	6	0.50	1.17	6	0.50	0.50
25   14	|	12	0.67	0.67	12	0.67	0.33
25   15	|	5	0.36	1.57	6	0.43	0.57
25   16	|	1	1.00	0.00	1	1.00	0.00
25   17	|	2	1.00	0.00	0	0.00	1.00
25   18	|	1	0.33	3.00	3	1.00	0.00
25   22	|	12	0.35	1.94	34	1.00	0.00
25   23	|	13	0.27	2.31	49	1.00	0.00
25   24	|	3	0.13	2.43	23	1.00	0.00
25   28	|	1	0.33	2.67	3	1.00	0.00
25   32	|	10	0.83	0.33	10	0.83	0.17
25   33	|	1	0.50	1.00	2	1.00	0.00
25   34	|	21	0.72	0.48	9	0.31	0.93
25   35	|	6	0.50	1.17	2	0.17	1.08
25   36	|	24	0.71	0.71	34	1.00	0.00
25   37	|	14	0.41	1.26	34	1.00	0.00
25   38	|	4	1.00	0.00	4	1.00	0.00
25   39	|	3	0.43	1.00	7	1.00	0.00
25   40	|	35	0.80	0.45	24	0.55	0.45
25   41	|	61	0.57	0.94	58	0.54	0.46
25   42	|	31	0.32	1.61	40	0.41	0.59
25   43	|	10	0.59	0.76	6	0.35	0.65
25   48	|	12	0.13	2.55	91	1.00	0.00
25   49	|	4	0.08	3.06	48	1.00	0.00
25   50	|	7	0.37	1.84	19	1.00	0.00
25   52	|	7	0.24	2.45	29	1.00	0.00
25   53	|	10	0.11	2.97	22	0.25	0.75

26   1	|	60	0.97	0.05	52	0.84	0.16
26   2	|	3	0.75	0.25	3	0.75	0.25
26   3	|	85	0.76	0.37	52	0.46	0.71
26   5	|	5	1.00	0.00	4	0.80	0.20
26   6	|	2	0.67	0.67	2	0.67	0.33
26   7	|	37	0.59	0.57	17	0.27	1.33
26   8	|	1	0.20	1.20	0	0.00	2.20
26   9	|	37	0.58	0.92	38	0.59	0.41
26   10	|	3	0.60	1.20	3	0.60	0.40
26   11	|	3	1.00	0.00	3	1.00	0.00
26   12	|	62	0.57	0.99	31	0.28	1.08
26   13	|	16	0.22	1.89	5	0.07	1.49
26   14	|	6	0.32	1.84	3	0.16	1.42
26   15	|	14	0.23	1.95	4	0.07	1.40
26   16	|	2	0.67	1.00	0	0.00	1.67
26   18	|	2	0.11	3.26	2	0.11	1.26
26   22	|	14	0.10	2.74	31	0.22	0.78
26   23	|	22	0.08	2.94	46	0.16	0.84
26   24	|	5	0.05	2.83	19	0.19	0.81
26   28	|	2	0.22	2.56	0	0.00	1.00
26   30	|	1	0.07	3.79	0	0.00	1.64
26   32	|	24	0.59	0.63	10	0.24	1.17
26   33	|	5	0.71	0.29	3	0.43	0.71
26   34	|	23	0.34	1.03	8	0.12	1.82
26   35	|	5	0.25	1.10	0	0.00	2.15
26   36	|	32	0.41	1.48	26	0.33	0.67
26   37	|	20	0.23	2.07	26	0.30	0.70
26   38	|	5	1.00	0.00	3	0.60	0.40
26   39	|	9	0.56	0.94	9	0.56	0.44
26   40	|	34	0.41	1.35	15	0.18	1.31
26   41	|	80	0.32	1.57	36	0.15	1.39
26   42	|	34	0.15	1.93	14	0.06	1.51
26   43	|	7	0.15	2.19	2	0.04	1.63
26   44	|	3	0.33	1.22	2	0.22	1.00
26   48	|	15	0.06	3.19	40	0.16	0.84
26   49	|	6	0.15	2.95	7	0.18	0.82
26   52	|	8	0.08	3.34	15	0.15	0.85
26   53	|	23	0.09	2.88	13	0.05	1.65

30   1	|	203	1.00	0.00	203	1.00	0.00
30   2	|	12	1.00	0.00	12	1.00	0.00
30   3	|	291	0.98	0.02	249	0.84	0.16
30   4	|	9	0.90	0.10	6	0.60	0.40
30   5	|	5	1.00	0.00	5	1.00	0.00
30   6	|	16	1.00	0.00	16	1.00	0.00
30   7	|	142	0.96	0.05	77	0.52	0.64
30   8	|	4	1.00	0.00	1	0.25	1.00
30   9	|	199	0.94	0.09	212	1.00	0.00
30   11	|	16	0.94	0.06	17	1.00	0.00
30   12	|	94	0.87	0.19	80	0.74	0.26
30   13	|	15	0.60	0.60	6	0.24	0.76
30   14	|	17	1.00	0.00	6	0.35	0.65
30   15	|	10	0.83	0.25	3	0.25	0.75
30   18	|	2	0.67	1.00	2	0.67	0.33
30   19	|	136	0.65	0.54	49	0.23	1.18
30   20	|	15	0.60	0.64	0	0.00	1.60
30   21	|	7	0.88	0.13	0	0.00	1.50
30   22	|	17	0.57	1.17	30	1.00	0.00
30   23	|	3	0.18	2.18	17	1.00	0.00
30   24	|	8	0.73	0.64	11	1.00	0.00
30   25	|	25	0.45	1.11	20	0.36	0.64
30   26	|	2	0.25	1.63	0	0.00	1.00
30   27	|	4	0.31	1.54	2	0.15	0.85
30   28	|	2	0.67	0.33	3	1.00	0.00
30   29	|	2	1.00	0.00	2	1.00	0.00
30   30	|	1	0.25	2.00	0	0.00	1.00
30   32	|	26	0.96	0.04	21	0.78	0.22
30   33	|	3	1.00	0.00	1	0.33	0.67
30   34	|	64	0.98	0.03	31	0.48	0.69
30   35	|	6	0.75	0.50	2	0.25	1.13
30   36	|	75	0.93	0.12	81	1.00	0.00
30   37	|	9	0.69	0.77	13	1.00	0.00
30   38	|	8	1.00	0.00	8	1.00	0.00
30   39	|	8	0.80	0.40	10	1.00	0.00
30   40	|	53	0.78	0.29	38	0.56	0.44
30   41	|	95	0.66	0.48	77	0.54	0.46
30   42	|	7	0.70	0.50	2	0.20	0.80
30   43	|	8	0.80	0.50	5	0.50	0.50
30   44	|	8	1.00	0.00	4	0.50	0.50
30   45	|	66	0.48	1.00	32	0.23	1.22
30   46	|	5	0.28	1.50	0	0.00	1.61
30   47	|	3	0.50	1.67	1	0.17	1.50
30   48	|	6	0.46	1.62	13	1.00	0.00
30   50	|	2	1.00	0.00	2	1.00	0.00
30   51	|	16	0.31	1.85	15	0.29	0.71
30   53	|	3	0.20	2.20	4	0.27	0.73

31   1	|	354	1.00	0.01	322	0.91	0.09
31   2	|	20	1.00	0.00	18	0.90	0.10
31   3	|	476	0.98	0.03	353	0.72	0.32
31   4	|	11	1.00	0.00	6	0.55	0.64
31   5	|	11	0.85	0.15	10	0.77	0.23
31   6	|	11	1.00	0.00	10	0.91	0.09
31   7	|	233	0.96	0.04	123	0.51	0.70
31   8	|	4	1.00	0.00	1	0.25	1.50
31   9	|	353	0.94	0.07	331	0.88	0.12
31   10	|	5	0.83	0.67	6	1.00	0.00
31   11	|	22	1.00	0.00	18	0.82	0.18
31   12	|	154	0.83	0.30	105	0.56	0.49
31   13	|	23	0.66	0.54	8	0.23	1.03
31   14	|	35	0.78	0.53	12	0.27	0.89
31   15	|	16	0.64	0.92	5	0.20	0.92
31   16	|	1	1.00	0.00	0	0.00	1.00
31   18	|	5	0.83	0.17	3	0.50	0.67
31   19	|	250	0.57	0.80	73	0.17	1.51
31   20	|	19	0.50	0.74	1	0.03	1.84
31   21	|	23	0.70	0.48	2	0.06	1.88
31   22	|	38	0.54	1.20	49	0.69	0.31
31   23	|	5	0.12	2.46	16	0.39	0.61
31   24	|	15	0.29	2.10	33	0.65	0.35
31   25	|	42	0.34	1.86	36	0.29	1.02
31   26	|	7	0.23	2.30	2	0.07	1.37
31   27	|	7	0.25	1.64	2	0.07	1.14
31   29	|	4	1.00	0.00	4	1.00	0.00
31   30	|	2	0.22	1.89	4	0.44	0.89
31   32	|	52	0.98	0.02	37	0.70	0.38
31   34	|	109	0.89	0.11	51	0.42	0.86
31   35	|	14	0.70	0.45	4	0.20	1.10
31   36	|	112	0.85	0.21	113	0.86	0.14
31   37	|	13	0.65	0.60	16	0.80	0.20
31   38	|	15	1.00	0.00	15	1.00	0.00
31   39	|	12	0.92	0.08	11	0.85	0.15
31   40	|	96	0.73	0.52	68	0.52	0.59
31   41	|	200	0.71	0.52	127	0.45	0.71
31   42	|	11	0.31	1.29	4	0.11	1.31
31   43	|	14	0.61	0.52	8	0.35	0.70
31   44	|	7	0.78	0.22	3	0.33	0.78
31   45	|	136	0.38	1.44	38	0.11	1.87
31   46	|	28	0.41	1.48	5	0.07	1.96
31   47	|	9	0.45	1.35	2	0.10	1.65
31   48	|	9	0.16	2.67	22	0.40	0.60
31   50	|	3	0.43	2.29	4	0.57	0.43
31   51	|	31	0.18	2.47	23	0.13	1.27
31   52	|	3	0.18	3.06	7	0.41	0.59
31   53	|	5	0.09	3.02	4	0.07	1.43

32   1	|	260	0.99	0.01	262	1.00	0.00
32   2	|	13	1.00	0.00	13	1.00	0.00
32   3	|	348	0.98	0.02	291	0.82	0.18
32   4	|	15	1.00	0.00	13	0.87	0.13
32   5	|	5	0.83	0.33	6	1.00	0.00
32   6	|	9	0.90	0.50	10	1.00	0.00
32   7	|	165	0.94	0.12	86	0.49	0.68
32   8	|	3	1.00	0.00	0	0.00	1.67
32   9	|	255	0.95	0.09	268	1.00	0.00
32   11	|	15	1.00	0.00	15	1.00	0.00
32   12	|	148	0.85	0.34	114	0.65	0.35
32   13	|	18	0.60	0.90	5	0.17	0.83
32   14	|	29	0.94	0.13	16	0.52	0.48
32   15	|	6	0.46	1.38	6	0.46	0.54
32   16	|	2	1.00	0.00	2	1.00	0.00
32   18	|	3	0.60	1.00	2	0.40	0.60
32   19	|	166	0.54	1.13	56	0.18	1.25
32   20	|	18	0.50	1.28	0	0.00	1.72
32   21	|	15	0.60	1.56	4	0.16	1.24
32   22	|	25	0.46	1.48	54	1.00	0.00
32   23	|	2	0.04	3.84	49	1.00	0.00
32   24	|	13	0.43	1.80	30	1.00	0.00
32   25	|	27	0.43	1.48	21	0.33	0.67
32   26	|	5	0.38	1.92	3	0.23	0.77
32   27	|	9	0.41	2.14	3	0.14	0.86
32   29	|	1	1.00	0.00	1	1.00	0.00
32   30	|	1	0.33	4.00	0	0.00	1.00
32   32	|	43	0.91	0.09	34	0.72	0.28
32   34	|	76	0.92	0.20	40	0.48	0.73
32   35	|	6	0.86	0.14	1	0.14	1.00
32   36	|	86	0.86	0.31	100	1.00	0.00
32   37	|	11	0.61	1.00	18	1.00	0.00
32   38	|	8	1.00	0.00	8	1.00	0.00
32   39	|	11	0.92	0.17	12	1.00	0.00
32   40	|	79	0.80	0.36	63	0.64	0.36
32   41	|	135	0.70	0.65	93	0.48	0.52
32   42	|	9	0.29	2.26	9	0.29	0.71
32   43	|	10	0.71	1.00	5	0.36	0.64
32   44	|	3	0.75	1.00	3	0.75	0.25
32   45	|	91	0.33	1.83	35	0.13	1.38
32   46	|	9	0.24	2.22	1	0.03	1.51
32   47	|	13	0.54	1.08	4	0.17	1.33
32   48	|	6	0.23	2.88	26	1.00	0.00
32   49	|	2	0.22	3.44	9	1.00	0.00
32   50	|	1	0.10	3.70	10	1.00	0.00
32   51	|	16	0.12	3.23	24	0.18	0.82
32   52	|	5	0.25	2.95	20	1.00	0.00
32   53	|	4	0.09	3.81	13	0.30	0.70

33   1	|	55	0.95	0.07	58	1.00	0.00
33   2	|	5	1.00	0.00	5	1.00	0.00
33   3	|	86	1.00	0.00	69	0.80	0.20
33   4	|	3	1.00	0.00	3	1.00	0.00
33   5	|	1	0.50	1.00	2	1.00	0.00
33   6	|	6	1.00	0.00	6	1.00	0.00
33   7	|	44	0.85	0.29	30	0.58	0.63
33   8	|	1	1.00	0.00	0	0.00	2.00
33   9	|	66	0.94	0.09	70	1.00	0.00
33   11	|	4	0.80	0.40	5	1.00	0.00
33   12	|	23	0.68	0.85	19	0.56	0.44
33   13	|	4	0.33	2.00	1	0.08	0.92
33   14	|	8	0.80	0.60	5	0.50	0.50
33   15	|	4	0.40	1.80	5	0.50	0.50
33   16	|	1	1.00	0.00	1	1.00	0.00
33   19	|	40	0.34	1.75	16	0.13	1.45
33   20	|	4	0.27	2.53	0	0.00	1.80
33   21	|	3	0.75	0.75	0	0.00	1.50
33   22	|	3	0.19	3.00	16	1.00	0.00
33   24	|	4	0.25	3.06	16	1.00	0.00
33   25	|	4	0.13	3.16	12	0.38	0.63
33   27	|	1	0.20	2.40	1	0.20	0.80
33   30	|	1	0.50	3.50	0	0.00	1.00
33   32	|	10	0.83	0.42	8	0.67	0.33
33   34	|	14	0.67	0.71	5	0.24	1.10
33   35	|	1	0.50	1.50	0	0.00	1.00
33   36	|	26	0.81	0.44	32	1.00	0.00
33   37	|	4	0.57	0.86	7	1.00	0.00
33   38	|	1	0.50	0.50	2	1.00	0.00
33   39	|	2	1.00	0.00	2	1.00	0.00
33   40	|	16	0.70	0.61	14	0.61	0.39
33   41	|	29	0.44	1.70	29	0.44	0.56
33   42	|	1	0.08	3.08	3	0.23	0.77
33   43	|	1	0.14	2.43	3	0.43	0.57
33   44	|	2	1.00	0.00	1	0.50	0.50
33   45	|	30	0.20	2.61	16	0.11	1.48
33   46	|	5	0.14	2.67	3	0.08	1.56
33   47	|	5	0.42	1.58	0	0.00	1.75
33   51	|	4	0.05	3.91	13	0.17	0.83
33   52	|	2	0.20	4.00	10	1.00	0.00
33   53	|	2	0.08	3.50	6	0.25	0.75

34   1	|	1	1.00	0.00	1	1.00	0.00
34   3	|	4	1.00	0.00	3	0.75	0.25
34   7	|	7	1.00	0.00	1	0.14	1.29
34   9	|	3	1.00	0.00	3	1.00	0.00
34   12	|	6	0.55	0.64	3	0.27	1.18
34   13	|	1	1.00	0.00	1	1.00	0.00
34   14	|	2	1.00	0.00	2	1.00	0.00
34   15	|	1	0.50	1.50	0	0.00	1.50
34   19	|	12	0.36	1.48	3	0.09	1.94
34   22	|	2	0.13	2.73	4	0.27	0.73
34   23	|	2	0.14	2.93	0	0.00	1.00
34   25	|	1	0.07	2.47	1	0.07	1.53
34   27	|	1	1.00	0.00	0	0.00	2.00
34   30	|	1	0.33	1.67	0	0.00	2.00
34   32	|	1	0.50	1.50	1	0.50	0.50
34   34	|	2	0.50	1.00	0	0.00	1.50
34   35	|	2	1.00	0.00	1	0.50	1.00
34   36	|	1	1.00	0.00	1	1.00	0.00
34   37	|	2	1.00	0.00	1	0.50	0.50
34   40	|	5	1.00	0.00	0	0.00	1.00
34   41	|	12	0.52	0.96	9	0.39	0.96
34   42	|	2	0.18	1.91	1	0.09	1.73
34   45	|	8	0.12	1.96	2	0.03	2.41
34   46	|	3	0.27	2.00	0	0.00	2.64
34   48	|	1	0.06	3.35	4	0.24	0.76
34   51	|	2	0.06	2.89	2	0.06	1.56

35   1	|	29	1.00	0.00	24	0.83	0.17
35   3	|	49	0.91	0.09	32	0.59	0.50
35   4	|	3	1.00	0.00	2	0.67	0.33
35   5	|	1	1.00	0.00	0	0.00	1.00
35   6	|	4	1.00	0.00	4	1.00	0.00
35   7	|	62	0.86	0.15	38	0.53	0.83
35   8	|	2	0.67	0.33	0	0.00	1.33
35   9	|	38	0.88	0.16	32	0.74	0.26
35   11	|	4	0.80	0.20	4	0.80	0.20
35   12	|	53	0.65	0.63	44	0.54	0.69
35   13	|	10	0.53	0.84	0	0.00	1.47
35   14	|	14	0.67	0.57	10	0.48	0.81
35   15	|	6	0.67	0.67	1	0.11	1.11
35   18	|	3	0.50	1.17	2	0.33	1.00
35   19	|	92	0.43	1.17	18	0.08	2.00
35   20	|	9	0.29	1.58	1	0.03	2.32
35   21	|	9	0.64	1.07	0	0.00	1.93
35   22	|	16	0.30	2.09	20	0.38	0.62
35   23	|	2	0.04	2.89	11	0.20	0.80
35   24	|	3	0.16	2.63	4	0.21	0.79
35   25	|	10	0.19	2.57	3	0.06	1.55
35   26	|	8	0.27	2.47	0	0.00	1.67
35   27	|	4	0.31	2.00	2	0.15	1.23
35   28	|	1	1.00	0.00	1	1.00	0.00
35   29	|	1	1.00	0.00	0	0.00	1.00
35   32	|	17	0.89	0.11	13	0.68	0.47
35   34	|	30	0.81	0.30	9	0.24	1.54
35   35	|	5	0.83	0.33	1	0.17	1.33
35   36	|	14	0.56	1.00	14	0.56	0.44
35   37	|	3	0.60	0.80	3	0.60	0.40
35   38	|	1	0.33	1.33	1	0.33	0.67
35   39	|	3	0.60	0.80	2	0.40	0.60
35   40	|	32	0.70	0.65	19	0.41	0.89
35   41	|	68	0.57	0.97	39	0.33	1.02
35   42	|	3	0.10	2.37	3	0.10	1.67
35   43	|	7	0.47	1.20	4	0.27	1.20
35   44	|	2	0.67	0.33	1	0.33	1.00
35   45	|	71	0.20	1.92	24	0.07	2.27
35   46	|	17	0.19	1.93	2	0.02	2.40
35   47	|	7	0.29	1.71	1	0.04	2.33
35   48	|	9	0.11	2.92	19	0.23	0.77
35   49	|	1	0.04	3.32	5	0.18	0.82
35   50	|	1	0.09	3.18	2	0.18	0.82
35   51	|	18	0.08	2.99	15	0.07	1.63
35   53	|	5	0.08	3.09	2	0.03	1.70

36   1	|	16	1.00	0.00	11	0.69	0.44
36   2	|	2	1.00	0.00	1	0.50	0.50
36   3	|	17	0.63	0.41	10	0.37	1.33
36   4	|	1	0.33	1.00	1	0.33	2.00
36   5	|	1	1.00	0.00	0	0.00	2.00
36   7	|	38	0.58	0.63	10	0.15	2.17
36   8	|	1	0.33	1.33	0	0.00	3.00
36   9	|	16	0.46	1.14	10	0.29	1.11
36   10	|	1	0.33	1.33	0	0.00	1.67
36   12	|	16	0.28	1.60	7	0.12	2.05
36   13	|	7	0.15	2.04	1	0.02	2.48
36   14	|	1	0.13	2.50	0	0.00	3.00
36   15	|	3	0.19	2.00	0	0.00	2.38
36   18	|	2	0.67	0.33	1	0.33	2.00
36   19	|	61	0.15	2.03	8	0.02	3.30
36   20	|	6	0.10	2.11	0	0.00	3.35
36   21	|	1	0.10	2.20	0	0.00	3.30
36   22	|	5	0.06	2.90	2	0.02	1.79
36   23	|	1	0.02	3.37	0	0.00	1.80
36   24	|	1	0.06	3.06	1	0.06	1.75
36   25	|	7	0.04	3.32	2	0.01	2.56
36   32	|	8	0.67	0.33	6	0.50	1.08
36   34	|	17	0.30	1.04	4	0.07	2.63
36   35	|	1	0.17	1.50	0	0.00	3.33
36   36	|	9	0.23	2.00	4	0.10	1.65
36   37	|	2	0.29	1.71	0	0.00	1.71
36   39	|	3	0.43	1.14	1	0.14	1.29
36   40	|	21	0.23	1.89	7	0.08	2.27
36   41	|	35	0.17	2.01	8	0.04	2.39
36   45	|	6	0.19	2.09	0	0.00	3.34
36   46	|	2	0.25	2.50	0	0.00	3.38
36   53	|	1	0.06	3.39	0	0.00	2.67

37   1	|	7	1.00	0.00	5	0.71	0.43
37   3	|	14	0.74	0.42	8	0.42	1.05
37   6	|	1	1.00	0.00	1	1.00	0.00
37   7	|	9	0.35	1.31	2	0.08	2.69
37   9	|	6	0.60	0.60	5	0.50	0.90
37   11	|	1	1.00	0.00	1	1.00	0.00
37   12	|	15	0.26	1.72	6	0.10	2.28
37   13	|	5	0.13	2.33	0	0.00	2.55
37   14	|	5	0.36	1.86	0	0.00	2.36
37   15	|	6	0.30	1.75	0	0.00	2.40
37   16	|	1	1.00	0.00	0	0.00	3.00
37   17	|	2	1.00	0.00	0	0.00	2.50
37   19	|	45	0.14	2.13	4	0.01	3.28
37   20	|	7	0.15	2.17	1	0.02	3.19
37   21	|	6	0.29	2.14	1	0.05	2.90
37   23	|	7	0.02	3.34	7	0.02	1.71
37   24	|	8	0.07	2.94	3	0.03	1.72
37   25	|	4	0.03	3.29	3	0.02	2.43
37   26	|	1	0.01	3.22	0	0.00	2.71
37   27	|	6	0.12	3.06	0	0.00	2.46
37   32	|	4	0.40	1.10	2	0.20	1.80
37   34	|	16	0.44	0.92	4	0.11	2.53
37   35	|	6	0.43	1.00	0	0.00	3.14
37   36	|	2	0.12	2.35	3	0.18	1.35
37   37	|	3	0.11	2.25	1	0.04	1.71
37   38	|	2	0.67	0.67	1	0.33	1.33
37   39	|	1	0.25	1.00	1	0.25	0.75
37   40	|	10	0.33	1.70	4	0.13	2.10
37   41	|	26	0.15	2.14	3	0.02	2.40
37   42	|	15	0.10	2.05	1	0.01	2.48
37   43	|	5	0.16	2.13	0	0.00	2.48
37   44	|	2	0.50	0.75	0	0.00	2.25
37   45	|	103	0.08	2.38	3	0.00	3.33
37   46	|	27	0.08	2.34	1	0.00	3.41
37   47	|	4	0.06	2.21	1	0.01	3.38
37   48	|	6	0.02	3.29	5	0.02	1.74
37   49	|	1	0.01	3.25	4	0.04	1.71
37   50	|	2	0.04	3.41	1	0.02	1.76
37   51	|	24	0.03	3.35	1	0.00	2.58
37   52	|	2	0.04	3.48	0	0.00	1.61
37   53	|	9	0.03	3.36	2	0.01	2.47

38   1	|	3	0.60	1.40	2	0.40	0.60
38   3	|	14	0.82	0.41	10	0.59	0.59
38   5	|	1	1.00	0.00	0	0.00	1.00
38   7	|	11	0.46	1.08	7	0.29	1.75
38   8	|	2	1.00	0.00	1	0.50	1.00
38   9	|	6	0.50	1.58	6	0.50	0.50
38   11	|	2	1.00	0.00	2	1.00	0.00
38   12	|	10	0.26	2.59	6	0.15	1.44
38   13	|	1	0.04	3.19	1	0.04	1.62
38   19	|	14	0.05	3.25	3	0.01	2.52
38   20	|	1	0.03	3.88	0	0.00	2.48
38   21	|	1	0.20	3.40	0	0.00	2.60
38   22	|	2	0.05	4.05	4	0.10	0.90
38   25	|	2	0.02	4.23	1	0.01	1.75
38   26	|	1	0.03	4.17	2	0.06	1.75
38   30	|	1	0.08	3.62	0	0.00	1.85
38   34	|	4	0.19	2.33	1	0.05	2.48
38   36	|	1	0.07	3.07	3	0.21	0.79
38   37	|	2	0.33	2.50	1	0.17	0.83
38   40	|	5	0.12	3.24	6	0.15	1.39
38   41	|	9	0.09	3.02	4	0.04	1.67

39   1	|	3	1.00	0.00	2	0.67	0.33
39   3	|	5	1.00	0.00	3	0.60	0.40
39   7	|	6	0.86	0.29	3	0.43	0.86
39   9	|	4	0.80	0.20	4	0.80	0.20
39   12	|	5	0.83	0.33	5	0.83	0.33
39   15	|	1	1.00	0.00	0	0.00	1.00
39   18	|	1	1.00	0.00	0	0.00	1.00
39   19	|	8	0.27	1.73	2	0.07	2.03
39   20	|	1	0.14	2.43	0	0.00	2.57
39   23	|	1	0.08	2.69	3	0.23	0.77
39   24	|	1	0.20	2.80	0	0.00	1.00
39   26	|	1	0.13	2.50	0	0.00	1.88
39   30	|	1	1.00	0.00	1	1.00	0.00
39   32	|	1	1.00	0.00	0	0.00	1.00
39   34	|	2	1.00	0.00	0	0.00	1.50
39   36	|	1	1.00	0.00	1	1.00	0.00
39   39	|	1	1.00	0.00	1	1.00	0.00
39   40	|	1	0.50	1.00	1	0.50	1.00
39   41	|	4	0.50	1.25	1	0.13	1.38
39   44	|	1	1.00	0.00	0	0.00	1.00
39   45	|	6	0.12	2.22	2	0.04	2.45
39   46	|	2	0.08	2.04	0	0.00	2.25
39   47	|	1	0.50	2.50	0	0.00	1.50
39   48	|	2	0.10	2.80	1	0.05	0.95
39   49	|	1	0.10	3.40	4	0.40	0.60
39   50	|	1	0.33	1.00	0	0.00	1.00
39   51	|	2	0.03	2.77	3	0.05	1.69
39   52	|	1	0.25	2.25	0	0.00	1.00
39   53	|	4	0.33	2.58	1	0.08	1.58

40   1	|	69	1.00	0.00	57	0.83	0.17
40   2	|	2	1.00	0.00	2	1.00	0.00
40   3	|	83	0.98	0.02	53	0.62	0.42
40   4	|	6	1.00	0.00	4	0.67	0.33
40   5	|	3	1.00	0.00	3	1.00	0.00
40   6	|	6	1.00	0.00	6	1.00	0.00
40   7	|	134	0.99	0.01	61	0.45	0.78
40   9	|	60	1.00	0.00	54	0.90	0.10
40   11	|	3	1.00	0.00	3	1.00	0.00
40   12	|	84	0.90	0.17	46	0.49	0.65
40   14	|	21	0.75	0.39	7	0.25	1.07
40   16	|	1	1.00	0.00	1	1.00	0.00
40   17	|	1	1.00	0.00	1	1.00	0.00
40   18	|	1	0.50	1.50	0	0.00	1.50
40   22	|	24	0.52	1.22	24	0.52	0.48
40   29	|	2	0.67	0.67	1	0.33	0.67
40   32	|	26	1.00	0.00	13	0.50	0.62
40   34	|	57	0.95	0.05	32	0.53	0.87
40   36	|	35	0.80	0.39	31	0.70	0.30
40   37	|	4	0.57	0.57	5	0.71	0.29
40   38	|	1	1.00	0.00	1	1.00	0.00
40   40	|	44	0.80	0.33	19	0.35	0.82
40   41	|	106	0.76	0.38	55	0.39	0.84

41   1	|	116	1.00	0.00	89	0.77	0.28
41   2	|	12	1.00	0.00	8	0.67	0.42
41   3	|	142	0.98	0.03	76	0.52	0.70
41   6	|	3	1.00	0.00	2	0.67	0.33
41   7	|	253	0.95	0.06	112	0.42	1.05
41   9	|	130	0.96	0.07	102	0.76	0.28
41   11	|	10	1.00	0.00	5	0.50	0.70
41   17	|	2	1.00	0.00	0	0.00	2.50
41   18	|	2	0.67	1.33	2	0.67	0.67
41   29	|	3	1.00	0.00	2	0.67	0.33
41   33	|	1	1.00	0.00	0	0.00	2.00
41   36	|	54	0.74	0.42	41	0.56	0.63
41   38	|	4	1.00	0.00	2	0.50	0.50
41   40	|	85	0.70	0.51	35	0.29	1.31
41   44	|	16	0.80	0.35	2	0.10	1.40

42   1	|	94	1.00	0.00	82	0.87	0.13
42   2	|	6	1.00	0.00	5	0.83	0.17
42   3	|	131	0.94	0.06	75	0.54	0.55
42   7	|	200	0.93	0.11	89	0.41	0.88
42   8	|	2	0.67	1.00	1	0.33	1.33
42   9	|	89	0.91	0.12	72	0.73	0.27
42   11	|	13	1.00	0.00	11	0.85	0.15
42   29	|	1	0.50	1.50	1	0.50	0.50
42   30	|	2	0.20	3.20	0	0.00	1.60
42   32	|	39	0.91	0.16	33	0.77	0.33
42   36	|	56	0.70	0.74	49	0.61	0.39
42   38	|	3	0.75	0.25	2	0.50	0.50
42   39	|	2	0.50	1.25	3	0.75	0.25
42   40	|	62	0.57	1.06	33	0.30	1.06

43   1	|	31	1.00	0.00	24	0.77	0.23
43   2	|	2	1.00	0.00	2	1.00	0.00
43   3	|	26	0.84	0.26	19	0.61	0.45
43   5	|	2	0.67	0.67	1	0.33	0.67
43   9	|	34	0.79	0.47	27	0.63	0.37
43   11	|	5	0.71	0.71	5	0.71	0.29
43   44	|	4	0.50	0.88	0	0.00	1.25

44   1	|	21	1.00	0.00	16	0.76	0.29
44   3	|	34	0.92	0.22	19	0.51	0.76
44   4	|	3	1.00	0.00	2	0.67	1.00
44   8	|	1	0.50	1.50	0	0.00	2.50
44   9	|	16	0.76	0.43	9	0.43	0.90
44   11	|	1	1.00	0.00	1	1.00	0.00
44   14	|	3	0.30	1.90	0	0.00	2.20
44   35	|	2	0.25	1.63	1	0.13	2.50
44   37	|	2	0.13	2.50	1	0.06	1.50
44   44	|	3	0.75	0.75	1	0.25	1.50

45   1	|	7	1.00	0.00	7	1.00	0.00
45   3	|	5	1.00	0.00	4	0.80	0.20
45   9	|	4	0.80	0.40	5	1.00	0.00
45   22	|	1	0.33	1.33	2	0.67	0.33
45   24	|	1	1.00	0.00	0	0.00	1.00
45   34	|	8	1.00	0.00	3	0.38	1.00
45   36	|	1	1.00	0.00	1	1.00	0.00
45   40	|	4	1.00	0.00	3	0.75	0.50
45   41	|	9	0.90	0.20	3	0.30	1.10

46   1	|	18	1.00	0.00	12	0.67	0.33
46   5	|	1	0.50	1.00	0	0.00	1.50
46   11	|	6	1.00	0.00	5	0.83	0.17
46   37	|	14	0.36	1.26	6	0.15	1.51

47   1	|	4	1.00	0.00	4	1.00	0.00
47   3	|	5	1.00	0.00	2	0.40	0.80
47   7	|	7	1.00	0.00	4	0.57	0.71
47   35	|	2	1.00	0.00	0	0.00	2.00
47   37	|	1	0.50	0.50	1	0.50	0.50
47   42	|	1	0.33	1.33	0	0.00	1.33

48   1	|	6	1.00	0.00	6	1.00	0.00
48   3	|	6	0.86	0.29	5	0.71	0.57
48   7	|	14	1.00	0.00	6	0.43	0.86
48   9	|	3	1.00	0.00	2	0.67	0.33
48   12	|	5	0.83	0.50	3	0.50	1.00
48   14	|	1	1.00	0.00	0	0.00	1.00
48   22	|	2	0.50	1.25	2	0.50	0.50
48   40	|	1	0.33	1.33	1	0.33	1.00
48   41	|	9	0.69	0.46	4	0.31	1.00

50   1	|	245	1.00	0.00	208	0.85	0.15
50   2	|	20	1.00	0.00	18	0.90	0.10
50   3	|	325	0.99	0.01	198	0.60	0.51
50   5	|	11	0.85	0.23	8	0.62	0.38
50   6	|	8	1.00	0.00	6	0.75	0.25
50   7	|	169	0.95	0.05	72	0.40	0.97
50   8	|	1	0.50	0.50	0	0.00	2.00
50   9	|	211	0.93	0.13	198	0.87	0.13
50   10	|	3	1.00	0.00	2	0.67	0.33
50   12	|	78	0.69	0.45	35	0.31	0.91
50   14	|	44	0.90	0.14	9	0.18	1.02
50   28	|	2	0.67	0.67	2	0.67	0.33
50   30	|	3	0.50	1.67	0	0.00	1.17
50   32	|	39	1.00	0.00	19	0.49	0.59
50   33	|	2	1.00	0.00	2	1.00	0.00
50   34	|	99	0.89	0.12	28	0.25	1.14
50   36	|	67	0.80	0.32	62	0.74	0.26
50   38	|	9	1.00	0.00	8	0.89	0.11
50   40	|	73	0.71	0.43	35	0.34	0.86
50   43	|	15	0.88	0.18	6	0.35	1.00
50   44	|	9	0.82	0.27	1	0.09	1.00

51   1	|	470	0.99	0.02	329	0.69	0.36
51   2	|	24	0.96	0.04	17	0.68	0.36
51   3	|	616	0.95	0.07	282	0.43	0.80
51   9	|	382	0.83	0.32	277	0.60	0.50
51   10	|	13	0.59	1.09	3	0.14	1.32
51   11	|	48	0.89	0.22	28	0.52	0.63
51   14	|	90	0.67	0.70	16	0.12	1.45
51   29	|	3	0.27	1.82	4	0.36	0.91
51   33	|	6	0.55	0.55	0	0.00	1.73

52   1	|	310	0.97	0.04	287	0.90	0.10
52   2	|	15	1.00	0.00	14	0.93	0.07
52   3	|	392	0.92	0.14	234	0.55	0.57
52   5	|	18	0.75	0.88	15	0.63	0.38
52   9	|	241	0.80	0.48	259	0.86	0.14
52   10	|	8	0.53	1.20	8	0.53	0.47
52   11	|	23	0.96	0.21	18	0.75	0.25
52   18	|	6	0.46	1.46	2	0.15	1.15
52   38	|	9	0.60	0.93	15	1.00	0.00
52   44	|	13	0.68	1.16	4	0.21	1.00

53   1	|	105	0.96	0.07	93	0.85	0.15
53   6	|	1	1.00	0.00	1	1.00	0.00
53   11	|	7	0.88	0.25	6	0.75	0.25
53   16	|	3	0.60	0.60	2	0.40	0.80
53   36	|	40	0.35	1.64	73	0.63	0.37
53   44	|	7	0.64	1.09	1	0.09	1.45

54   1	|	55	0.92	0.15	39	0.65	0.38
54   43	|	5	0.20	2.20	0	0.00	2.20

55   1	|	12	1.00	0.00	7	0.58	0.42
55   3	|	26	0.96	0.04	21	0.78	0.30
55   7	|	14	1.00	0.00	5	0.36	1.00
55   9	|	14	1.00	0.00	12	0.86	0.14
55   11	|	1	1.00	0.00	1	1.00	0.00
55   18	|	1	1.00	0.00	0	0.00	1.00
55   34	|	5	1.00	0.00	2	0.40	0.60
55   52	|	1	1.00	0.00	0	0.00	1.00
55   53	|	1	0.33	1.33	0	0.00	1.33


57   1	|	3	1.00	0.00	3	1.00	0.00
57   8	|	5	1.00	0.00	0	0.00	1.40
57   10	|	1	1.00	0.00	1	1.00	0.00

58   1	|	19	1.00	0.00	13	0.68	0.37
58   3	|	24	0.96	0.04	15	0.60	0.48
58   8	|	2	1.00	0.00	0	0.00	1.50
58   13	|	2	0.67	0.33	2	0.67	0.33
58   14	|	3	1.00	0.00	0	0.00	1.33
58   33	|	1	1.00	0.00	0	0.00	1.00
58   48	|	1	0.25	1.75	2	0.50	0.75

60   1	|	5	1.00	0.00	5	1.00	0.00
60   2	|	3	1.00	0.00	3	1.00	0.00
60   3	|	4	1.00	0.00	0	0.00	1.00
60   5	|	3	1.00	0.00	3	1.00	0.00
60   6	|	2	1.00	0.00	2	1.00	0.00
60   7	|	2	1.00	0.00	0	0.00	1.00
60   9	|	2	0.67	0.67	3	1.00	0.00
60   12	|	4	0.27	1.40	3	0.20	0.80
60   13	|	5	0.42	0.92	2	0.17	0.83
60   14	|	4	0.57	0.43	4	0.57	0.43
60   15	|	1	0.17	2.00	4	0.67	0.33
60   17	|	1	1.00	0.00	1	1.00	0.00
60   22	|	3	0.21	2.21	14	1.00	0.00
60   23	|	1	0.04	2.96	28	1.00	0.00
60   28	|	4	0.50	1.75	8	1.00	0.00
60   30	|	1	0.14	1.86	2	0.29	0.71
60   32	|	2	0.67	0.33	3	1.00	0.00
60   33	|	2	1.00	0.00	2	1.00	0.00
60   34	|	5	0.63	0.75	1	0.13	1.25
60   35	|	3	0.50	1.00	2	0.33	0.83
60   36	|	2	0.29	1.14	7	1.00	0.00
60   37	|	3	0.27	1.36	11	1.00	0.00
60   39	|	1	0.33	1.00	3	1.00	0.00
60   41	|	26	0.40	0.98	13	0.20	0.80
60   42	|	10	0.26	1.45	12	0.32	0.68
60   43	|	5	0.45	1.36	6	0.55	0.45
60   44	|	4	0.80	0.60	1	0.20	0.80
60   48	|	3	0.08	2.81	36	1.00	0.00
60   49	|	2	0.14	2.36	14	1.00	0.00
60   52	|	3	0.19	2.13	16	1.00	0.00
60   53	|	11	0.18	2.27	16	0.26	0.74

61   1	|	3	0.75	0.50	4	1.00	0.00
61   3	|	6	0.86	0.29	5	0.71	0.29
61   4	|	1	1.00	0.00	1	1.00	0.00
61   5	|	5	1.00	0.00	5	1.00	0.00
61   7	|	4	0.57	0.43	1	0.14	1.14
61   9	|	2	0.50	1.25	4	1.00	0.00
61   10	|	1	1.00	0.00	1	1.00	0.00
61   12	|	4	0.44	1.56	1	0.11	0.89
61   13	|	2	0.67	0.67	1	0.33	0.67
61   14	|	1	1.00	0.00	0	0.00	1.00
61   15	|	6	0.86	0.43	4	0.57	0.43
61   18	|	1	0.50	1.50	1	0.50	0.50
61   23	|	4	0.27	2.07	15	1.00	0.00
61   28	|	2	0.50	0.75	4	1.00	0.00
61   30	|	3	0.60	1.40	1	0.20	0.80
61   32	|	2	0.50	0.75	3	0.75	0.25
61   33	|	4	1.00	0.00	4	1.00	0.00
61   34	|	8	0.89	0.11	4	0.44	0.67
61   35	|	1	1.00	0.00	0	0.00	1.00
61   36	|	3	0.50	0.83	6	1.00	0.00
61   37	|	6	0.67	0.89	9	1.00	0.00
61   39	|	3	0.75	0.75	4	1.00	0.00
61   40	|	1	0.25	1.25	1	0.25	0.75
61   41	|	19	0.38	1.36	16	0.32	0.68
61   42	|	12	0.55	0.86	10	0.45	0.55
61   43	|	3	0.60	0.40	2	0.40	0.60
61   48	|	2	0.06	2.92	36	1.00	0.00
61   49	|	1	0.11	3.00	9	1.00	0.00
61   52	|	4	0.29	2.64	14	1.00	0.00
61   53	|	4	0.15	2.74	8	0.30	0.70

71   1	|	1	1.00	0.00	0	0.00	1.00
71   2	|	1	1.00	0.00	0	0.00	1.00
71   3	|	1	0.33	1.00	1	0.33	0.67
71   4	|	1	1.00	0.00	0	0.00	1.00
71   5	|	1	1.00	0.00	1	1.00	0.00
71   12	|	1	0.25	2.25	2	0.50	0.75
71   13	|	3	0.23	1.54	2	0.15	1.00
71   14	|	4	0.57	1.71	2	0.29	0.86
71   15	|	14	0.82	0.35	3	0.18	1.00
71   18	|	2	0.50	1.50	2	0.50	0.75
71   22	|	6	0.30	2.25	12	0.60	0.40
71   23	|	1	0.05	3.48	10	0.48	0.52
71   24	|	2	0.17	2.50	8	0.67	0.33
71   28	|	1	1.00	0.00	1	1.00	0.00
71   30	|	1	0.25	2.00	1	0.25	0.75
71   32	|	2	1.00	0.00	0	0.00	1.50
71   34	|	1	0.33	0.67	0	0.00	1.33
71   35	|	2	0.67	0.33	0	0.00	2.33
71   36	|	9	0.69	0.46	9	0.69	0.31
71   37	|	3	0.50	1.33	4	0.67	0.33
71   39	|	1	1.00	0.00	1	1.00	0.00
71   40	|	2	0.40	1.00	0	0.00	1.20
71   41	|	16	0.36	0.98	13	0.29	0.93
71   42	|	2	0.13	2.00	3	0.20	1.07
71   43	|	2	0.40	1.40	1	0.20	1.20
71   48	|	1	0.06	3.19	6	0.38	0.63
71   52	|	1	0.17	2.83	4	0.67	0.33
71   53	|	5	0.20	1.88	1	0.04	1.12

72   1	|	1	0.50	1.00	0	0.00	1.00
72   5	|	1	1.00	0.00	1	1.00	0.00
72   8	|	1	1.00	0.00	0	0.00	2.00
72   12	|	3	0.50	1.00	1	0.17	1.00
72   13	|	1	0.50	1.00	0	0.00	1.50
72   15	|	5	1.00	0.00	1	0.20	0.80
72   22	|	3	0.27	1.91	7	0.64	0.36
72   23	|	2	0.25	2.88	4	0.50	0.50
72   32	|	1	1.00	0.00	0	0.00	1.00
72   33	|	1	1.00	0.00	0	0.00	1.00
72   34	|	1	1.00	0.00	1	1.00	0.00
72   35	|	2	1.00	0.00	1	0.50	0.50
72   36	|	5	0.63	0.75	5	0.63	0.38
72   38	|	1	1.00	0.00	1	1.00	0.00
72   39	|	1	1.00	0.00	1	1.00	0.00
72   40	|	1	1.00	0.00	0	0.00	1.00
72   41	|	8	0.40	1.45	4	0.20	1.00
72   42	|	4	0.40	1.10	2	0.20	1.20
72   43	|	2	0.40	1.00	1	0.20	1.20
72   44	|	1	1.00	0.00	0	0.00	1.00
72   48	|	1	0.11	3.00	4	0.44	0.56
72   53	|	2	0.25	2.00	4	0.50	0.75

80   1	|	39	0.95	0.07	37	0.90	0.10
80   3	|	49	0.92	0.15	39	0.74	0.32
80   4	|	3	0.75	0.75	2	0.50	0.50
80   6	|	1	1.00	0.00	1	1.00	0.00
80   7	|	27	0.84	0.16	18	0.56	0.72
80   9	|	33	0.87	0.29	31	0.82	0.18
80   10	|	1	0.33	3.00	2	0.67	0.33
80   12	|	19	0.70	0.78	12	0.44	0.67
80   13	|	5	0.50	1.40	0	0.00	1.30
80   14	|	7	1.00	0.00	3	0.43	0.57
80   15	|	4	0.57	2.43	1	0.14	1.14
80   19	|	29	0.32	2.08	11	0.12	1.97
80   20	|	5	0.50	1.60	0	0.00	2.20
80   21	|	3	0.75	0.25	0	0.00	1.25
80   22	|	7	0.37	2.42	7	0.37	0.63
80   24	|	1	0.10	3.30	4	0.40	0.60
80   25	|	3	0.17	3.28	2	0.11	1.50
80   27	|	1	0.17	2.33	1	0.17	1.00
80   32	|	3	0.75	1.00	2	0.50	0.50
80   34	|	14	0.74	0.53	6	0.32	1.37
80   35	|	2	0.40	1.40	0	0.00	1.80
80   36	|	9	0.53	1.53	9	0.53	0.47
80   38	|	1	0.50	1.00	1	0.50	0.50
80   39	|	2	0.50	1.00	2	0.50	0.50
80   40	|	15	0.63	1.13	11	0.46	0.79
80   41	|	27	0.52	1.40	22	0.42	0.85
80   42	|	1	0.05	3.05	1	0.05	1.64
80   44	|	2	1.00	0.00	0	0.00	1.50
80   45	|	10	0.06	3.12	4	0.02	2.34
80   46	|	4	0.08	3.08	0	0.00	2.30
80   47	|	1	0.25	2.50	0	0.00	2.00
80   48	|	2	0.10	4.57	2	0.10	0.90
80   51	|	5	0.05	3.84	3	0.03	1.64
80   53	|	1	0.03	4.17	0	0.00	1.63

81   1	|	20	1.00	0.00	20	1.00	0.00
81   3	|	28	0.97	0.03	26	0.90	0.10
81   6	|	1	1.00	0.00	1	1.00	0.00
81   7	|	10	1.00	0.00	7	0.70	0.40
81   9	|	9	0.90	0.20	10	1.00	0.00
81   11	|	2	1.00	0.00	2	1.00	0.00
81   12	|	13	0.81	0.25	13	0.81	0.19
81   14	|	2	1.00	0.00	1	0.50	0.50
81   15	|	1	1.00	0.00	1	1.00	0.00
81   19	|	11	0.61	0.50	5	0.28	1.11
81   20	|	1	1.00	0.00	0	0.00	1.00
81   22	|	3	1.00	0.00	3	1.00	0.00
81   25	|	4	0.50	2.00	5	0.63	0.38
81   26	|	1	0.50	1.00	1	0.50	0.50
81   32	|	4	1.00	0.00	4	1.00	0.00
81   34	|	7	0.88	0.13	2	0.25	1.00
81   35	|	1	1.00	0.00	1	1.00	0.00
81   36	|	1	0.50	0.50	2	1.00	0.00
81   38	|	2	1.00	0.00	2	1.00	0.00
81   40	|	3	1.00	0.00	2	0.67	0.33
81   41	|	8	0.73	0.55	10	0.91	0.09
81   43	|	1	1.00	0.00	0	0.00	1.00
81   45	|	4	0.50	1.00	0	0.00	1.88

82   1	|	47	1.00	0.00	41	0.87	0.13
82   3	|	63	0.98	0.02	42	0.66	0.36
82   4	|	3	1.00	0.00	1	0.33	0.67
82   5	|	2	1.00	0.00	1	0.50	0.50
82   6	|	3	1.00	0.00	3	1.00	0.00
82   7	|	19	0.86	0.23	9	0.41	0.95
82   9	|	43	0.90	0.25	37	0.77	0.23
82   11	|	2	0.67	1.33	2	0.67	0.33
82   12	|	18	0.60	0.73	14	0.47	0.77
82   13	|	5	0.50	1.30	0	0.00	1.60
82   14	|	4	0.67	0.50	2	0.33	0.67
82   15	|	1	0.25	1.50	1	0.25	1.00
82   19	|	40	0.39	1.38	8	0.08	1.83
82   20	|	3	0.25	1.67	0	0.00	2.58
82   21	|	2	0.29	2.00	0	0.00	2.00
82   22	|	5	0.22	2.65	11	0.48	0.52
82   23	|	2	0.06	3.00	8	0.26	0.74
82   24	|	1	0.08	3.08	4	0.31	0.69
82   25	|	1	0.04	2.91	4	0.17	1.22
82   26	|	1	0.14	2.57	0	0.00	1.57
82   27	|	1	0.14	2.86	1	0.14	1.57
82   32	|	5	0.71	0.43	3	0.43	0.57
82   33	|	1	1.00	0.00	1	1.00	0.00
82   34	|	11	0.61	0.61	5	0.28	1.11
82   35	|	2	0.67	0.67	1	0.33	1.67
82   36	|	16	0.70	0.65	17	0.74	0.26
82   37	|	4	0.31	1.62	5	0.38	0.62
82   38	|	1	1.00	0.00	1	1.00	0.00
82   39	|	1	0.50	1.00	2	1.00	0.00
82   40	|	18	0.72	0.64	11	0.44	0.64
82   41	|	25	0.45	1.25	17	0.30	1.05
82   42	|	2	0.09	2.05	1	0.05	1.59
82   43	|	2	0.50	1.00	0	0.00	1.25
82   44	|	2	1.00	0.00	2	1.00	0.00
82   45	|	31	0.23	1.90	4	0.03	2.12
82   46	|	7	0.17	1.98	2	0.05	2.10
82   47	|	5	0.38	1.54	0	0.00	2.23
82   48	|	5	0.13	3.03	11	0.28	0.72
82   49	|	2	0.18	2.45	4	0.36	0.64
82   50	|	1	0.20	3.60	2	0.40	0.60
82   51	|	7	0.07	3.20	5	0.05	1.58
82   52	|	1	0.10	2.80	2	0.20	0.80
82   53	|	3	0.08	3.32	3	0.08	1.49

83   1	|	12	1.00	0.00	12	1.00	0.00
83   2	|	1	1.00	0.00	1	1.00	0.00
83   3	|	8	1.00	0.00	6	0.75	0.25
83   7	|	10	0.91	0.09	5	0.45	0.64
83   9	|	8	0.89	0.11	9	1.00	0.00
83   12	|	4	1.00	0.00	3	0.75	0.25
83   14	|	2	1.00	0.00	2	1.00	0.00
83   15	|	1	0.33	1.33	0	0.00	1.00
83   19	|	9	0.75	0.42	7	0.58	0.58
83   22	|	2	1.00	0.00	2	1.00	0.00
83   23	|	1	0.25	2.00	4	1.00	0.00
83   25	|	1	0.25	2.00	2	0.50	0.50
83   32	|	1	1.00	0.00	1	1.00	0.00
83   34	|	2	1.00	0.00	1	0.50	0.50
83   36	|	4	1.00	0.00	4	1.00	0.00
83   38	|	1	1.00	0.00	1	1.00	0.00
83   39	|	1	1.00	0.00	1	1.00	0.00
83   40	|	2	1.00	0.00	2	1.00	0.00
83   41	|	4	0.57	1.14	1	0.14	0.86
83   45	|	3	0.50	1.00	2	0.33	1.17
83   46	|	1	0.33	1.33	0	0.00	1.33
83   47	|	1	1.00	0.00	1	1.00	0.00
83   48	|	1	1.00	0.00	1	1.00	0.00
83   51	|	3	0.50	2.00	0	0.00	1.00

84   1	|	18	1.00	0.00	18	1.00	0.00
84   2	|	1	1.00	0.00	1	1.00	0.00
84   3	|	25	0.96	0.04	22	0.85	0.19
84   7	|	11	1.00	0.00	6	0.55	0.64
84   9	|	12	0.86	0.21	12	0.86	0.14
84   12	|	8	0.89	0.11	6	0.67	0.33
84   13	|	3	1.00	0.00	0	0.00	1.00
84   19	|	4	0.33	1.58	0	0.00	2.00
84   20	|	1	0.50	0.50	0	0.00	1.00
84   21	|	1	1.00	0.00	0	0.00	1.00
84   32	|	1	1.00	0.00	0	0.00	1.00
84   34	|	8	1.00	0.00	4	0.50	0.75
84   35	|	1	1.00	0.00	0	0.00	1.00
84   36	|	2	1.00	0.00	2	1.00	0.00
84   37	|	1	0.50	1.00	2	1.00	0.00
84   38	|	1	1.00	0.00	1	1.00	0.00
84   40	|	6	0.86	0.14	2	0.29	0.86
84   41	|	7	0.58	0.58	5	0.42	0.58
84   45	|	8	0.57	0.71	4	0.29	1.14
84   47	|	1	1.00	0.00	1	1.00	0.00

86   1	|	4	1.00	0.00	4	1.00	0.00
86   3	|	3	1.00	0.00	1	0.33	0.67
86   7	|	8	0.80	0.20	4	0.40	1.60
86   9	|	2	0.33	1.83	2	0.33	1.17
86   11	|	1	1.00	0.00	1	1.00	0.00
86   12	|	7	0.47	1.53	3	0.20	2.00
86   13	|	4	0.40	1.20	0	0.00	2.50
86   14	|	1	0.25	2.25	0	0.00	2.25
86   15	|	1	0.25	1.75	0	0.00	2.50
86   19	|	7	0.08	2.17	1	0.01	3.35
86   20	|	1	0.06	2.31	0	0.00	3.56
86   21	|	1	0.33	2.00	0	0.00	3.33
86   22	|	4	0.13	2.74	1	0.03	1.71
86   23	|	4	0.07	3.12	0	0.00	1.88
86   25	|	2	0.03	3.18	0	0.00	2.51
86   32	|	1	0.33	1.33	1	0.33	1.33
86   34	|	1	0.17	1.17	0	0.00	3.00
86   35	|	2	1.00	0.00	0	0.00	3.50
86   36	|	2	0.40	1.60	2	0.40	1.20
86   37	|	1	0.20	1.80	2	0.40	1.20
86   40	|	2	0.20	1.80	1	0.10	2.30
86   41	|	3	0.06	2.63	1	0.02	2.43
86   42	|	1	0.04	2.13	0	0.00	2.61
86   44	|	2	0.50	0.75	0	0.00	2.25
86   45	|	8	0.06	2.41	0	0.00	3.39
86   48	|	1	0.03	3.43	0	0.00	1.87
86   51	|	6	0.06	3.05	0	0.00	2.56

