0   1	|	1	23	3	0	9	0.08
0   2	|	10	196	22	0	26	0.17
0   3	|	2	23	8	0	13	0.09
0   4	|	4	60	11	2	6	0.17
0   5	|	1	44	7	1	10	0.05
0   6	|	0	0	0	1	0	0.00
0   7	|	1	27	6	0	18	0.04
0   8	|	0	11	2	1	9	0.00
0   9	|	1	10	7	25	22	0.02
0   10	|	1	83	13	6	13	0.03
0   12	|	1	13	5	12	13	0.03
0   13	|	2	61	18	15	33	0.03
0   14	|	2	2	0	1	3	0.33
0   15	|	0	21	8	5	12	0.00
0   16	|	0	0	0	1	0	0.00
0   17	|	0	1	1	0	0	0.00
0   18	|	0	0	1	0	0	0.00
0   22	|	0	7	9	9	34	0.00
0   23	|	0	14	2	10	20	0.00
0   24	|	0	0	1	2	5	0.00
0   28	|	0	3	0	2	1	0.00
0   29	|	0	0	1	1	2	0.00
0   30	|	0	3	2	1	7	0.00
0   32	|	0	3	2	0	2	0.00
0   33	|	1	3	2	0	2	0.20
0   34	|	0	9	2	1	15	0.00
0   35	|	0	16	1	2	6	0.00
0   36	|	0	8	6	11	8	0.00
0   37	|	1	69	9	3	20	0.03
0   38	|	0	1	0	0	1	0.00
0   39	|	0	0	1	0	0	0.00
0   40	|	2	11	12	18	28	0.03
0   41	|	1	30	11	44	52	0.01
0   43	|	0	2	0	1	0	0.00
0   44	|	0	0	1	0	0	0.00
0   52	|	0	7	1	1	9	0.00
0   53	|	0	6	1	3	2	0.00

1   1	|	5	31	5	0	5	0.33
1   2	|	9	260	38	0	33	0.11
1   3	|	2	44	6	2	18	0.07
1   4	|	3	83	18	0	11	0.09
1   5	|	1	72	10	5	15	0.03
1   6	|	0	1	0	0	1	0.00
1   7	|	2	41	14	3	33	0.04
1   8	|	0	19	1	0	12	0.00
1   9	|	0	18	11	46	34	0.00
1   10	|	9	130	17	5	23	0.17
1   12	|	1	28	9	11	39	0.02
1   13	|	1	100	24	20	71	0.01
1   14	|	0	3	1	3	5	0.00
1   15	|	2	47	9	2	28	0.05
1   16	|	0	1	0	0	0	 - 
1   17	|	0	0	1	0	1	0.00
1   18	|	0	1	0	1	4	0.00
1   22	|	0	4	7	20	38	0.00
1   23	|	1	27	5	7	34	0.02
1   24	|	0	1	0	0	3	0.00
1   28	|	0	6	4	2	9	0.00
1   29	|	0	0	1	1	0	0.00
1   30	|	0	3	0	3	9	0.00
1   32	|	0	6	2	1	4	0.00
1   33	|	0	9	1	0	4	0.00
1   34	|	1	10	7	3	19	0.03
1   35	|	0	23	6	0	13	0.00
1   36	|	0	9	4	10	27	0.00
1   37	|	8	78	13	3	17	0.20
1   38	|	0	0	1	0	3	0.00
1   39	|	0	2	1	1	2	0.00
1   40	|	1	22	27	25	54	0.01
1   41	|	0	48	23	30	95	0.00
1   43	|	0	1	1	2	5	0.00
1   52	|	1	13	3	3	12	0.05
1   53	|	0	5	2	3	8	0.00

10   1	|	37	844	113	1	124	0.13
10   2	|	3	88	8	0	13	0.13
10   3	|	74	1498	198	16	262	0.13
10   4	|	2	56	7	0	10	0.11
10   5	|	4	20	3	1	9	0.24
10   6	|	4	37	6	0	7	0.24
10   7	|	29	592	91	6	163	0.10
10   8	|	3	30	7	0	7	0.18
10   9	|	17	457	66	30	120	0.07
10   10	|	0	18	3	3	6	0.00
10   11	|	1	49	5	0	10	0.06
10   12	|	14	394	86	32	144	0.05
10   13	|	5	136	32	23	123	0.03
10   14	|	2	106	13	7	37	0.03
10   15	|	4	38	9	10	42	0.06
10   16	|	0	10	0	2	3	0.00
10   17	|	0	7	1	0	0	0.00
10   18	|	0	17	1	1	13	0.00
10   22	|	10	101	41	38	167	0.04
10   23	|	4	79	57	60	225	0.01
10   24	|	4	50	20	33	69	0.03
10   28	|	1	5	2	2	11	0.06
10   29	|	0	1	0	0	2	0.00
10   30	|	0	10	6	5	22	0.00
10   32	|	10	136	25	1	34	0.14
10   33	|	0	15	8	1	9	0.00
10   34	|	22	447	61	7	139	0.10
10   35	|	3	65	8	2	19	0.09
10   36	|	10	295	66	24	118	0.05
10   37	|	7	109	16	17	54	0.07
10   38	|	0	40	8	1	7	0.00
10   39	|	1	36	2	2	7	0.08
10   40	|	17	257	62	24	125	0.07
10   41	|	48	817	162	80	463	0.06
10   42	|	10	135	58	14	118	0.05
10   43	|	2	58	22	3	35	0.03
10   44	|	2	28	2	0	7	0.18
10   48	|	4	70	56	34	174	0.01
10   49	|	1	10	7	3	23	0.03
10   50	|	0	2	1	3	11	0.00
10   52	|	0	22	11	23	78	0.00
10   53	|	3	40	25	37	162	0.01

11   1	|	63	1542	224	0	226	0.12
11   2	|	5	126	22	1	24	0.10
11   3	|	120	2696	415	25	616	0.10
11   4	|	3	65	10	1	20	0.09
11   5	|	1	36	8	1	32	0.02
11   6	|	3	70	15	1	6	0.12
11   7	|	50	1171	228	25	406	0.07
11   8	|	1	35	11	0	15	0.04
11   9	|	54	963	174	43	302	0.09
11   10	|	1	16	9	5	22	0.03
11   11	|	3	92	13	0	9	0.12
11   12	|	27	792	142	52	514	0.04
11   13	|	11	229	71	37	362	0.02
11   14	|	10	183	29	11	106	0.06
11   15	|	6	102	34	17	177	0.03
11   16	|	0	14	0	0	4	0.00
11   17	|	2	11	1	0	2	0.40
11   18	|	1	35	8	6	61	0.01
11   22	|	9	214	138	89	977	0.01
11   23	|	15	161	151	108	1451	0.01
11   24	|	8	140	71	53	454	0.01
11   28	|	1	12	0	5	38	0.02
11   29	|	0	6	1	2	21	0.00
11   30	|	0	19	7	9	75	0.00
11   32	|	10	249	42	7	138	0.05
11   33	|	1	36	3	0	13	0.06
11   34	|	41	900	154	16	428	0.06
11   35	|	10	90	26	5	100	0.07
11   36	|	35	576	123	50	376	0.06
11   37	|	10	186	53	18	256	0.03
11   38	|	3	67	7	1	18	0.10
11   39	|	2	48	7	5	47	0.03
11   40	|	17	531	125	35	523	0.02
11   41	|	80	1691	444	124	1504	0.04
11   42	|	18	288	111	32	778	0.02
11   43	|	10	105	26	7	170	0.05
11   44	|	2	68	14	1	53	0.03
11   48	|	20	179	130	91	1444	0.01
11   49	|	1	7	15	16	222	0.00
11   50	|	0	5	11	7	80	0.00
11   52	|	2	37	37	33	393	0.00
11   53	|	8	117	114	60	1009	0.01

12   1	|	43	1158	166	6	180	0.11
12   2	|	2	91	10	0	10	0.09
12   3	|	106	2027	285	34	381	0.13
12   4	|	1	56	6	2	11	0.05
12   5	|	2	20	4	5	14	0.08
12   6	|	4	37	7	1	9	0.19
12   7	|	54	812	153	17	323	0.10
12   8	|	1	17	6	1	18	0.04
12   9	|	30	663	118	32	197	0.08
12   10	|	0	12	2	5	18	0.00
12   11	|	2	69	10	0	3	0.13
12   12	|	26	497	103	50	406	0.04
12   13	|	7	113	44	18	343	0.02
12   14	|	3	118	23	4	117	0.02
12   15	|	2	39	21	11	154	0.01
12   16	|	0	10	0	0	3	0.00
12   17	|	0	2	2	0	8	0.00
12   18	|	0	11	4	1	39	0.00
12   22	|	10	120	75	47	703	0.01
12   23	|	10	53	85	66	1182	0.01
12   24	|	7	76	33	31	453	0.01
12   28	|	1	4	4	3	40	0.02
12   29	|	0	7	0	0	14	0.00
12   30	|	0	6	2	7	66	0.00
12   32	|	7	170	35	20	113	0.04
12   33	|	0	17	6	0	14	0.00
12   34	|	36	640	101	24	319	0.08
12   35	|	3	51	16	9	117	0.02
12   36	|	19	394	79	28	285	0.05
12   37	|	7	82	38	23	237	0.02
12   38	|	1	42	6	3	11	0.05
12   39	|	2	32	3	4	43	0.04
12   40	|	13	334	76	30	448	0.02
12   41	|	60	1105	305	111	1188	0.04
12   42	|	10	114	72	46	685	0.01
12   43	|	5	71	21	7	203	0.02
12   44	|	2	40	7	1	23	0.06
12   48	|	8	77	74	46	928	0.01
12   49	|	0	10	10	8	175	0.00
12   50	|	0	5	2	3	81	0.00
12   52	|	2	7	22	11	317	0.01
12   53	|	5	41	62	34	875	0.01

13   1	|	17	305	53	7	49	0.13
13   2	|	2	19	4	2	6	0.14
13   3	|	25	514	102	27	144	0.08
13   4	|	2	21	2	1	13	0.11
13   5	|	0	10	4	2	17	0.00
13   6	|	0	12	7	4	5	0.00
13   7	|	14	222	52	20	181	0.05
13   8	|	0	14	2	1	13	0.00
13   9	|	5	180	51	22	138	0.02
13   10	|	0	15	6	1	14	0.00
13   11	|	0	15	1	1	6	0.00
13   12	|	7	148	47	33	293	0.02
13   13	|	8	75	41	35	290	0.02
13   14	|	0	38	14	9	69	0.00
13   15	|	2	21	20	10	126	0.01
13   16	|	0	4	1	1	3	0.00
13   17	|	0	0	1	1	2	0.00
13   18	|	0	8	11	4	34	0.00
13   22	|	3	38	52	57	558	0.00
13   23	|	2	42	95	82	1144	0.00
13   24	|	3	29	42	24	339	0.01
13   28	|	0	2	1	3	43	0.00
13   29	|	0	2	2	3	11	0.00
13   30	|	0	5	5	1	56	0.00
13   32	|	2	59	16	11	66	0.02
13   33	|	0	12	1	5	7	0.00
13   34	|	7	198	44	22	219	0.02
13   35	|	3	50	16	8	87	0.03
13   36	|	11	110	34	34	216	0.04
13   37	|	3	61	49	25	211	0.01
13   38	|	1	7	1	2	15	0.05
13   39	|	2	8	6	3	55	0.03
13   40	|	5	90	55	26	325	0.01
13   41	|	15	344	150	122	847	0.01
13   42	|	8	98	88	54	680	0.01
13   43	|	0	22	19	8	134	0.00
13   44	|	1	15	4	2	20	0.04
13   48	|	3	33	62	29	796	0.00
13   49	|	1	8	13	7	175	0.01
13   50	|	2	5	5	0	61	0.03
13   52	|	2	17	26	15	286	0.01
13   53	|	3	25	46	31	588	0.00

14   1	|	5	203	22	2	35	0.08
14   2	|	0	7	0	1	2	0.00
14   3	|	16	372	64	11	142	0.07
14   4	|	0	8	1	1	7	0.00
14   5	|	2	6	2	0	8	0.17
14   6	|	0	10	2	1	4	0.00
14   7	|	8	157	33	13	145	0.04
14   8	|	0	0	2	1	8	0.00
14   9	|	7	105	25	14	134	0.04
14   10	|	0	2	3	2	11	0.00
14   11	|	1	10	5	0	8	0.07
14   12	|	11	120	32	25	287	0.03
14   13	|	2	27	22	7	292	0.01
14   14	|	3	28	9	2	53	0.04
14   15	|	0	19	7	7	128	0.00
14   16	|	0	3	0	1	2	0.00
14   17	|	0	1	0	1	8	0.00
14   18	|	0	3	1	2	45	0.00
14   22	|	1	32	33	21	613	0.00
14   23	|	5	37	61	35	1266	0.00
14   24	|	1	28	26	19	370	0.00
14   28	|	0	1	1	4	23	0.00
14   29	|	0	3	0	1	10	0.00
14   30	|	0	2	3	0	30	0.00
14   32	|	2	50	22	1	77	0.02
14   33	|	1	6	5	1	11	0.06
14   34	|	8	137	44	10	177	0.03
14   35	|	0	17	7	2	74	0.00
14   36	|	6	87	27	18	200	0.02
14   37	|	4	31	17	17	234	0.01
14   38	|	0	9	1	1	12	0.00
14   39	|	3	11	3	1	48	0.05
14   40	|	3	73	38	19	309	0.01
14   41	|	15	249	126	57	853	0.01
14   42	|	8	62	48	18	742	0.01
14   43	|	0	19	11	9	141	0.00
14   44	|	0	10	4	1	16	0.00
14   48	|	3	28	62	30	972	0.00
14   49	|	0	4	12	6	213	0.00
14   50	|	1	4	2	2	68	0.01
14   52	|	0	5	10	5	266	0.00
14   53	|	2	23	28	18	519	0.00

15   1	|	1	66	8	0	12	0.05
15   2	|	0	5	0	0	1	0.00
15   3	|	6	115	19	1	19	0.13
15   5	|	0	2	0	0	2	0.00
15   6	|	0	2	1	0	1	0.00
15   7	|	2	50	9	0	15	0.08
15   9	|	2	39	2	1	12	0.12
15   11	|	0	2	0	0	2	0.00
15   12	|	0	35	7	2	9	0.00
15   13	|	0	6	1	2	5	0.00
15   14	|	0	8	0	1	4	0.00
15   15	|	0	4	0	0	2	0.00
15   16	|	0	0	0	0	1	0.00
15   22	|	0	5	6	4	13	0.00
15   23	|	0	1	2	3	16	0.00
15   24	|	0	3	3	2	3	0.00
15   28	|	0	0	0	0	1	0.00
15   30	|	0	0	1	0	1	0.00
15   32	|	0	11	2	0	2	0.00
15   33	|	0	3	0	0	0	 - 
15   34	|	1	30	1	0	8	0.10
15   35	|	0	5	1	0	3	0.00
15   36	|	0	22	6	4	6	0.00
15   37	|	0	7	2	0	6	0.00
15   38	|	0	1	0	0	0	 - 
15   39	|	0	0	1	0	0	0.00
15   40	|	1	16	4	2	6	0.08
15   41	|	4	47	9	3	24	0.10
15   42	|	0	7	1	1	6	0.00
15   43	|	1	2	1	0	1	0.33
15   44	|	0	2	0	0	0	 - 
15   48	|	0	5	2	3	11	0.00
15   49	|	0	1	1	0	2	0.00
15   50	|	0	0	0	0	1	0.00
15   52	|	0	3	0	2	8	0.00
15   53	|	0	2	1	0	9	0.00

16   1	|	16	207	27	1	42	0.19
16   2	|	1	20	1	0	14	0.06
16   3	|	18	375	81	12	141	0.07
16   4	|	2	43	4	3	22	0.06
16   5	|	1	18	10	6	32	0.02
16   6	|	1	9	5	2	4	0.08
16   7	|	14	189	53	15	212	0.05
16   8	|	1	55	6	1	53	0.02
16   9	|	4	159	42	31	233	0.01
16   10	|	2	47	15	7	47	0.03
16   11	|	0	11	2	1	3	0.00
16   12	|	13	199	77	46	455	0.02
16   13	|	16	381	135	72	581	0.02
16   14	|	3	47	13	8	96	0.03
16   15	|	6	73	38	27	241	0.02
16   16	|	0	5	0	0	14	0.00
16   17	|	0	4	2	1	7	0.00
16   18	|	0	13	10	10	60	0.00
16   22	|	7	118	125	93	920	0.01
16   23	|	19	330	247	235	1707	0.01
16   24	|	7	69	65	36	402	0.01
16   28	|	0	9	9	15	55	0.00
16   29	|	0	5	5	3	27	0.00
16   30	|	0	20	15	11	74	0.00
16   32	|	4	60	16	1	70	0.04
16   33	|	3	38	7	1	19	0.10
16   34	|	6	176	60	16	242	0.02
16   35	|	7	150	44	9	157	0.03
16   36	|	11	144	49	40	350	0.02
16   37	|	17	371	104	45	453	0.03
16   38	|	1	16	8	3	19	0.03
16   39	|	3	25	15	2	49	0.04
16   40	|	11	166	84	55	546	0.02
16   41	|	27	468	246	157	1424	0.01
16   42	|	30	532	227	80	1085	0.02
16   43	|	8	42	21	12	190	0.03
16   44	|	0	10	7	2	28	0.00
16   48	|	9	122	146	87	1316	0.01
16   49	|	2	27	32	12	225	0.01
16   50	|	0	4	8	5	60	0.00
16   52	|	4	80	70	50	469	0.01
16   53	|	7	165	128	90	1014	0.01

17   1	|	1	28	2	0	3	0.17
17   2	|	0	4	0	0	1	0.00
17   3	|	4	62	7	1	15	0.15
17   4	|	1	3	0	1	0	0.50
17   5	|	0	1	1	1	0	0.00
17   6	|	0	1	0	0	0	 - 
17   7	|	1	33	2	0	13	0.06
17   8	|	0	6	0	0	1	0.00
17   9	|	1	24	6	4	8	0.05
17   10	|	0	9	1	0	2	0.00
17   11	|	0	3	1	0	1	0.00
17   12	|	2	29	7	5	23	0.05
17   13	|	0	47	11	4	34	0.00
17   14	|	1	9	0	3	7	0.09
17   15	|	0	8	1	2	13	0.00
17   17	|	0	3	0	0	0	 - 
17   18	|	0	1	0	0	3	0.00
17   22	|	1	14	7	12	23	0.02
17   23	|	0	26	17	19	50	0.00
17   24	|	0	5	1	3	11	0.00
17   28	|	0	1	0	1	3	0.00
17   29	|	0	0	0	0	1	0.00
17   30	|	0	2	2	0	2	0.00
17   32	|	0	12	1	0	5	0.00
17   33	|	0	2	1	0	2	0.00
17   34	|	3	26	5	1	18	0.11
17   35	|	0	14	3	0	9	0.00
17   36	|	1	24	2	4	19	0.04
17   37	|	1	39	7	4	20	0.03
17   38	|	0	7	0	1	3	0.00
17   39	|	0	3	2	2	2	0.00
17   40	|	0	16	5	8	18	0.00
17   41	|	0	55	19	14	67	0.00
17   42	|	4	47	16	5	29	0.07
17   43	|	0	4	2	0	3	0.00
17   44	|	0	3	0	0	3	0.00
17   48	|	0	7	8	11	40	0.00
17   49	|	0	5	1	0	5	0.00
17   50	|	0	0	0	1	1	0.00
17   52	|	0	11	4	3	10	0.00
17   53	|	0	14	10	5	33	0.00

18   1	|	2	68	7	0	8	0.12
18   2	|	0	2	1	0	0	0.00
18   3	|	3	111	19	1	25	0.06
18   4	|	1	7	0	0	0	1.00
18   5	|	0	1	0	0	2	0.00
18   6	|	0	6	0	0	0	 - 
18   7	|	2	35	6	1	8	0.12
18   8	|	0	1	0	0	0	 - 
18   9	|	1	41	7	2	9	0.05
18   10	|	0	1	1	0	2	0.00
18   11	|	0	7	0	0	0	 - 
18   12	|	0	33	5	1	17	0.00
18   13	|	0	5	2	0	3	0.00
18   14	|	0	8	2	0	2	0.00
18   15	|	0	1	0	0	5	0.00
18   16	|	0	1	0	0	1	0.00
18   17	|	0	0	1	0	0	0.00
18   18	|	0	2	0	0	1	0.00
18   22	|	1	3	6	4	11	0.05
18   23	|	0	5	2	1	20	0.00
18   24	|	0	4	0	1	7	0.00
18   28	|	0	0	0	0	1	0.00
18   29	|	0	0	0	0	1	0.00
18   30	|	0	2	0	0	2	0.00
18   32	|	1	10	1	1	1	0.25
18   33	|	0	1	0	0	0	 - 
18   34	|	2	25	4	1	6	0.15
18   35	|	0	4	1	0	1	0.00
18   36	|	2	27	4	3	7	0.13
18   37	|	1	4	2	1	6	0.10
18   38	|	0	3	0	0	1	0.00
18   39	|	1	3	1	0	1	0.33
18   40	|	0	16	3	1	9	0.00
18   41	|	4	70	15	7	40	0.06
18   42	|	0	9	1	0	14	0.00
18   43	|	0	7	1	0	4	0.00
18   44	|	0	2	0	0	1	0.00
18   48	|	0	6	1	2	12	0.00
18   49	|	0	1	0	0	1	0.00
18   50	|	0	0	0	0	1	0.00
18   52	|	0	3	0	1	5	0.00
18   53	|	0	3	2	2	12	0.00

20   1	|	3	75	14	2	17	0.08
20   2	|	0	2	0	0	0	 - 
20   3	|	6	87	24	1	31	0.10
20   4	|	0	6	2	1	3	0.00
20   5	|	0	2	0	0	6	0.00
20   6	|	0	9	1	0	2	0.00
20   7	|	1	45	14	3	31	0.02
20   8	|	0	0	1	0	0	0.00
20   9	|	0	61	9	2	34	0.00
20   10	|	0	0	0	0	2	0.00
20   11	|	0	2	1	0	1	0.00
20   12	|	3	72	20	6	56	0.04
20   13	|	0	11	9	5	30	0.00
20   14	|	1	9	6	1	6	0.07
20   15	|	1	9	8	0	32	0.02
20   16	|	0	2	0	0	0	 - 
20   17	|	0	3	1	0	0	0.00
20   18	|	1	4	1	0	4	0.17
20   22	|	1	27	11	6	82	0.01
20   23	|	0	13	15	11	111	0.00
20   24	|	0	14	8	4	36	0.00
20   28	|	0	0	2	0	6	0.00
20   29	|	0	0	0	0	2	0.00
20   30	|	0	1	1	1	4	0.00
20   31	|	0	30	1	1	7	0.00
20   32	|	2	9	6	1	14	0.09
20   33	|	0	2	0	0	1	0.00
20   34	|	0	24	13	3	26	0.00
20   35	|	0	3	1	2	9	0.00
20   36	|	2	38	7	5	22	0.06
20   37	|	1	15	16	5	27	0.02
20   38	|	0	7	1	0	2	0.00
20   39	|	1	9	3	0	4	0.13
20   40	|	1	46	17	4	53	0.01
20   41	|	6	101	39	19	149	0.03
20   42	|	3	27	24	11	110	0.02
20   43	|	0	7	7	4	16	0.00
20   44	|	0	6	0	0	5	0.00
20   48	|	3	24	23	5	205	0.01
20   49	|	0	9	16	4	93	0.00
20   50	|	0	5	2	5	27	0.00
20   52	|	0	9	5	7	45	0.00
20   53	|	1	28	35	14	148	0.01

21   1	|	28	612	116	1	165	0.09
21   2	|	2	30	8	0	9	0.11
21   3	|	36	1038	173	7	337	0.07
21   4	|	1	34	9	1	9	0.05
21   5	|	1	28	3	0	19	0.04
21   6	|	1	64	14	0	9	0.04
21   7	|	16	350	91	18	206	0.05
21   8	|	0	6	6	2	8	0.00
21   9	|	23	532	112	3	251	0.06
21   10	|	1	15	6	1	12	0.05
21   11	|	0	49	4	0	8	0.00
21   12	|	25	556	124	17	296	0.05
21   13	|	5	60	26	12	123	0.03
21   14	|	2	70	20	4	32	0.03
21   15	|	2	34	19	6	92	0.02
21   16	|	0	8	2	0	5	0.00
21   17	|	1	6	2	1	4	0.13
21   18	|	0	19	9	7	42	0.00
21   22	|	11	154	54	10	333	0.03
21   23	|	7	36	52	26	432	0.01
21   24	|	1	54	25	12	155	0.01
21   28	|	0	5	3	1	27	0.00
21   29	|	0	3	3	0	8	0.00
21   30	|	0	15	4	4	19	0.00
21   31	|	8	193	43	2	64	0.07
21   32	|	5	104	26	6	74	0.05
21   33	|	0	12	2	0	7	0.00
21   34	|	8	186	53	29	179	0.03
21   35	|	2	29	11	5	50	0.03
21   36	|	13	236	58	15	153	0.05
21   37	|	3	79	27	15	141	0.02
21   38	|	2	64	6	0	15	0.09
21   39	|	0	39	9	1	26	0.00
21   40	|	12	326	79	11	256	0.03
21   41	|	25	674	207	39	672	0.03
21   42	|	6	106	81	34	451	0.01
21   43	|	7	66	24	7	110	0.05
21   44	|	3	20	12	0	19	0.09
21   48	|	9	118	96	26	714	0.01
21   49	|	3	20	34	20	365	0.01
21   50	|	2	34	17	16	142	0.01
21   52	|	4	30	27	8	234	0.01
21   53	|	5	48	64	32	649	0.01

22   1	|	8	167	25	3	71	0.07
22   2	|	1	11	3	1	4	0.11
22   3	|	17	261	78	27	236	0.05
22   4	|	0	6	4	1	20	0.00
22   5	|	0	14	10	3	43	0.00
22   6	|	1	7	2	1	5	0.11
22   7	|	4	114	66	32	266	0.01
22   8	|	0	5	1	5	29	0.00
22   9	|	6	153	69	24	290	0.02
22   10	|	0	9	11	6	36	0.00
22   11	|	1	15	1	1	5	0.13
22   12	|	13	179	118	44	698	0.01
22   13	|	4	68	82	56	491	0.01
22   14	|	1	29	27	12	107	0.01
22   15	|	2	48	49	30	400	0.00
22   16	|	0	3	1	1	8	0.00
22   17	|	0	3	1	1	12	0.00
22   18	|	1	16	11	9	178	0.01
22   22	|	9	96	108	41	1356	0.01
22   23	|	13	138	232	120	2598	0.00
22   24	|	3	67	69	49	728	0.00
22   28	|	0	8	6	4	84	0.00
22   29	|	1	3	4	0	32	0.03
22   30	|	0	10	7	4	101	0.00
22   31	|	3	49	37	4	162	0.01
22   32	|	1	48	34	15	167	0.00
22   33	|	0	10	10	2	26	0.00
22   34	|	5	80	64	35	340	0.01
22   35	|	2	22	33	27	249	0.01
22   36	|	4	94	77	39	490	0.01
22   37	|	8	108	105	43	776	0.01
22   38	|	1	16	5	1	29	0.03
22   39	|	1	21	21	10	138	0.01
22   40	|	6	120	81	55	732	0.01
22   41	|	17	323	254	120	1772	0.01
22   42	|	20	242	261	143	2513	0.01
22   43	|	3	52	46	26	501	0.01
22   44	|	0	14	14	5	74	0.00
22   48	|	28	187	356	127	4472	0.01
22   49	|	15	110	188	75	2800	0.00
22   50	|	6	52	74	35	1003	0.01
22   52	|	4	68	90	44	1309	0.00
22   53	|	15	183	243	86	3113	0.00

23   1	|	15	257	51	13	127	0.07
23   2	|	0	15	4	0	9	0.00
23   3	|	16	413	118	51	512	0.02
23   4	|	0	15	7	2	21	0.00
23   5	|	1	16	7	2	39	0.02
23   6	|	0	31	5	2	16	0.00
23   7	|	13	186	101	59	492	0.02
23   8	|	1	11	5	2	34	0.02
23   9	|	10	267	95	33	432	0.02
23   10	|	1	7	7	3	46	0.02
23   11	|	2	26	7	1	16	0.08
23   12	|	10	252	115	46	784	0.01
23   13	|	5	81	97	52	743	0.01
23   14	|	3	30	20	9	135	0.02
23   15	|	2	39	29	24	282	0.01
23   16	|	0	5	5	1	12	0.00
23   17	|	1	3	1	1	15	0.06
23   18	|	0	7	4	7	52	0.00
23   22	|	13	119	125	48	1786	0.01
23   23	|	7	77	122	58	1430	0.00
23   24	|	5	33	32	28	397	0.01
23   28	|	1	9	7	6	125	0.01
23   29	|	1	1	2	4	45	0.02
23   30	|	0	9	10	5	186	0.00
23   31	|	3	73	27	18	157	0.01
23   32	|	0	60	41	25	230	0.00
23   33	|	1	3	6	6	20	0.03
23   34	|	12	153	116	81	685	0.01
23   35	|	1	27	16	24	154	0.01
23   36	|	9	159	100	56	660	0.01
23   37	|	4	39	48	30	360	0.01
23   38	|	3	18	8	1	25	0.08
23   39	|	1	15	10	3	81	0.01
23   40	|	8	194	107	66	1026	0.01
23   41	|	26	444	348	174	2581	0.01
23   42	|	1	26	36	25	383	0.00
23   43	|	1	10	6	6	71	0.01
23   44	|	1	10	1	3	37	0.02
23   48	|	3	20	35	15	412	0.01
23   52	|	1	34	27	14	351	0.00
23   53	|	2	33	39	20	654	0.00

24   1	|	6	135	20	4	56	0.07
24   2	|	1	7	4	0	4	0.11
24   3	|	2	172	49	13	228	0.01
24   4	|	0	5	3	2	12	0.00
24   5	|	0	6	6	0	21	0.00
24   6	|	0	11	0	1	3	0.00
24   7	|	5	79	47	20	241	0.02
24   8	|	0	0	4	1	18	0.00
24   9	|	6	97	45	11	233	0.02
24   10	|	0	4	2	0	31	0.00
24   11	|	1	4	2	0	5	0.13
24   12	|	7	95	43	15	365	0.02
24   13	|	2	41	42	22	535	0.00
24   14	|	1	19	9	3	86	0.01
24   15	|	2	12	15	3	153	0.01
24   16	|	0	3	1	2	7	0.00
24   17	|	0	4	2	0	17	0.00
24   18	|	1	4	3	1	36	0.02
24   22	|	3	22	42	13	764	0.00
24   23	|	7	26	59	24	803	0.01
24   24	|	2	20	14	9	211	0.01
24   28	|	1	2	5	4	66	0.01
24   29	|	0	6	2	0	24	0.00
24   30	|	2	5	2	1	62	0.03
24   31	|	2	35	8	1	29	0.05
24   32	|	1	24	12	9	72	0.01
24   33	|	0	1	1	1	14	0.00
24   34	|	6	49	44	21	357	0.01
24   35	|	0	14	15	9	126	0.00
24   36	|	4	57	51	19	307	0.01
24   37	|	4	16	20	8	217	0.02
24   38	|	1	7	3	3	14	0.05
24   39	|	0	1	5	2	34	0.00
24   40	|	8	82	47	10	533	0.01
24   41	|	9	166	142	54	1452	0.01
24   42	|	1	27	18	9	295	0.00
24   43	|	1	11	5	0	43	0.02
24   44	|	0	4	3	0	26	0.00
24   48	|	1	0	6	2	177	0.01
24   52	|	1	8	17	2	162	0.01
24   53	|	3	10	18	14	289	0.01

25   1	|	3	52	10	1	13	0.11
25   2	|	0	5	1	0	1	0.00
25   3	|	8	81	14	0	18	0.20
25   4	|	0	4	1	0	4	0.00
25   5	|	0	2	1	0	5	0.00
25   6	|	0	2	2	0	1	0.00
25   7	|	0	27	7	0	17	0.00
25   8	|	0	0	1	0	1	0.00
25   9	|	3	37	7	1	13	0.13
25   10	|	0	1	0	0	4	0.00
25   11	|	0	2	0	0	0	 - 
25   12	|	3	45	14	2	36	0.05
25   13	|	1	5	1	6	12	0.05
25   14	|	0	10	4	0	4	0.00
25   15	|	0	4	1	1	11	0.00
25   16	|	0	1	0	0	0	 - 
25   17	|	0	1	1	0	0	0.00
25   18	|	0	0	1	0	4	0.00
25   22	|	0	13	6	3	31	0.00
25   23	|	1	15	3	1	50	0.02
25   24	|	0	2	4	3	23	0.00
25   28	|	0	1	0	0	2	0.00
25   30	|	0	1	1	0	2	0.00
25   32	|	0	8	0	0	7	0.00
25   33	|	0	1	0	0	1	0.00
25   34	|	0	13	5	0	15	0.00
25   35	|	0	3	1	1	9	0.00
25   36	|	0	23	3	3	10	0.00
25   37	|	1	13	4	1	24	0.03
25   38	|	0	4	1	0	0	0.00
25   39	|	0	2	0	1	5	0.00
25   40	|	1	30	4	0	17	0.05
25   41	|	2	56	13	7	52	0.03
25   42	|	5	25	9	9	69	0.05
25   43	|	2	6	3	0	9	0.14
25   44	|	0	0	0	0	2	0.00
25   48	|	1	16	15	4	109	0.01
25   49	|	0	5	8	4	61	0.00
25   50	|	0	5	0	4	16	0.00
25   52	|	2	7	2	2	31	0.05
25   53	|	1	11	8	2	106	0.01

26   1	|	1	42	11	2	13	0.04
26   2	|	0	3	0	0	2	0.00
26   3	|	2	55	17	4	50	0.03
26   4	|	0	0	0	0	1	0.00
26   5	|	0	4	2	0	2	0.00
26   6	|	0	1	0	0	2	0.00
26   7	|	0	34	10	4	26	0.00
26   8	|	0	0	3	0	2	0.00
26   9	|	1	29	11	4	39	0.02
26   10	|	0	2	2	0	2	0.00
26   11	|	0	3	0	0	0	 - 
26   12	|	4	43	15	8	88	0.03
26   13	|	0	12	8	4	79	0.00
26   14	|	0	5	2	4	11	0.00
26   15	|	0	10	7	6	66	0.00
26   16	|	0	0	1	2	0	0.00
26   17	|	0	0	0	1	1	0.00
26   18	|	0	2	0	0	26	0.00
26   22	|	2	14	19	5	183	0.01
26   23	|	3	27	23	9	386	0.01
26   24	|	1	8	8	5	116	0.01
26   28	|	1	1	0	0	14	0.07
26   29	|	0	0	0	0	4	0.00
26   30	|	0	0	1	0	15	0.00
26   32	|	2	16	3	1	29	0.06
26   33	|	0	4	1	1	2	0.00
26   34	|	1	15	11	4	65	0.01
26   35	|	0	1	4	2	19	0.00
26   36	|	1	19	13	6	76	0.01
26   37	|	1	19	11	5	83	0.01
26   38	|	0	5	0	0	3	0.00
26   39	|	0	9	2	1	12	0.00
26   40	|	0	25	8	2	81	0.00
26   41	|	5	72	31	12	226	0.02
26   42	|	2	19	23	18	275	0.01
26   43	|	0	6	2	5	48	0.00
26   44	|	0	2	0	3	10	0.00
26   48	|	0	22	16	4	339	0.00
26   49	|	1	5	3	2	56	0.02
26   50	|	0	2	0	1	20	0.00
26   52	|	0	10	4	6	146	0.00
26   53	|	2	17	11	13	301	0.01

30   1	|	7	148	25	0	38	0.10
30   2	|	0	10	0	0	2	0.00
30   3	|	12	204	40	1	63	0.10
30   4	|	0	6	2	0	2	0.00
30   5	|	0	4	0	0	1	0.00
30   6	|	1	14	0	0	1	0.50
30   7	|	4	92	20	9	41	0.05
30   8	|	1	2	0	0	1	0.50
30   9	|	14	142	28	0	42	0.17
30   10	|	0	0	0	0	1	0.00
30   11	|	1	11	2	0	5	0.13
30   12	|	2	72	19	0	26	0.04
30   13	|	1	13	4	2	11	0.06
30   14	|	0	12	3	0	2	0.00
30   15	|	1	6	1	1	8	0.09
30   18	|	0	2	0	0	1	0.00
30   19	|	2	121	30	4	102	0.01
30   20	|	0	10	7	0	10	0.00
30   21	|	1	2	2	0	4	0.14
30   22	|	1	16	6	0	19	0.04
30   23	|	0	8	1	1	12	0.00
30   24	|	0	7	2	1	10	0.00
30   25	|	0	26	6	1	37	0.00
30   26	|	0	2	1	0	9	0.00
30   27	|	1	6	2	3	2	0.13
30   28	|	0	2	1	0	2	0.00
30   29	|	0	2	0	0	0	 - 
30   30	|	0	1	0	0	3	0.00
30   32	|	0	13	4	1	12	0.00
30   33	|	0	1	0	1	1	0.00
30   34	|	2	35	6	5	29	0.05
30   35	|	0	2	0	1	6	0.00
30   36	|	2	51	15	0	20	0.05
30   37	|	0	9	2	0	3	0.00
30   38	|	0	4	3	0	2	0.00
30   39	|	0	9	1	0	1	0.00
30   40	|	2	47	8	0	21	0.06
30   41	|	3	72	30	4	55	0.03
30   42	|	0	3	2	1	9	0.00
30   43	|	1	6	1	0	2	0.25
30   44	|	1	4	2	0	1	0.25
30   45	|	1	49	21	7	110	0.01
30   46	|	0	5	3	0	16	0.00
30   47	|	0	1	1	0	8	0.00
30   48	|	0	5	1	0	12	0.00
30   49	|	0	0	0	0	2	0.00
30   50	|	0	2	0	0	0	 - 
30   51	|	0	18	8	4	58	0.00
30   52	|	1	1	0	0	5	0.17
30   53	|	0	6	1	0	17	0.00

31   1	|	16	262	39	0	57	0.14
31   2	|	0	14	4	0	2	0.00
31   3	|	21	362	58	1	80	0.13
31   4	|	0	9	3	0	1	0.00
31   5	|	0	11	0	0	3	0.00
31   6	|	0	11	1	0	0	0.00
31   7	|	4	156	42	4	55	0.04
31   8	|	0	2	2	0	1	0.00
31   9	|	14	265	54	0	85	0.09
31   10	|	0	1	3	0	3	0.00
31   11	|	2	15	2	0	3	0.29
31   12	|	0	122	25	3	75	0.00
31   13	|	1	15	7	0	24	0.03
31   14	|	2	28	5	0	13	0.10
31   15	|	0	8	5	1	13	0.00
31   16	|	0	1	0	0	1	0.00
31   17	|	0	1	0	0	0	 - 
31   18	|	0	4	1	0	1	0.00
31   19	|	15	178	78	10	284	0.04
31   20	|	0	12	10	0	29	0.00
31   21	|	2	18	6	1	9	0.11
31   22	|	1	27	11	2	58	0.01
31   23	|	2	7	10	2	51	0.03
31   24	|	3	13	10	1	34	0.06
31   25	|	2	40	19	0	116	0.01
31   26	|	2	5	3	2	34	0.05
31   27	|	2	11	3	1	25	0.06
31   29	|	0	4	0	0	2	0.00
31   30	|	0	2	2	0	9	0.00
31   32	|	4	37	7	1	16	0.14
31   33	|	0	0	0	0	1	0.00
31   34	|	4	65	17	10	43	0.05
31   35	|	1	9	4	0	6	0.09
31   36	|	7	85	22	1	37	0.10
31   37	|	1	8	3	0	11	0.07
31   38	|	0	13	2	0	0	0.00
31   39	|	0	10	2	0	2	0.00
31   40	|	6	82	11	3	50	0.09
31   41	|	8	154	41	9	131	0.04
31   42	|	1	5	6	2	40	0.02
31   43	|	0	11	7	0	8	0.00
31   44	|	0	6	1	1	2	0.00
31   45	|	12	88	48	11	378	0.03
31   46	|	1	24	6	3	63	0.01
31   47	|	1	6	3	0	18	0.05
31   48	|	1	8	8	1	78	0.01
31   49	|	0	3	1	0	18	0.00
31   50	|	0	3	0	0	11	0.00
31   51	|	4	31	24	4	247	0.01
31   52	|	0	2	1	1	18	0.00
31   53	|	1	7	5	1	80	0.01

32   1	|	6	192	32	0	50	0.07
32   2	|	1	9	3	0	3	0.14
32   3	|	16	262	46	1	53	0.14
32   4	|	1	13	0	0	2	0.33
32   5	|	0	3	1	0	2	0.00
32   6	|	1	6	0	0	3	0.25
32   7	|	3	119	24	7	39	0.04
32   8	|	0	2	0	1	0	0.00
32   9	|	8	195	36	0	62	0.08
32   10	|	0	1	0	0	0	 - 
32   11	|	2	11	2	0	1	0.40
32   12	|	1	120	23	3	54	0.01
32   13	|	0	14	7	1	14	0.00
32   14	|	1	22	3	0	8	0.08
32   15	|	1	6	0	0	10	0.09
32   16	|	0	1	0	0	1	0.00
32   18	|	1	2	0	0	2	0.33
32   19	|	6	125	50	9	210	0.02
32   20	|	1	10	1	0	30	0.03
32   21	|	0	11	3	1	12	0.00
32   22	|	0	29	7	0	46	0.00
32   23	|	1	2	1	1	67	0.01
32   24	|	0	13	4	2	21	0.00
32   25	|	1	27	10	0	65	0.01
32   26	|	0	6	1	1	20	0.00
32   27	|	1	13	1	0	12	0.07
32   28	|	0	0	1	0	5	0.00
32   29	|	0	1	0	0	0	 - 
32   30	|	0	1	0	0	4	0.00
32   32	|	2	25	10	3	11	0.08
32   33	|	0	0	0	0	2	0.00
32   34	|	1	52	8	3	32	0.02
32   35	|	1	3	1	0	2	0.25
32   36	|	5	69	16	1	21	0.12
32   37	|	1	10	2	0	9	0.08
32   38	|	1	7	0	0	1	0.50
32   39	|	1	10	1	0	0	0.50
32   40	|	3	58	15	3	35	0.05
32   41	|	2	87	33	5	106	0.01
32   42	|	2	5	6	1	23	0.06
32   43	|	1	7	3	0	10	0.07
32   44	|	0	2	1	0	4	0.00
32   45	|	6	66	41	12	310	0.02
32   46	|	1	11	4	1	51	0.02
32   47	|	1	11	1	3	14	0.05
32   48	|	3	3	3	2	43	0.06
32   49	|	0	3	1	0	10	0.00
32   50	|	0	1	1	0	8	0.00
32   51	|	2	16	15	2	189	0.01
32   52	|	0	5	1	0	21	0.00
32   53	|	0	4	3	0	64	0.00

33   1	|	4	43	5	1	10	0.20
33   2	|	0	4	0	0	1	0.00
33   3	|	3	64	8	3	13	0.11
33   4	|	0	3	0	0	1	0.00
33   5	|	0	2	0	0	0	 - 
33   6	|	0	5	1	0	1	0.00
33   7	|	2	32	10	1	15	0.07
33   8	|	0	0	0	0	1	0.00
33   9	|	1	52	7	0	17	0.04
33   10	|	0	0	0	0	1	0.00
33   11	|	0	4	0	0	1	0.00
33   12	|	0	18	5	0	19	0.00
33   13	|	0	1	1	2	14	0.00
33   14	|	1	6	1	1	2	0.20
33   15	|	0	2	3	1	4	0.00
33   16	|	0	1	0	0	0	 - 
33   18	|	0	0	0	0	1	0.00
33   19	|	2	24	20	3	118	0.01
33   20	|	0	2	2	1	15	0.00
33   21	|	0	3	0	0	5	0.00
33   22	|	0	3	2	2	17	0.00
33   23	|	0	3	5	0	40	0.00
33   24	|	0	5	1	1	14	0.00
33   25	|	0	4	4	0	42	0.00
33   26	|	0	0	0	0	8	0.00
33   27	|	0	3	1	0	4	0.00
33   28	|	0	0	0	0	1	0.00
33   30	|	0	1	0	0	5	0.00
33   32	|	0	9	2	0	1	0.00
33   34	|	0	9	4	0	15	0.00
33   35	|	0	1	0	0	2	0.00
33   36	|	0	20	4	0	11	0.00
33   37	|	0	4	1	1	8	0.00
33   38	|	0	2	0	0	1	0.00
33   39	|	0	2	0	0	0	 - 
33   40	|	1	14	3	0	17	0.05
33   41	|	1	22	8	1	53	0.02
33   42	|	0	1	0	0	16	0.00
33   43	|	0	1	1	0	7	0.00
33   44	|	0	2	0	0	0	 - 
33   45	|	2	26	24	2	184	0.01
33   46	|	0	6	2	1	55	0.00
33   47	|	0	5	0	0	11	0.00
33   48	|	0	0	2	0	34	0.00
33   49	|	0	1	0	0	7	0.00
33   50	|	0	1	1	0	6	0.00
33   51	|	1	7	6	1	125	0.01
33   52	|	0	1	1	1	13	0.00
33   53	|	0	4	1	0	32	0.00

34   1	|	0	1	0	0	0	 - 
34   3	|	0	2	2	0	0	0.00
34   5	|	0	0	1	0	0	0.00
34   7	|	0	4	2	0	2	0.00
34   9	|	0	2	0	0	1	0.00
34   12	|	1	4	1	0	7	0.11
34   13	|	0	1	0	0	0	 - 
34   14	|	1	1	0	0	0	1.00
34   15	|	0	0	1	0	3	0.00
34   17	|	0	0	0	0	1	0.00
34   19	|	1	12	6	3	32	0.02
34   20	|	0	0	1	0	3	0.00
34   21	|	0	0	0	0	1	0.00
34   22	|	0	2	1	2	19	0.00
34   23	|	0	4	1	1	20	0.00
34   24	|	0	0	2	0	5	0.00
34   25	|	0	2	2	0	19	0.00
34   26	|	0	0	1	0	4	0.00
34   27	|	0	1	0	0	1	0.00
34   30	|	0	2	0	0	1	0.00
34   32	|	0	0	0	0	2	0.00
34   34	|	0	2	0	1	2	0.00
34   35	|	0	0	1	0	1	0.00
34   36	|	0	1	0	0	2	0.00
34   37	|	0	2	0	0	0	 - 
34   40	|	0	3	1	0	3	0.00
34   41	|	0	10	5	3	14	0.00
34   42	|	0	1	1	0	11	0.00
34   43	|	0	0	0	0	2	0.00
34   44	|	0	0	0	0	1	0.00
34   45	|	0	11	10	5	77	0.00
34   46	|	0	0	1	2	16	0.00
34   47	|	0	0	0	0	4	0.00
34   48	|	0	0	5	1	27	0.00
34   49	|	0	1	0	0	9	0.00
34   50	|	0	0	0	0	2	0.00
34   51	|	1	3	4	3	61	0.01
34   52	|	0	0	0	0	7	0.00
34   53	|	0	1	0	0	23	0.00

35   1	|	0	16	10	0	4	0.00
35   3	|	1	36	6	3	10	0.05
35   4	|	0	2	0	0	1	0.00
35   5	|	0	0	1	0	0	0.00
35   6	|	0	4	0	0	0	 - 
35   7	|	1	35	14	4	27	0.02
35   8	|	0	1	0	1	1	0.00
35   9	|	2	33	2	0	12	0.13
35   10	|	0	0	0	0	2	0.00
35   11	|	0	2	0	0	4	0.00
35   12	|	1	40	18	3	39	0.02
35   13	|	0	5	3	2	22	0.00
35   14	|	0	9	5	0	11	0.00
35   15	|	0	5	1	0	5	0.00
35   16	|	0	0	0	0	1	0.00
35   17	|	0	0	0	0	2	0.00
35   18	|	0	3	0	0	4	0.00
35   19	|	3	64	25	7	220	0.01
35   20	|	0	4	5	1	30	0.00
35   21	|	0	5	2	1	14	0.00
35   22	|	0	17	5	1	59	0.00
35   23	|	0	5	7	2	96	0.00
35   24	|	0	3	3	2	25	0.00
35   25	|	3	4	7	2	87	0.03
35   26	|	1	6	0	0	34	0.03
35   27	|	1	5	2	0	11	0.07
35   28	|	0	1	0	0	0	 - 
35   29	|	0	1	0	0	0	 - 
35   30	|	0	0	1	0	6	0.00
35   32	|	1	12	1	0	5	0.14
35   34	|	1	9	6	3	23	0.03
35   35	|	0	2	2	0	3	0.00
35   36	|	1	13	5	1	12	0.05
35   37	|	0	3	0	0	6	0.00
35   38	|	1	2	0	0	0	1.00
35   39	|	0	2	1	0	2	0.00
35   40	|	1	21	9	3	22	0.03
35   41	|	6	56	18	2	88	0.05
35   42	|	1	3	6	2	48	0.02
35   43	|	0	7	1	1	12	0.00
35   44	|	0	1	2	0	4	0.00
35   45	|	6	50	44	17	438	0.01
35   46	|	2	11	7	11	114	0.01
35   47	|	0	6	3	1	20	0.00
35   48	|	1	8	7	6	122	0.01
35   49	|	0	1	4	1	35	0.00
35   50	|	0	1	1	1	17	0.00
35   51	|	4	15	23	11	322	0.01
35   52	|	0	0	1	0	12	0.00
35   53	|	1	4	6	2	99	0.01

36   1	|	0	12	2	0	4	0.00
36   2	|	0	1	0	0	1	0.00
36   3	|	0	10	8	2	14	0.00
36   4	|	0	1	0	0	3	0.00
36   5	|	0	0	0	0	2	0.00
36   6	|	0	1	0	0	0	 - 
36   7	|	2	24	13	4	44	0.03
36   8	|	0	1	0	0	3	0.00
36   9	|	1	13	7	2	30	0.03
36   10	|	0	1	0	0	4	0.00
36   12	|	1	9	10	5	81	0.01
36   13	|	0	4	8	7	60	0.00
36   14	|	0	1	0	1	12	0.00
36   15	|	0	1	0	0	23	0.00
36   16	|	0	0	0	0	1	0.00
36   17	|	0	0	0	0	2	0.00
36   18	|	0	1	0	0	3	0.00
36   19	|	2	32	37	30	641	0.00
36   20	|	0	7	6	2	91	0.00
36   21	|	0	0	0	1	11	0.00
36   22	|	0	3	10	5	159	0.00
36   23	|	0	2	5	3	97	0.00
36   24	|	0	0	1	0	20	0.00
36   25	|	0	10	8	7	300	0.00
36   26	|	0	2	2	1	81	0.00
36   27	|	0	2	0	1	11	0.00
36   28	|	0	0	0	0	6	0.00
36   29	|	0	0	0	0	2	0.00
36   30	|	0	0	2	0	31	0.00
36   32	|	0	5	2	3	5	0.00
36   33	|	0	0	0	0	3	0.00
36   34	|	0	14	6	6	69	0.00
36   35	|	0	2	0	1	9	0.00
36   36	|	0	9	4	5	55	0.00
36   37	|	0	1	2	0	13	0.00
36   39	|	0	3	0	0	4	0.00
36   40	|	0	16	6	5	110	0.00
36   41	|	3	27	12	28	294	0.01
36   42	|	0	0	0	0	7	0.00
36   43	|	0	0	1	0	3	0.00
36   44	|	0	0	1	0	0	0.00
36   45	|	1	0	4	3	53	0.02
36   46	|	0	0	0	1	14	0.00
36   48	|	0	0	0	0	2	0.00
36   51	|	0	1	1	0	20	0.00
36   52	|	0	1	0	0	9	0.00
36   53	|	0	1	2	1	29	0.00

37   1	|	0	6	0	0	2	0.00
37   3	|	0	9	2	2	10	0.00
37   5	|	0	0	0	0	2	0.00
37   6	|	0	1	0	0	0	 - 
37   7	|	0	7	3	3	26	0.00
37   8	|	0	0	0	0	3	0.00
37   9	|	0	4	1	2	10	0.00
37   10	|	0	1	0	1	2	0.00
37   11	|	0	1	0	0	0	 - 
37   12	|	2	13	10	1	71	0.02
37   13	|	0	3	3	1	56	0.00
37   14	|	1	1	2	1	19	0.04
37   15	|	0	4	4	2	24	0.00
37   16	|	0	0	0	0	1	0.00
37   17	|	0	1	0	0	2	0.00
37   18	|	0	0	0	0	11	0.00
37   19	|	4	23	31	20	503	0.01
37   20	|	0	4	9	4	82	0.00
37   21	|	0	3	2	1	29	0.00
37   22	|	0	8	6	4	157	0.00
37   23	|	2	14	17	7	488	0.00
37   24	|	3	5	8	9	174	0.02
37   25	|	2	10	17	6	274	0.01
37   26	|	0	4	4	5	115	0.00
37   27	|	2	2	5	5	59	0.03
37   28	|	0	0	0	0	7	0.00
37   30	|	0	0	1	0	16	0.00
37   32	|	0	2	2	1	7	0.00
37   33	|	0	0	0	0	1	0.00
37   34	|	1	6	2	4	36	0.02
37   35	|	1	0	0	3	18	0.05
37   36	|	0	3	0	1	30	0.00
37   37	|	0	4	1	2	43	0.00
37   38	|	0	1	0	1	1	0.00
37   39	|	0	1	1	1	3	0.00
37   40	|	0	4	4	3	46	0.00
37   41	|	3	19	18	11	257	0.01
37   42	|	2	13	16	9	242	0.01
37   43	|	0	3	1	0	49	0.00
37   44	|	0	1	1	0	3	0.00
37   45	|	10	48	106	59	2016	0.00
37   46	|	0	16	19	15	580	0.00
37   47	|	0	5	3	7	101	0.00
37   48	|	1	10	30	5	553	0.00
37   49	|	0	3	12	2	205	0.00
37   50	|	0	2	4	5	80	0.00
37   51	|	1	29	54	29	1680	0.00
37   52	|	1	0	7	0	69	0.01
37   53	|	2	7	17	8	430	0.00

38   1	|	0	3	0	0	2	0.00
38   3	|	0	9	2	1	12	0.00
38   5	|	0	0	0	1	0	0.00
38   7	|	0	9	7	0	23	0.00
38   8	|	0	2	0	0	0	 - 
38   9	|	1	4	0	2	16	0.05
38   10	|	0	0	0	0	3	0.00
38   11	|	0	2	0	0	0	 - 
38   12	|	0	10	1	1	56	0.00
38   13	|	0	2	5	0	35	0.00
38   14	|	0	1	0	0	2	0.00
38   15	|	0	1	1	0	11	0.00
38   17	|	0	0	0	0	1	0.00
38   18	|	0	0	0	0	1	0.00
38   19	|	1	13	18	2	469	0.00
38   20	|	0	1	3	2	61	0.00
38   21	|	0	1	0	0	8	0.00
38   22	|	0	3	1	0	82	0.00
38   23	|	0	1	3	1	69	0.00
38   24	|	0	0	1	0	15	0.00
38   25	|	0	3	5	1	150	0.00
38   26	|	0	1	2	2	69	0.00
38   27	|	0	0	0	0	5	0.00
38   28	|	0	0	0	0	4	0.00
38   29	|	0	0	0	0	1	0.00
38   30	|	0	1	2	0	12	0.00
38   32	|	0	0	1	0	4	0.00
38   34	|	0	1	4	0	29	0.00
38   35	|	0	1	0	0	10	0.00
38   36	|	0	3	2	1	24	0.00
38   37	|	0	1	1	0	11	0.00
38   38	|	0	0	0	0	2	0.00
38   40	|	0	4	4	3	76	0.00
38   41	|	0	8	17	2	175	0.00
38   42	|	0	0	0	0	3	0.00
38   43	|	0	1	0	0	4	0.00
38   44	|	0	0	0	0	3	0.00
38   45	|	0	0	3	0	16	0.00
38   46	|	0	0	1	0	3	0.00
38   48	|	0	0	0	0	1	0.00
38   51	|	0	0	0	0	13	0.00
38   52	|	0	1	0	0	10	0.00
38   53	|	0	0	0	0	17	0.00

39   1	|	0	3	0	0	0	 - 
39   3	|	1	3	0	0	1	0.50
39   7	|	0	4	1	0	3	0.00
39   9	|	0	3	1	0	1	0.00
39   12	|	0	4	1	0	2	0.00
39   13	|	0	1	0	0	3	0.00
39   14	|	0	1	0	0	2	0.00
39   15	|	0	1	0	0	1	0.00
39   16	|	0	0	0	1	0	0.00
39   18	|	0	1	0	0	0	 - 
39   19	|	0	6	4	1	38	0.00
39   20	|	0	0	2	0	9	0.00
39   21	|	0	0	0	0	2	0.00
39   22	|	0	0	0	0	8	0.00
39   23	|	0	2	1	0	16	0.00
39   24	|	0	0	0	0	6	0.00
39   25	|	0	0	1	0	16	0.00
39   26	|	1	0	0	2	6	0.11
39   27	|	0	0	0	0	4	0.00
39   28	|	0	0	0	0	1	0.00
39   30	|	0	1	0	0	0	 - 
39   32	|	0	1	0	0	1	0.00
39   34	|	0	1	1	0	0	0.00
39   35	|	0	0	0	0	1	0.00
39   36	|	0	1	0	1	1	0.00
39   37	|	0	0	0	0	1	0.00
39   39	|	0	1	0	0	0	 - 
39   40	|	0	1	0	0	1	0.00
39   41	|	0	2	0	0	15	0.00
39   42	|	0	0	0	0	8	0.00
39   43	|	0	0	0	0	2	0.00
39   44	|	0	1	0	0	0	 - 
39   45	|	1	4	8	2	76	0.01
39   46	|	0	3	2	1	34	0.00
39   47	|	0	0	0	1	3	0.00
39   48	|	0	1	3	0	27	0.00
39   49	|	0	1	0	0	14	0.00
39   50	|	0	0	0	0	5	0.00
39   51	|	1	3	5	2	90	0.01
39   52	|	0	1	1	0	5	0.00
39   53	|	0	2	0	1	18	0.00

40   1	|	0	61	4	0	8	0.00
40   2	|	0	2	0	0	2	0.00
40   3	|	2	72	8	1	9	0.10
40   4	|	0	6	0	0	0	 - 
40   5	|	0	1	0	0	2	0.00
40   6	|	0	6	0	0	0	 - 
40   7	|	6	101	19	1	19	0.13
40   8	|	0	0	0	0	2	0.00
40   9	|	4	48	6	0	6	0.25
40   10	|	0	0	1	0	0	0.00
40   11	|	0	3	0	0	0	 - 
40   12	|	1	70	11	1	21	0.03
40   14	|	1	19	5	1	5	0.08
40   16	|	0	1	0	0	0	 - 
40   17	|	0	1	0	0	0	 - 
40   18	|	0	0	2	0	1	0.00
40   22	|	1	22	5	4	36	0.02
40   29	|	0	2	0	1	1	0.00
40   32	|	0	22	3	0	2	0.00
40   34	|	1	44	5	0	16	0.05
40   36	|	1	33	4	2	10	0.06
40   37	|	0	4	2	0	2	0.00
40   38	|	0	1	0	0	0	 - 
40   39	|	0	0	0	0	2	0.00
40   40	|	1	39	11	1	19	0.03
40   41	|	5	80	22	9	44	0.06

41   1	|	7	88	14	0	12	0.21
41   2	|	0	9	1	0	2	0.00
41   3	|	2	119	12	0	23	0.05
41   6	|	1	3	0	0	0	1.00
41   7	|	12	196	35	1	45	0.13
41   9	|	4	110	13	0	20	0.11
41   11	|	0	10	0	0	0	 - 
41   17	|	0	0	2	0	0	0.00
41   18	|	0	2	0	0	2	0.00
41   29	|	1	2	0	0	0	1.00
41   33	|	0	1	0	0	0	 - 
41   36	|	3	53	7	2	31	0.07
41   38	|	0	3	1	0	1	0.00
41   40	|	7	71	10	3	77	0.07
41   44	|	0	13	3	0	5	0.00

42   1	|	3	77	6	0	15	0.13
42   2	|	0	4	1	0	1	0.00
42   3	|	6	102	18	3	18	0.13
42   7	|	7	153	24	3	42	0.09
42   8	|	0	2	0	0	2	0.00
42   9	|	6	78	7	0	17	0.20
42   10	|	0	0	0	0	1	0.00
42   11	|	1	12	0	0	0	1.00
42   29	|	0	1	0	0	2	0.00
42   30	|	1	3	1	0	8	0.10
42   32	|	2	30	6	0	8	0.13
42   36	|	0	51	6	2	37	0.00
42   38	|	0	3	0	0	2	0.00
42   39	|	0	0	0	0	6	0.00
42   40	|	2	51	12	3	73	0.02

43   1	|	0	24	4	0	6	0.00
43   2	|	0	2	0	0	0	 - 
43   3	|	1	26	2	1	8	0.08
43   5	|	0	2	1	0	1	0.00
43   9	|	0	30	3	0	16	0.00
43   11	|	0	5	1	0	1	0.00
43   33	|	0	0	0	0	2	0.00
43   44	|	0	3	2	1	3	0.00

44   1	|	1	18	2	0	0	0.33
44   3	|	2	27	3	0	12	0.12
44   4	|	1	1	0	0	1	0.50
44   8	|	0	1	0	0	1	0.00
44   9	|	0	12	2	0	13	0.00
44   11	|	0	1	0	0	2	0.00
44   14	|	0	3	0	0	11	0.00
44   30	|	0	0	0	0	4	0.00
44   35	|	0	2	1	0	10	0.00
44   37	|	0	0	3	1	23	0.00
44   38	|	0	0	0	0	3	0.00
44   44	|	0	2	0	0	3	0.00
44   48	|	0	2	3	4	63	0.00

45   1	|	0	7	0	0	1	0.00
45   3	|	0	4	1	0	1	0.00
45   9	|	0	5	0	0	0	 - 
45   22	|	0	1	0	0	3	0.00
45   24	|	0	1	0	0	1	0.00
45   34	|	1	5	2	0	0	0.33
45   36	|	0	1	0	0	1	0.00
45   40	|	0	3	1	0	1	0.00
45   41	|	2	7	0	0	4	0.33
45   42	|	0	0	0	0	1	0.00

46   1	|	2	13	2	0	1	0.40
46   5	|	0	2	0	0	1	0.00
46   11	|	0	4	2	0	0	0.00
46   16	|	0	1	0	0	0	 - 
46   37	|	0	12	7	3	32	0.00

47   1	|	0	2	2	0	1	0.00
47   3	|	0	5	0	0	0	 - 
47   7	|	0	5	1	0	1	0.00
47   22	|	0	0	0	0	4	0.00
47   35	|	0	2	0	0	1	0.00
47   37	|	0	1	0	0	3	0.00
47   42	|	0	1	2	0	0	0.00
47   48	|	0	0	0	1	3	0.00

48   1	|	1	4	1	0	1	0.33
48   3	|	0	7	0	0	1	0.00
48   7	|	0	11	0	0	5	0.00
48   9	|	0	3	0	0	0	 - 
48   12	|	0	4	1	0	1	0.00
48   14	|	0	1	0	0	0	 - 
48   22	|	0	2	1	0	2	0.00
48   40	|	0	1	1	0	1	0.00
48   41	|	3	3	5	1	4	0.23
48   53	|	0	0	0	0	1	0.00

50   1	|	10	188	31	0	28	0.14
50   2	|	0	19	0	0	1	0.00
50   3	|	6	257	36	4	53	0.06
50   5	|	0	9	2	0	3	0.00
50   6	|	0	7	0	0	1	0.00
50   7	|	2	131	21	2	39	0.03
50   8	|	0	0	0	0	2	0.00
50   9	|	12	173	30	4	30	0.16
50   10	|	0	3	0	0	1	0.00
50   12	|	4	69	15	6	43	0.06
50   14	|	3	34	6	0	13	0.14
50   28	|	0	2	0	1	3	0.00
50   29	|	0	2	0	0	3	0.00
50   30	|	0	2	0	0	5	0.00
50   32	|	1	29	6	0	7	0.07
50   33	|	0	2	0	0	0	 - 
50   34	|	2	75	15	2	32	0.04
50   36	|	4	59	10	3	23	0.10
50   38	|	0	7	1	0	1	0.00
50   40	|	2	56	18	1	53	0.03
50   43	|	1	11	3	0	3	0.14
50   44	|	1	8	1	0	1	0.33

51   1	|	18	370	47	1	75	0.13
51   2	|	1	18	3	0	6	0.10
51   3	|	19	465	90	6	165	0.07
51   9	|	19	316	54	8	151	0.08
51   10	|	0	8	0	0	18	0.00
51   11	|	1	39	6	0	9	0.06
51   14	|	1	77	16	2	72	0.01
51   29	|	1	4	0	0	15	0.06
51   33	|	0	5	1	0	10	0.00

52   1	|	11	248	42	1	34	0.13
52   2	|	0	13	2	0	1	0.00
52   3	|	13	309	58	6	84	0.08
52   5	|	2	13	1	1	9	0.15
52   9	|	9	208	39	7	92	0.06
52   10	|	0	7	1	0	11	0.00
52   11	|	0	20	2	0	4	0.00
52   16	|	0	0	1	0	2	0.00
52   18	|	0	4	1	2	15	0.00
52   38	|	0	7	3	2	4	0.00
52   44	|	1	11	1	1	13	0.06

53   1	|	1	86	13	2	16	0.03
53   6	|	0	0	1	0	0	0.00
53   11	|	0	5	2	0	2	0.00
53   16	|	1	1	1	0	3	0.20
53   36	|	2	39	9	12	136	0.01
53   44	|	0	5	2	0	14	0.00

54   1	|	1	50	5	0	8	0.07
54   43	|	0	4	2	0	39	0.00

55   1	|	0	8	2	0	3	0.00
55   3	|	1	21	3	0	6	0.10
55   7	|	0	9	2	0	4	0.00
55   9	|	0	12	1	0	1	0.00
55   11	|	0	1	0	0	0	 - 
55   18	|	0	0	1	0	0	0.00
55   34	|	0	3	1	0	3	0.00
55   52	|	0	1	0	0	0	 - 
55   53	|	0	1	0	0	2	0.00


57   1	|	0	2	1	0	0	0.00
57   8	|	0	4	1	0	1	0.00
57   10	|	0	2	0	0	0	 - 
57   29	|	0	0	1	0	0	0.00
57   30	|	0	2	0	1	0	0.00
57   43	|	0	0	0	0	4	0.00

58   1	|	1	14	2	0	3	0.17
58   3	|	2	18	3	0	4	0.22
58   8	|	0	2	0	0	0	 - 
58   13	|	0	2	0	0	3	0.00
58   14	|	0	3	0	0	0	 - 
58   33	|	0	1	0	0	0	 - 
58   38	|	0	0	0	0	1	0.00
58   39	|	0	0	1	0	1	0.00
58   48	|	0	1	1	1	4	0.00

60   1	|	0	4	1	0	1	0.00
60   2	|	1	1	1	0	0	0.50
60   3	|	1	1	0	0	2	0.33
60   5	|	0	1	0	0	3	0.00
60   6	|	0	2	0	0	0	 - 
60   7	|	0	0	1	0	2	0.00
60   9	|	0	2	0	0	1	0.00
60   11	|	0	0	0	0	1	0.00
60   12	|	0	2	2	2	16	0.00
60   13	|	1	3	1	2	9	0.08
60   14	|	0	2	0	1	5	0.00
60   15	|	0	1	0	2	4	0.00
60   17	|	0	1	0	0	0	 - 
60   18	|	0	0	0	0	4	0.00
60   22	|	1	5	1	1	19	0.05
60   23	|	0	1	1	2	41	0.00
60   24	|	0	0	0	1	13	0.00
60   28	|	0	3	0	0	6	0.00
60   30	|	0	0	2	0	7	0.00
60   32	|	1	0	1	0	1	0.33
60   33	|	0	1	0	0	1	0.00
60   34	|	0	3	2	0	8	0.00
60   35	|	0	2	1	0	5	0.00
60   36	|	0	3	3	0	8	0.00
60   37	|	1	4	0	0	12	0.08
60   39	|	0	0	0	1	2	0.00
60   40	|	0	0	0	0	5	0.00
60   41	|	0	23	13	2	43	0.00
60   42	|	0	9	6	2	40	0.00
60   43	|	0	5	0	1	13	0.00
60   44	|	0	4	0	0	1	0.00
60   48	|	1	4	4	2	52	0.02
60   49	|	0	2	2	2	20	0.00
60   50	|	0	0	0	1	10	0.00
60   52	|	0	5	2	0	13	0.00
60   53	|	1	14	5	4	63	0.01

61   1	|	0	4	0	0	1	0.00
61   2	|	0	0	1	0	0	0.00
61   3	|	0	4	1	0	2	0.00
61   4	|	0	1	0	0	0	 - 
61   5	|	0	3	1	0	2	0.00
61   7	|	0	4	1	0	2	0.00
61   9	|	0	3	0	1	1	0.00
61   10	|	0	1	0	0	0	 - 
61   12	|	0	1	2	0	11	0.00
61   13	|	0	1	1	1	4	0.00
61   14	|	0	1	0	1	0	0.00
61   15	|	1	4	1	0	1	0.33
61   17	|	0	0	0	0	1	0.00
61   18	|	0	1	1	0	1	0.00
61   22	|	0	0	1	0	14	0.00
61   23	|	1	3	4	0	10	0.07
61   24	|	0	1	2	0	6	0.00
61   28	|	0	1	1	0	2	0.00
61   29	|	0	0	0	1	1	0.00
61   30	|	0	1	1	0	3	0.00
61   32	|	0	3	0	0	3	0.00
61   33	|	0	3	1	0	0	0.00
61   34	|	0	6	0	0	3	0.00
61   35	|	0	1	0	0	0	 - 
61   36	|	0	3	2	1	0	0.00
61   37	|	0	5	2	0	5	0.00
61   38	|	0	0	1	0	0	0.00
61   39	|	0	3	0	0	2	0.00
61   40	|	0	0	0	1	5	0.00
61   41	|	1	11	12	4	34	0.02
61   42	|	1	10	3	1	14	0.05
61   43	|	0	2	2	0	2	0.00
61   48	|	0	2	7	0	44	0.00
61   49	|	0	0	2	0	9	0.00
61   50	|	0	0	1	0	3	0.00
61   52	|	0	5	2	0	12	0.00
61   53	|	0	5	0	1	32	0.00

71   1	|	0	0	0	0	1	0.00
71   2	|	0	1	0	0	0	 - 
71   3	|	0	1	0	2	0	0.00
71   4	|	0	1	0	0	0	 - 
71   5	|	0	0	1	0	0	0.00
71   6	|	0	0	0	0	1	0.00
71   7	|	0	0	0	0	2	0.00
71   8	|	0	0	0	0	1	0.00
71   10	|	0	0	0	0	1	0.00
71   12	|	1	0	1	0	4	0.17
71   13	|	0	2	5	0	8	0.00
71   14	|	0	2	1	0	4	0.00
71   15	|	0	5	6	0	7	0.00
71   16	|	0	0	0	0	2	0.00
71   18	|	0	2	0	0	2	0.00
71   22	|	0	6	4	0	25	0.00
71   23	|	0	2	2	0	31	0.00
71   24	|	0	1	3	1	13	0.00
71   28	|	0	1	0	0	1	0.00
71   30	|	1	1	1	1	2	0.20
71   32	|	0	0	0	1	1	0.00
71   34	|	0	1	0	1	2	0.00
71   35	|	0	1	1	0	1	0.00
71   36	|	0	8	4	0	1	0.00
71   37	|	0	3	1	0	3	0.00
71   39	|	0	1	0	0	0	 - 
71   40	|	0	1	0	1	7	0.00
71   41	|	1	16	8	1	36	0.02
71   42	|	0	1	3	1	19	0.00
71   43	|	0	1	0	0	6	0.00
71   44	|	0	0	0	0	1	0.00
71   48	|	0	2	0	0	23	0.00
71   49	|	0	0	0	0	8	0.00
71   50	|	0	0	0	0	4	0.00
71   52	|	0	1	1	0	9	0.00
71   53	|	1	3	5	0	20	0.04

72   1	|	0	0	0	0	3	0.00
72   5	|	0	1	0	0	0	 - 
72   7	|	0	0	0	0	1	0.00
72   8	|	0	1	0	0	0	 - 
72   12	|	0	2	1	0	5	0.00
72   13	|	0	1	0	0	2	0.00
72   14	|	0	0	0	0	3	0.00
72   15	|	0	4	2	0	1	0.00
72   22	|	1	3	0	1	17	0.05
72   23	|	0	2	1	0	18	0.00
72   24	|	0	0	2	0	3	0.00
72   28	|	0	0	0	0	1	0.00
72   32	|	0	0	1	0	0	0.00
72   33	|	0	0	0	0	1	0.00
72   34	|	1	1	0	0	1	0.50
72   35	|	0	1	0	1	0	0.00
72   36	|	0	3	2	0	5	0.00
72   38	|	0	1	0	0	0	 - 
72   39	|	0	1	0	0	0	 - 
72   40	|	0	0	1	0	0	0.00
72   41	|	1	4	2	2	16	0.05
72   42	|	0	1	4	1	5	0.00
72   43	|	0	0	1	1	4	0.00
72   44	|	0	1	0	0	0	 - 
72   48	|	0	1	0	2	18	0.00
72   49	|	0	0	1	1	3	0.00
72   50	|	0	0	1	0	1	0.00
72   52	|	0	0	0	0	4	0.00
72   53	|	0	2	1	0	10	0.00

80   1	|	0	31	6	0	7	0.00
80   2	|	0	0	0	0	1	0.00
80   3	|	1	39	5	0	13	0.05
80   4	|	1	2	0	0	1	0.50
80   6	|	0	1	0	0	1	0.00
80   7	|	2	17	6	0	13	0.10
80   9	|	1	30	3	1	13	0.06
80   10	|	0	2	0	0	1	0.00
80   12	|	2	14	4	0	16	0.09
80   13	|	0	3	4	0	7	0.00
80   14	|	0	5	1	0	2	0.00
80   15	|	0	3	0	0	9	0.00
80   19	|	2	24	6	1	103	0.02
80   20	|	0	5	0	0	10	0.00
80   21	|	0	4	0	0	0	 - 
80   22	|	2	7	0	0	24	0.08
80   23	|	0	5	1	1	49	0.00
80   24	|	0	1	1	1	11	0.00
80   25	|	0	1	1	1	31	0.00
80   26	|	0	0	0	2	16	0.00
80   27	|	0	1	2	0	6	0.00
80   30	|	0	0	0	0	1	0.00
80   32	|	1	2	0	0	2	0.33
80   34	|	1	7	2	2	10	0.07
80   35	|	0	3	0	0	5	0.00
80   36	|	3	8	2	0	10	0.20
80   37	|	0	0	0	0	3	0.00
80   38	|	0	1	0	0	1	0.00
80   39	|	0	1	0	1	4	0.00
80   40	|	0	11	3	1	19	0.00
80   41	|	2	24	5	1	38	0.04
80   42	|	1	0	0	0	41	0.02
80   43	|	0	1	0	0	7	0.00
80   44	|	0	2	0	0	2	0.00
80   45	|	3	10	13	2	246	0.01
80   46	|	1	4	5	2	64	0.01
80   47	|	0	1	0	0	7	0.00
80   48	|	0	1	4	1	44	0.00
80   49	|	0	0	2	1	16	0.00
80   50	|	0	1	2	0	9	0.00
80   51	|	2	6	9	4	146	0.01
80   52	|	0	0	0	0	12	0.00
80   53	|	0	2	0	0	46	0.00

81   1	|	1	16	1	0	3	0.20
81   3	|	0	21	3	0	9	0.00
81   5	|	0	0	0	0	1	0.00
81   6	|	0	1	0	0	0	 - 
81   7	|	0	7	2	1	0	0.00
81   8	|	0	0	0	0	1	0.00
81   9	|	0	8	0	0	2	0.00
81   11	|	0	2	0	0	0	 - 
81   12	|	0	14	1	1	2	0.00
81   13	|	0	0	0	0	1	0.00
81   14	|	0	2	0	0	0	 - 
81   15	|	0	1	0	0	0	 - 
81   19	|	0	13	4	0	2	0.00
81   20	|	0	0	1	0	0	0.00
81   22	|	0	2	1	0	2	0.00
81   23	|	0	0	1	0	1	0.00
81   24	|	0	0	1	0	0	0.00
81   25	|	0	5	1	0	4	0.00
81   26	|	0	0	0	0	2	0.00
81   27	|	1	0	0	0	0	1.00
81   32	|	0	3	0	0	1	0.00
81   34	|	1	3	1	2	2	0.17
81   35	|	0	0	1	0	0	0.00
81   36	|	0	1	1	0	0	0.00
81   38	|	1	1	0	0	0	1.00
81   40	|	0	2	1	0	0	0.00
81   41	|	0	8	2	0	2	0.00
81   42	|	0	1	0	0	4	0.00
81   43	|	0	1	0	0	0	 - 
81   45	|	1	2	2	0	6	0.11
81   46	|	0	1	0	0	3	0.00
81   48	|	0	0	0	0	1	0.00
81   51	|	0	0	1	0	3	0.00
81   53	|	0	0	0	0	3	0.00

82   1	|	0	35	8	0	6	0.00
82   3	|	5	38	9	1	20	0.14
82   4	|	0	2	0	0	1	0.00
82   5	|	1	1	0	0	0	1.00
82   6	|	0	2	1	0	0	0.00
82   7	|	3	14	4	0	8	0.20
82   9	|	1	34	6	0	15	0.05
82   10	|	0	0	0	0	2	0.00
82   11	|	0	2	0	0	1	0.00
82   12	|	2	18	3	0	18	0.09
82   13	|	1	1	3	1	9	0.07
82   14	|	1	3	1	0	4	0.17
82   15	|	0	0	1	0	6	0.00
82   17	|	0	0	0	0	1	0.00
82   18	|	0	0	0	0	1	0.00
82   19	|	1	33	16	3	101	0.01
82   20	|	0	3	0	1	24	0.00
82   21	|	0	1	1	1	6	0.00
82   22	|	0	5	1	0	32	0.00
82   23	|	0	3	8	1	47	0.00
82   24	|	0	1	3	1	22	0.00
82   25	|	0	4	3	2	37	0.00
82   26	|	0	1	2	1	11	0.00
82   27	|	0	2	0	0	9	0.00
82   28	|	0	0	0	0	4	0.00
82   30	|	0	0	0	0	5	0.00
82   32	|	0	3	2	2	4	0.00
82   33	|	0	0	1	0	0	0.00
82   34	|	0	11	2	1	9	0.00
82   35	|	0	1	2	0	2	0.00
82   36	|	0	11	5	0	10	0.00
82   37	|	0	4	3	1	13	0.00
82   38	|	0	1	0	0	0	 - 
82   39	|	0	1	0	0	2	0.00
82   40	|	0	15	4	1	10	0.00
82   41	|	1	19	7	1	52	0.02
82   42	|	0	0	4	1	26	0.00
82   43	|	0	2	1	0	3	0.00
82   44	|	0	1	0	0	1	0.00
82   45	|	0	27	20	9	224	0.00
82   46	|	0	6	9	2	65	0.00
82   47	|	0	7	0	0	7	0.00
82   48	|	0	6	2	0	47	0.00
82   49	|	0	2	2	0	19	0.00
82   50	|	0	1	0	0	7	0.00
82   51	|	0	8	14	3	166	0.00
82   52	|	0	3	0	0	15	0.00
82   53	|	0	3	5	2	47	0.00

83   1	|	0	8	0	0	4	0.00
83   2	|	0	1	0	0	0	 - 
83   3	|	0	5	2	0	1	0.00
83   7	|	1	6	1	0	3	0.20
83   9	|	0	7	1	0	2	0.00
83   12	|	0	4	0	0	0	 - 
83   14	|	0	1	0	0	1	0.00
83   15	|	0	1	0	1	2	0.00
83   19	|	0	9	1	1	3	0.00
83   22	|	0	0	1	0	1	0.00
83   23	|	0	1	0	0	3	0.00
83   24	|	0	0	0	0	1	0.00
83   25	|	0	2	1	0	6	0.00
83   30	|	0	0	0	0	2	0.00
83   32	|	0	1	0	0	0	 - 
83   34	|	0	2	0	0	0	 - 
83   36	|	0	3	1	0	0	0.00
83   37	|	0	0	0	0	1	0.00
83   38	|	0	0	1	0	0	0.00
83   39	|	0	1	0	0	0	 - 
83   40	|	0	2	0	0	0	 - 
83   41	|	0	4	1	1	3	0.00
83   42	|	0	0	0	0	1	0.00
83   45	|	0	3	1	0	5	0.00
83   46	|	0	2	0	0	1	0.00
83   47	|	0	1	1	0	0	0.00
83   48	|	0	0	1	0	1	0.00
83   51	|	0	1	1	1	7	0.00
83   52	|	0	0	1	0	0	0.00
83   53	|	0	0	0	0	1	0.00

84   1	|	1	12	3	0	2	0.17
84   2	|	0	1	0	0	0	 - 
84   3	|	2	18	5	0	3	0.20
84   7	|	0	6	2	0	4	0.00
84   9	|	0	13	0	0	2	0.00
84   12	|	0	6	1	0	4	0.00
84   13	|	0	3	0	0	0	 - 
84   19	|	0	6	2	0	12	0.00
84   20	|	0	1	0	0	1	0.00
84   21	|	0	1	0	0	0	 - 
84   22	|	0	0	0	0	1	0.00
84   23	|	0	0	0	1	3	0.00
84   25	|	0	1	0	0	3	0.00
84   26	|	0	0	0	0	1	0.00
84   27	|	0	1	0	0	0	 - 
84   32	|	0	0	0	0	1	0.00
84   34	|	0	5	0	1	2	0.00
84   35	|	0	1	0	0	0	 - 
84   36	|	0	1	1	0	0	0.00
84   37	|	0	0	1	1	0	0.00
84   38	|	0	1	0	0	0	 - 
84   40	|	0	6	0	0	2	0.00
84   41	|	0	7	1	0	6	0.00
84   42	|	0	1	0	0	1	0.00
84   45	|	0	5	3	0	8	0.00
84   46	|	0	0	1	0	1	0.00
84   47	|	0	1	0	0	1	0.00
84   48	|	0	0	0	0	4	0.00
84   51	|	0	0	1	1	3	0.00

86   1	|	0	3	1	0	0	0.00
86   3	|	0	2	1	0	0	0.00
86   7	|	0	7	1	0	7	0.00
86   8	|	0	0	0	0	1	0.00
86   9	|	0	2	0	0	5	0.00
86   11	|	0	1	0	0	0	 - 
86   12	|	0	4	2	3	11	0.00
86   13	|	0	2	1	0	18	0.00
86   14	|	0	1	0	0	5	0.00
86   15	|	0	0	0	0	6	0.00
86   16	|	0	0	0	0	1	0.00
86   18	|	0	0	0	0	1	0.00
86   19	|	0	4	4	8	165	0.00
86   20	|	0	0	1	0	21	0.00
86   21	|	0	0	0	0	6	0.00
86   22	|	0	3	0	0	66	0.00
86   23	|	1	2	3	3	79	0.01
86   24	|	1	0	2	1	19	0.04
86   25	|	1	1	3	0	91	0.01
86   26	|	0	0	1	0	28	0.00
86   27	|	1	0	0	3	9	0.08
86   28	|	0	0	0	0	1	0.00
86   30	|	0	0	0	0	9	0.00
86   32	|	0	1	0	0	3	0.00
86   34	|	1	1	0	1	5	0.14
86   35	|	0	0	0	0	4	0.00
86   36	|	0	3	0	0	3	0.00
86   37	|	1	0	0	0	6	0.14
86   38	|	0	0	0	0	1	0.00
86   40	|	0	4	1	0	8	0.00
86   41	|	0	4	0	2	69	0.00
86   42	|	0	0	2	2	35	0.00
86   43	|	0	0	0	0	2	0.00
86   44	|	0	1	1	0	3	0.00
86   45	|	1	9	5	7	229	0.00
86   46	|	0	1	1	2	55	0.00
86   47	|	0	0	0	0	3	0.00
86   48	|	0	1	1	0	46	0.00
86   51	|	1	4	4	2	161	0.01
86   52	|	0	0	0	0	13	0.00
86   53	|	0	0	6	2	45	0.00

