12003 12101 12031 12001 12109 12103 13103 12131 12132 13001 12110 12134 
13201 13101 13009 13109 13209 13203 13003 12201 12107 13303 13136 12102 
12136 12009 13137 13236 13102 12104 13007 13309 13002 13107 13036 13301 
13202 13204 11203 13132 13207 14236 13040 13032 14103 13104 13336 15001 
13234 11103 15103 13302 13110 13004 12401 13141 12301 11236 12302 13105 
13232 14302 13237 15203 13307 12122 13012 13240 11209 13215 15003 13212 
11109 11034 11007 13112 12111 15102 11036 11136 13340 13241 13037 12002 
14301 13140 15201 13219 14109 11032 15109 13034 15110 15101 14009 11101 
14102 11003 15007 11012 15036 14203 13134 14036 15209 12014 13312 13013 
11138 14003 11009 14209 13113 15040 13108 13008 11005 14232 13041 11301 
15009 15012 11201 11010 13205 13334 13019 15301 13341 15034 13319 14001 
12106 11004 11102 12138 12311 14136 11001 11033 11215 14309 13042 15002 
14107 13005 14101 14303 11302 13048 14007 13006 13122 11202 14012 13022 
14240 14201 13119 11111 14040 14032 15010 13213 15032 13135 15202 14202 
14207 11038 12144 14140 12211 11002 14037 12411 14002 12116 13015 11011 
15006 12114 13139 14004 14034 14041 11144 14208 15005 14005 15238 11116 
14138 11206 11311 11106 14022 11006 13045 11016 13146 12129 13306 13014 
13220 11211 14144 15038 14106 