10006 10008 10010 10011 10013 10015 10016 10017 10018 10019 10020 10021 
10022 10023 10024 10025 10026 10027 10028 10029 10030 10031 10032 10033 
10034 10035 10036 10038 10039 10040 10042 10043 10044 10045 10046 10047 
10048 10049 10050 10051 10052 10053 

10105 10106 10108 10109 10111 10112 10113 10114 10116 10117 10118 10119 
10120 10121 10122 10123 10124 10125 10126 10127 10128 10129 10130 10131 
10132 10133 10135 10136 10138 10139 10140 10141 10142 10143 10144 10145 
10146 10147 10148 10149 10150 10151 10153 

11008 11010 11016 11017 11018 11019 11020 11021 11023 11025 11026 11027 
11029 11030 11031 11033 11038 11039 11045 11046 11047 11048 11050 11051 
11052 11053 

11105 11113 11115 11116 11118 11119 11120 11121 11122 11123 11125 11126 
11127 11128 11129 11130 11131 11138 11142 11145 11146 11147 11149 11150 
11151 11152 11153 

11202 11204 11205 11208 11210 11214 11216 11217 11218 11219 11220 11221 
11222 11223 11225 11226 11227 11228 11229 11230 11231 11232 11233 11239 
11242 11245 11246 11247 11248 11249 11250 11251 11252 11253 

11305 11306 11308 11310 11311 11313 11314 11316 11317 11318 11319 11320 
11321 11322 11323 11324 11325 11326 11327 11328 11329 11330 11331 11332 
11333 11335 11338 11340 11341 11342 11343 11344 11345 11346 11347 11348 
11349 11350 11351 11352 11353 

11402 11404 11406 11408 11410 11413 11415 11416 11417 11418 11419 11420 
11421 11422 11423 11424 11425 11426 11427 11428 11429 11430 11431 11434 
11435 11436 11437 11438 11440 11443 11444 11445 11446 11447 11448 11449 
11450 11451 11452 11453 

11502 11504 11505 11506 11508 11510 11511 11512 11513 11514 11515 11516 
11517 11518 11519 11520 11521 11522 11523 11524 11525 11526 11527 11528 
11529 11530 11531 11532 11533 11535 11536 11537 11538 11539 11540 11542 
11543 11544 11545 11546 11547 11548 11549 11550 11551 11552 11553 

11602 11608 11609 11611 11615 11616 11617 11618 11619 11620 11621 11622 
11623 11624 11625 11626 11627 11628 11629 11630 11631 11635 11638 11640 
11641 11642 11644 11645 11646 11647 11648 11649 11650 11651 11652 11653 

11702 11705 11706 11707 11708 11710 11711 11712 11713 11714 11715 11716 
11717 11718 11719 11720 11721 11723 11724 11725 11726 11727 11728 11729 
11730 11731 11732 11733 11735 11738 11739 11740 11741 11743 11744 11745 
11746 11747 11748 11749 11750 11751 11752 11753 

11802 11803 11805 11806 11808 11810 11811 11812 11813 11814 11815 11816 
11817 11818 11819 11820 11821 11823 11824 11825 11826 11827 11828 11829 
11830 11831 11832 11833 11835 11838 11840 11842 11843 11844 11845 11846 
11847 11848 11849 11850 11851 11852 11853 

12001 12002 12004 12005 12006 12007 12008 12009 12010 12011 12013 12014 
12016 12017 12018 12019 12020 12021 12022 12023 12024 12025 12026 12027 
12028 12029 12030 12031 12033 12034 12035 12038 12040 12043 12044 12045 
12046 12047 12049 12050 12051 12052 12053 

12104 12105 12108 12110 12111 12114 12116 12117 12118 12119 12120 12121 
12123 12124 12125 12126 12127 12128 12129 12130 12133 12139 12142 12145 
12146 12147 12148 12149 12151 12152 12153 

12202 12204 12205 12206 12207 12208 12209 12210 12211 12213 12214 12215 
12216 12217 12218 12219 12220 12221 12222 12223 12224 12225 12226 12227 
12228 12229 12230 12233 12234 12235 12236 12237 12238 12239 12241 12242 
12243 12244 12245 12246 12247 12248 12249 12250 12251 12252 12253 

12302 12304 12305 12306 12310 12313 12315 12316 12317 12318 12319 12320 
12321 12322 12323 12324 12325 12326 12327 12328 12329 12330 12331 12332 
12333 12334 12337 12339 12340 12341 12342 12343 12344 12345 12346 12347 
12349 12350 12351 12352 12353 

12403 12404 12405 12406 12408 12410 12411 12413 12414 12415 12416 12417 
12418 12419 12420 12421 12422 12423 12424 12425 12426 12427 12428 12429 
12432 12433 12434 12435 12436 12437 12438 12439 12440 12441 12442 12443 
12444 12445 12446 12447 12448 12449 12450 12451 12452 12453 

12502 12504 12505 12506 12507 12508 12510 12511 12514 12515 12516 12517 
12518 12519 12520 12521 12522 12524 12525 12526 12527 12528 12529 12530 
12531 12532 12533 12534 12535 12536 12538 12539 12540 12541 12544 12545 
12546 12547 12548 12549 12550 12551 12553 

12602 12604 12605 12606 12607 12608 12610 12611 12613 12614 12615 12616 
12617 12618 12619 12620 12621 12622 12623 12624 12625 12626 12627 12628 
12629 12630 12631 12632 12633 12635 12636 12637 12638 12639 12640 12642 
12643 12644 12645 12646 12647 12648 12649 12650 12651 12652 

13002 13004 13005 13006 13010 13011 13012 13013 13014 13016 13017 13018 
13020 13022 13023 13024 13025 13026 13027 13028 13029 13030 13031 13032 
13033 13034 13035 13036 13037 13038 13039 13042 13043 13046 13047 13048 
13049 13050 13051 13052 13053 

13102 13104 13105 13106 13107 13108 13110 13112 13113 13115 13116 13117 
13118 13120 13121 13122 13123 13127 13128 13129 13130 13131 13133 13137 
13138 13139 13142 13143 13144 13146 13148 13149 13150 13152 13153 

13202 13204 13205 13208 13210 13211 13212 13213 13214 13215 13216 13217 
13218 13221 13222 13223 13224 13225 13226 13227 13228 13229 13230 13231 
13233 13234 13235 13241 13243 13244 13245 13246 13247 13249 13250 13251 
13252 13253 

13302 13304 13305 13306 13308 13310 13311 13312 13313 13315 13316 13317 
13318 13320 13321 13322 13323 13324 13325 13326 13327 13328 13329 13330 
13331 13332 13333 13334 13335 13336 13337 13338 13339 13342 13343 13344 
13346 13347 13348 13349 13350 13351 13352 13353 

13401 13402 13403 13404 13405 13406 13407 13408 13409 13410 13411 13413 
13414 13415 13416 13417 13418 13419 13420 13421 13422 13423 13424 13425 
13426 13427 13428 13429 13430 13431 13432 13433 13434 13435 13436 13437 
13438 13439 13440 13441 13442 13443 13444 13445 13446 13447 13448 13449 
13450 13451 13452 13453 

13501 13502 13504 13505 13506 13508 13510 13511 13512 13513 13514 13515 
13516 13517 13518 13519 13520 13521 13522 13523 13524 13525 13526 13527 
13528 13529 13530 13531 13533 13535 13537 13539 13543 13544 13547 13548 
13549 13550 13551 13552 13553 

13601 13602 13603 13604 13605 13606 13608 13609 13610 13611 13612 13613 
13614 13615 13616 13617 13618 13619 13620 13621 13622 13623 13624 13625 
13626 13627 13628 13629 13630 13631 13632 13633 13634 13635 13636 13637 
13638 13639 13640 13641 13642 13643 13644 13645 13646 13647 13648 13649 
13650 13651 13652 13653 

13701 13702 13703 13704 13705 13706 13707 13708 13709 13710 13711 13713 
13715 13716 13717 13718 13719 13720 13721 13722 13723 13726 13727 13728 
13729 13730 13731 13732 13733 13734 13736 13737 13738 13739 13740 13741 
13742 13743 13744 13745 13746 13747 13748 13749 13750 13751 13752 13753 

13801 13802 13803 13804 13805 13806 13807 13808 13810 13811 13812 13813 
13814 13815 13816 13817 13818 13819 13820 13821 13822 13823 13824 13825 
13826 13827 13828 13829 13830 13831 13832 13833 13834 13835 13836 13837 
13838 13839 13840 13841 13842 13843 13844 13845 13846 13847 13848 13849 
13850 13851 13852 13853 

13901 13902 13904 13905 13906 13907 13908 13909 13910 13911 13912 13913 
13914 13915 13916 13917 13918 13919 13920 13921 13922 13923 13924 13925 
13926 13927 13928 13929 13930 13931 13932 13933 13934 13935 13936 13937 
13938 13939 13940 13941 13942 13943 13944 13945 13946 13947 13948 13949 
13950 13951 13952 13953 

14001 14002 14003 14004 14005 14006 14008 14010 14011 14012 14013 14015 
14016 14017 14018 14019 14020 14021 14022 14023 14024 14025 14026 14027 
14028 14029 14030 14031 14032 14033 14035 14037 14038 14039 14042 14043 
14044 14045 14046 14047 14048 14049 14050 14051 14052 14053 

14102 14104 14105 14106 14108 14110 14111 14112 14113 14114 14115 14116 
14117 14118 14119 14120 14121 14122 14123 14124 14125 14126 14127 14128 
14130 14131 14132 14133 14134 14135 14137 14138 14139 14141 14142 14143 
14144 14145 14146 14147 14148 14149 14150 14151 14152 14153 

14202 14204 14205 14206 14208 14210 14211 14212 14213 14214 14215 14216 
14217 14218 14219 14220 14221 14222 14223 14224 14225 14226 14227 14228 
14229 14231 14233 14234 14235 14236 14237 14238 14239 14241 14242 14243 
14244 14245 14246 14247 14248 14249 14250 14251 14252 14253 

14301 14302 14303 14304 14305 14306 14307 14308 14309 14310 14311 14312 
14313 14314 14315 14316 14317 14318 14319 14320 14321 14322 14323 14324 
14325 14326 14327 14328 14329 14330 14331 14332 14333 14334 14335 14336 
14337 14338 14339 14340 14341 14342 14343 14344 14345 14346 14347 14348 
14349 14350 14351 14352 14353 

14401 14402 14405 14406 14407 14408 14409 14410 14411 14412 14413 14414 
14415 14416 14417 14418 14419 14420 14421 14422 14423 14424 14425 14426 
14427 14428 14429 14430 14431 14432 14433 14434 14435 14436 14437 14438 
14439 14440 14441 14442 14443 14444 14445 14446 14447 14448 14449 14450 
14451 14452 14453 

14501 14502 14503 14504 14505 14506 14507 14508 14509 14510 14511 14512 
14513 14514 14515 14516 14517 14518 14519 14520 14521 14522 14523 14524 
14525 14526 14527 14528 14529 14530 14531 14532 14533 14534 14535 14536 
14537 14538 14539 14540 14542 14543 14544 14545 14546 14547 14548 14549 
14550 14551 14552 14553 

14602 14603 14604 14605 14606 14607 14608 14609 14610 14611 14612 14613 
14614 14615 14616 14617 14618 14619 14620 14621 14622 14623 14624 14625 
14626 14627 14628 14629 14630 14631 14632 14633 14634 14635 14636 14637 
14638 14639 14640 14641 14642 14643 14644 14645 14646 14647 14648 14649 
14650 14651 14652 14653 

14701 14702 14703 14704 14705 14706 14707 14708 14709 14710 14711 14712 
14713 14714 14715 14716 14717 14718 14719 14720 14721 14722 14723 14724 
14725 14726 14727 14728 14729 14730 14731 14732 14733 14734 14735 14736 
14737 14738 14739 14740 14741 14742 14743 14744 14745 14746 14747 14748 
14749 14750 14751 14752 14753 

14802 14803 14804 14805 14806 14807 14808 14809 14810 14811 14812 14813 
14814 14815 14816 14817 14818 14819 14820 14821 14822 14823 14824 14825 
14826 14827 14828 14829 14830 14831 14832 14833 14834 14835 14836 14837 
14838 14839 14840 14842 14843 14844 14845 14846 14847 14848 14849 14850 
14851 14852 14853 

15002 15004 15005 15006 15008 15010 15011 15013 15014 15015 15016 15017 
15018 15019 15020 15021 15022 15023 15024 15025 15026 15027 15028 15029 
15030 15031 15033 15034 15035 15037 15038 15039 15040 15041 15042 15044 
15045 15046 15047 15048 15049 15050 15051 15052 15053 

15102 15104 15105 15106 15107 15108 15110 15112 15113 15115 15116 15117 
15118 15119 15120 15121 15122 15123 15124 15125 15126 15127 15128 15129 
15130 15131 15132 15133 15134 15135 15136 15137 15138 15139 15140 15141 
15142 15143 15144 15145 15146 15147 15148 15149 15150 15151 15152 15153 

15202 15204 15206 15207 15208 15210 15211 15212 15213 15214 15215 15216 
15217 15218 15219 15220 15221 15222 15223 15224 15225 15226 15227 15228 
15229 15230 15231 15232 15233 15234 15235 15236 15237 15238 15239 15240 
15241 15242 15243 15245 15246 15247 15248 15249 15250 15251 15252 15253 

15302 15303 15304 15305 15306 15307 15308 15309 15310 15311 15312 15313 
15314 15315 15317 15318 15319 15320 15321 15322 15323 15324 15325 15326 
15327 15328 15329 15330 15331 15332 15333 15334 15335 15336 15337 15338 
15339 15340 15341 15342 15343 15344 15345 15346 15347 15348 15349 15350 
15351 15352 15353 

15402 15403 15404 15405 15406 15407 15408 15409 15410 15411 15412 15413 
15414 15415 15416 15417 15418 15419 15420 15421 15422 15423 15424 15425 
15426 15427 15428 15429 15430 15431 15432 15433 15434 15435 15436 15437 
15438 15439 15440 15441 15442 15443 15444 15445 15446 15447 15448 15449 
15450 15451 15452 15453 

15501 15502 15503 15504 15505 15506 15507 15508 15509 15510 15511 15512 
15513 15514 15515 15516 15517 15518 15519 15520 15521 15522 15523 15524 
15525 15526 15527 15528 15529 15530 15531 15532 15533 15534 15535 15536 
15537 15538 15539 15540 15541 15542 15543 15544 15545 15546 15547 15548 
15549 15550 15551 15552 15553 

15601 15602 15603 15604 15605 15606 15607 15608 15609 15610 15611 15612 
15613 15614 15615 15616 15617 15618 15619 15620 15621 15622 15623 15624 
15625 15626 15627 15628 15629 15630 15631 15632 15633 15634 15635 15636 
15637 15638 15639 15640 15641 15642 15643 15644 15645 15646 15647 15648 
15649 15650 15651 15652 15653 

15701 15702 15703 15704 15705 15706 15707 15708 15709 15710 15711 15712 
15713 15714 15715 15716 15717 15718 15719 15720 15721 15722 15723 15724 
15725 15726 15727 15728 15729 15730 15731 15732 15733 15734 15735 15736 
15737 15738 15739 15740 15741 15742 15743 15744 15745 15746 15747 15748 
15749 15750 15751 15752 15753 

15802 15804 15805 15806 15807 15808 15809 15810 15811 15812 15813 15814 
15815 15816 15817 15818 15819 15820 15821 15822 15823 15824 15825 15826 
15827 15828 15829 15830 15831 15832 15833 15834 15835 15836 15837 15838 
15839 15840 15841 15842 15843 15844 15845 15846 15847 15848 15849 15850 
15851 15852 15853 

16001 16004 16005 16006 16007 16008 16009 16010 16011 16012 16013 16014 
16015 16016 16017 16018 16019 16020 16021 16023 16024 16025 16026 16027 
16028 16029 16030 16031 16033 16034 16035 16036 16038 16039 16040 16041 
16042 16043 16044 16045 16046 16047 16049 16050 16051 16052 

16101 16102 16103 16104 16105 16106 16107 16108 16109 16110 16111 16112 
16113 16114 16116 16117 16118 16119 16120 16121 16122 16123 16124 16125 
16126 16127 16128 16129 16130 16131 16132 16133 16134 16135 16136 16137 
16138 16139 16140 16143 16144 16145 16146 16147 16148 16149 16150 16151 
16152 16153 

17101 17102 17103 17104 17105 17106 17107 17108 17109 17110 17111 17113 
17114 17115 17116 17117 17118 17119 17120 17121 17122 17123 17124 17125 
17126 17127 17128 17129 17130 17131 17132 17133 17134 17135 17136 17137 
17138 17139 17140 17142 17143 17144 17145 17146 17147 17148 17149 17150 
17151 17152 17153 

17201 17202 17203 17204 17205 17206 17207 17208 17209 17210 17211 17212 
17213 17214 17215 17216 17217 17218 17219 17220 17221 17222 17223 17224 
17225 17226 17227 17228 17229 17230 17231 17232 17233 17234 17235 17236 
17237 17238 17239 17240 17241 17242 17243 17244 17245 17246 17247 17248 
17249 17250 17251 17252 17253 

18001 18002 18005 18006 18008 18009 18010 18011 18013 18014 18015 18016 
18017 18018 18020 18021 18023 18024 18025 18026 18027 18028 18029 18030 
18031 18032 18033 18034 18035 18037 18038 18039 18040 18043 18044 18045 
18046 18047 18048 18049 18050 18051 18052 18053 

18102 18103 18104 18105 18106 18107 18108 18109 18110 18111 18112 18113 
18114 18115 18116 18117 18118 18119 18120 18121 18122 18123 18124 18125 
18126 18127 18128 18129 18130 18131 18132 18133 18135 18136 18137 18138 
18139 18140 18141 18142 18143 18144 18146 18147 18148 18149 18150 18151 
18152 18153 

18201 18202 18204 18206 18208 18210 18211 18212 18215 18216 18217 18218 
18220 18221 18222 18223 18224 18225 18226 18227 18228 18229 18230 18231 
18232 18233 18234 18235 18236 18237 18238 18239 18240 18241 18242 18243 
18244 18245 18246 18247 18248 18249 18250 18251 18252 18253 

18301 18302 18303 18304 18305 18306 18308 18309 18310 18311 18312 18313 
18314 18315 18316 18317 18318 18319 18320 18321 18322 18323 18324 18325 
18326 18327 18328 18329 18330 18331 18332 18333 18334 18335 18336 18337 
18338 18339 18340 18341 18342 18343 18344 18345 18346 18347 18348 18349 
18350 18351 18352 18353 

18402 18404 18405 18406 18407 18408 18409 18410 18411 18412 18413 18414 
18415 18416 18417 18418 18419 18420 18421 18422 18423 18424 18425 18426 
18427 18428 18429 18430 18431 18432 18433 18434 18435 18436 18437 18438 
18439 18440 18441 18442 18443 18444 18445 18446 18447 18448 18449 18450 
18451 18452 18453 

18601 18602 18603 18604 18605 18606 18607 18608 18609 18610 18611 18612 
18613 18614 18615 18616 18617 18618 18619 18620 18621 18622 18623 18624 
18625 18626 18627 18628 18629 18630 18631 18632 18633 18635 18636 18637 
18638 18639 18640 18641 18642 18643 18644 18645 18646 18647 18648 18649 
18650 18651 18652 18653 

