11008 11010 11013 11014 11015 11017 11019 11020 11021 11022 11023 11024 
11025 11026 11027 11028 11030 11031 11033 11035 11037 11039 11040 11041 
11042 11043 11044 11045 11046 11047 11048 11049 11050 11051 11052 11053 
11054 11055 11056 11057 11058 11059 11008 11010 11013 11014 11015 11017 
11019 11020 11021 11022 11023 11024 11025 11026 11027 11028 11030 11031 
11033 11035 11037 11039 11040 11041 11042 11043 11044 11045 11046 11047 
11048 11049 11050 11051 11052 11053 11054 11055 11056 11057 11058 11059 
11104 11105 11106 11107 11108 11110 11112 11113 11114 11115 11118 11119 
11120 11121 11122 11123 11124 11126 11127 11128 11129 11130 11131 11132 
11133 11134 11135 11136 11137 11139 11140 11141 11142 11143 11145 11146 
11147 11148 11149 11150 11151 11152 11153 11154 11155 11156 11157 11158 
11159 11204 11205 11207 11208 11210 11212 11213 11214 11216 11217 11218 
11219 11220 11221 11222 11223 11224 11225 11226 11227 11228 11230 11231 
11232 11233 11234 11235 11237 11238 11239 11240 11241 11242 11243 11244 
11245 11246 11247 11248 11249 11250 11252 11253 11254 11255 11256 11257 
11258 11259 11303 11304 11305 11306 11307 11308 11309 11310 11311 11312 
11313 11314 11315 11316 11318 11319 11320 11322 11323 11324 11325 11326 
11327 11328 11329 11330 11331 11332 11333 11334 11335 11336 11337 11338 
11339 11340 11341 11342 11343 11344 11345 11346 11347 11348 11349 11350 
11351 11352 11353 11354 11355 11356 11357 11358 11359 11406 11407 11408 
11409 11410 11411 11412 11413 11414 11415 11421 11422 11423 11424 11425 
11426 11427 11428 11429 11430 11431 11432 11433 11434 11435 11436 11437 
11438 11439 11440 11441 11442 11443 11444 11445 11446 11447 11448 11449 
11450 11451 11452 11453 11454 11455 11456 11457 11458 11459 11511 11512 
11513 11514 11515 11521 11522 11523 11524 11525 11526 11527 11528 11529 
11530 11531 11532 11533 11534 11535 11536 11537 11538 11539 11540 11541 
11542 11543 11544 11545 11546 11547 11548 11549 11550 11551 11552 11553 
11554 11555 11556 11557 11558 11559 11606 11607 11608 11609 11610 11611 
11612 11613 11614 11615 11616 11617 11618 11619 11620 11621 11622 11623 
11624 11625 11626 11627 11628 11629 11630 11631 11632 11633 11634 11635 
11636 11637 11638 11639 11640 11641 11642 11643 11644 11645 11646 11647 
11648 11649 11650 11651 11652 11653 11654 11655 11656 11657 11658 11659 
11706 11707 11708 11709 11710 11711 11712 11713 11714 11715 11716 11717 
11718 11719 11720 11721 11722 11723 11724 11725 11726 11727 11728 11729 
11730 11731 11732 11733 11734 11735 11736 11737 11738 11739 11740 11741 
11742 11743 11744 11745 11746 11747 11748 11749 11750 11751 11752 11753 
11754 11755 11756 11757 11758 11759 11811 11812 11813 11814 11815 11816 
11817 11818 11819 11820 11821 11822 11823 11824 11825 11826 11827 11828 
11829 11830 11831 11832 11833 11834 11835 11836 11837 11838 11839 11840 
11841 11842 11843 11844 11845 11846 11847 11848 11849 11850 11851 11852 
11853 11854 11855 11856 11857 11858 11859 12004 12005 12006 12007 12010 
12012 12013 12014 12015 12016 12017 12018 12019 12020 12021 12022 12023 
12024 12025 12026 12027 12028 12029 12030 12032 12033 12034 12035 12036 
12037 12038 12039 12040 12041 12042 12043 12044 12045 12046 12047 12048 
12050 12051 12052 12053 12054 12055 12056 12057 12058 12059 12105 12107 
12108 12112 12113 12115 12117 12118 12119 12120 12121 12123 12124 12125 
12126 12127 12128 12130 12132 12133 12134 12135 12137 12139 12140 12141 
12142 12143 12145 12146 12147 12148 12149 12150 12151 12152 12153 12154 
12155 12156 12157 12158 12159 12202 12203 12204 12205 12206 12207 12208 
12209 12210 12211 12212 12213 12214 12215 12216 12217 12218 12219 12220 
12221 12222 12223 12224 12225 12226 12227 12228 12229 12230 12231 12232 
12233 12234 12235 12236 12237 12238 12239 12240 12241 12242 12243 12244 
12245 12246 12247 12248 12249 12250 12251 12252 12253 12254 12255 12256 
12257 12258 12259 12302 12303 12304 12305 12306 12307 12308 12309 12310 
12312 12313 12314 12315 12317 12318 12319 12320 12321 12322 12323 12324 
12325 12326 12327 12328 12329 12330 12331 12332 12333 12334 12335 12336 
12337 12338 12339 12340 12341 12342 12343 12344 12345 12346 12347 12348 
12349 12350 12351 12352 12353 12354 12355 12356 12357 12358 12359 12402 
12403 12404 12405 12406 12407 12408 12409 12410 12412 12413 12414 12415 
12416 12417 12418 12419 12420 12421 12422 12423 12424 12425 12426 12427 
12428 12429 12430 12431 12432 12433 12434 12435 12436 12437 12438 12439 
12440 12441 12442 12443 12444 12445 12446 12447 12448 12449 12451 12452 
12453 12454 12455 12456 12457 12458 12459 12511 12512 12513 12514 12515 
12516 12517 12518 12519 12520 12521 12522 12523 12524 12525 12526 12527 
12528 12529 12530 12531 12532 12533 12534 12535 12536 12537 12538 12539 
12540 12541 12542 12543 12544 12545 12546 12547 12548 12549 12550 12551 
12552 12553 12554 12555 12556 12557 12558 12559 12606 12607 12608 12609 
12610 12611 12612 12613 12614 12615 12616 12617 12618 12619 12620 12621 
12622 12623 12624 12625 12626 12627 12628 12629 12630 12631 12632 12633 
12634 12635 12636 12637 12638 12639 12640 12641 12642 12643 12644 12645 
12646 12647 12648 12649 12650 12651 12652 12653 12654 12655 12656 12657 
12658 12659 16006 16007 16008 16009 16010 16011 16012 16013 16014 16015 
16016 16017 16018 16019 16020 16021 16022 16023 16024 16025 16026 16027 
16028 16029 16030 16031 16032 16033 16034 16035 16036 16037 16038 16039 
16040 16041 16042 16043 16044 16045 16046 16047 16048 16049 16050 16051 
16052 16053 16054 16055 16056 16057 16058 16059 16106 16107 16108 16109 
16110 16111 16112 16113 16114 16115 16116 16117 16118 16119 16120 16121 
16122 16123 16124 16125 16126 16127 16128 16129 16130 16131 16132 16133 
16134 16135 16136 16137 16138 16139 16140 16141 16142 16143 16144 16145 
16146 16147 16148 16149 16150 16151 16152 16153 16154 16155 16156 16157 
16158 16159 16206 16207 16208 16209 16210 16211 16212 16213 16214 16215 
16216 16217 16218 16219 16220 16221 16222 16223 16224 16225 16226 16227 
16228 16229 16230 16231 16232 16233 16234 16235 16236 16237 16238 16239 
16240 16241 16242 16243 16244 16245 16246 16247 16248 16249 16250 16251 
16252 16253 16254 16255 16256 16257 16258 16259 17101 17102 17103 17104 
17105 17106 17107 17108 17109 17110 17111 17112 17113 17114 17115 17116 
17117 17118 17119 17120 17121 17122 17123 17124 17125 17126 17127 17128 
17129 17130 17131 17132 17133 17134 17135 17136 17137 17138 17139 17140 
17141 17142 17143 17144 17145 17146 17147 17148 17149 17150 17151 17152 
17153 17154 17155 17156 17157 17158 17159 17201 17202 17203 17204 17205 
17206 17207 17208 17209 17210 17211 17212 17213 17214 17215 17216 17217 
17218 17219 17220 17221 17222 17223 17224 17225 17226 17227 17228 17229 
17230 17231 17232 17233 17234 17235 17236 17237 17238 17239 17240 17241 
17242 17243 17244 17245 17246 17247 17248 17249 17250 17251 17252 17253 
17254 17255 17256 17257 17258 17259 17301 17302 17303 17304 17305 17306 
17307 17308 17309 17310 17311 17312 17313 17314 17315 17316 17317 17318 
17319 17320 17321 17322 17323 17324 17325 17326 17327 17328 17329 17330 
17331 17332 17333 17334 17335 17336 17337 17338 17339 17340 17341 17342 
17343 17344 17345 17346 17347 17348 17349 17350 17351 17352 17353 17354 
17355 17356 17357 17358 17359 17601 17602 17603 17604 17605 17606 17607 
17608 17609 17610 17611 17612 17613 17614 17615 17616 17617 17618 17619 
17620 17621 17622 17623 17624 17625 17626 17627 17628 17629 17630 17631 
17632 17633 17634 17635 17636 17637 17638 17639 17640 17641 17642 17643 
17644 17645 17646 17647 17648 17649 17650 17651 17652 17653 17654 17655 
17656 17657 17658 17659 17701 17702 17703 17704 17705 17706 17707 17708 
17709 17710 17711 17712 17713 17714 17715 17716 17717 17718 17719 17720 
17721 17722 17723 17724 17725 17726 17727 17728 17729 17730 17731 17732 
17733 17734 17735 17736 17737 17738 17739 17740 17741 17742 17743 17744 
17745 17746 17747 17748 17749 17750 17751 17752 17753 17754 17755 17756 
17757 17758 17759 17801 17802 17803 17804 17805 17806 17807 17808 17809 
17810 17811 17812 17813 17814 17815 17816 17817 17818 17819 17820 17821 
17822 17823 17824 17825 17826 17827 17828 17829 17830 17831 17832 17833 
17834 17835 17836 17837 17838 17839 17840 17841 17842 17843 17844 17845 
17846 17847 17848 17849 17850 17851 17852 17853 17854 17855 17856 17857 
17858 17859 15013 15016 15017 15019 15020 15021 15023 15025 15026 15027 
15029 15030 15031 15037 15042 15043 15045 15046 15047 15049 15050 15051 
15052 15053 15054 15055 15056 15057 15058 15059 15104 15105 15107 15108 
15110 15112 15113 15114 15115 15116 15118 15119 15120 15121 15122 15123 
15125 15126 15127 15128 15129 15130 15131 15132 15133 15134 15135 15136 
15137 15139 15140 15141 15142 15143 15144 15145 15146 15147 15148 15149 
15150 15151 15152 15153 15154 15155 15156 15157 15158 15159 15204 15205 
15206 15207 15208 15210 15212 15213 15214 15215 15217 15218 15219 15220 
15221 15222 15223 15225 15226 15227 15228 15229 15230 15231 15232 15234 
15235 15236 15237 15238 15239 15240 15241 15242 15243 15244 15245 15247 
15248 15249 15250 15251 15252 15253 15254 15255 15256 15257 15258 15259 
15302 15303 15304 15305 15306 15307 15308 15309 15310 15311 15312 15313 
15314 15315 15316 15317 15318 15319 15320 15321 15322 15323 15324 15325 
15326 15327 15328 15329 15330 15331 15332 15333 15334 15335 15336 15337 
15338 15339 15340 15341 15342 15343 15344 15345 15346 15347 15348 15349 
15350 15351 15352 15353 15354 15355 15356 15357 15358 15359 15401 15402 
15403 15404 15405 15406 15407 15408 15409 15410 15411 15412 15413 15414 
15415 15421 15422 15423 15424 15425 15426 15427 15428 15429 15430 15431 
15432 15433 15434 15435 15436 15437 15438 15439 15440 15441 15442 15443 
15444 15445 15446 15447 15448 15449 15450 15451 15452 15453 15454 15455 
15456 15457 15458 15459 15521 15522 15523 15524 15525 15526 15527 15528 
15529 15530 15531 15532 15533 15534 15535 15536 15537 15538 15539 15540 
15541 15542 15543 15544 15545 15546 15547 15548 15549 15550 15551 15552 
15553 15554 15555 15556 15557 15558 15559 15601 15602 15603 15604 15605 
15606 15607 15608 15609 15610 15611 15612 15613 15614 15615 15616 15617 
15618 15619 15620 15621 15622 15623 15624 15625 15626 15627 15628 15629 
15630 15631 15632 15633 15634 15635 15636 15637 15638 15639 15640 15641 
15642 15643 15644 15645 15646 15647 15648 15649 15650 15651 15652 15653 
15654 15655 15656 15657 15658 15659 15711 15712 15713 15714 15715 15716 
15717 15718 15719 15720 15721 15722 15723 15724 15725 15726 15727 15728 
15729 15730 15731 15732 15733 15734 15735 15736 15737 15738 15739 15740 
15741 15742 15743 15744 15745 15746 15747 15748 15749 15750 15751 15752 
15753 15754 15755 15756 15757 15758 15759 15821 15822 15823 15824 15825 
15826 15827 15828 15829 15830 15831 15832 15833 15834 15835 15836 15837 
15838 15839 15840 15841 15842 15843 15844 15845 15846 15847 15848 15849 
15850 15851 15852 15853 15854 15855 15856 15857 15858 15859 14013 14015 
14017 14019 14020 14021 14023 14024 14025 14026 14027 14030 14031 14042 
14045 14046 14047 14049 14050 14051 14053 14054 14055 14056 14057 14058 
14059 14105 14112 14113 14114 14115 14118 14119 14120 14121 14123 14125 
14126 14127 14128 14129 14130 14131 14133 14134 14135 14137 14139 14140 
14141 14142 14143 14145 14146 14147 14148 14149 14150 14151 14152 14153 
14154 14155 14156 14157 14158 14159 14210 14212 14213 14214 14215 14217 
14218 14219 14220 14221 14223 14224 14225 14226 14227 14228 14229 14230 
14231 14232 14234 14235 14237 14239 14240 14241 14242 14243 14244 14245 
14246 14247 14249 14250 14251 14252 14253 14254 14255 14256 14257 14258 
14259 14304 14305 14306 14307 14308 14310 14312 14313 14314 14315 14317 
14318 14319 14320 14321 14322 14325 14326 14327 14328 14329 14330 14332 
14333 14334 14335 14337 14338 14339 14340 14341 14342 14343 14344 14345 
14346 14347 14348 14349 14350 14351 14352 14353 14354 14355 14356 14357 
14358 14359 14411 14412 14413 14414 14415 14416 14417 14418 14419 14420 
14421 14422 14423 14424 14425 14426 14427 14428 14429 14430 14431 14432 
14433 14434 14435 14436 14437 14438 14439 14440 14441 14442 14443 14444 
14445 14446 14447 14448 14449 14450 14451 14452 14453 14454 14455 14456 
14457 14458 14459 14521 14522 14523 14524 14525 14526 14527 14528 14529 
14530 14531 14532 14533 14534 14535 14536 14537 14538 14539 14540 14541 
14542 14543 14544 14545 14546 14547 14548 14549 14550 14551 14552 14553 
14554 14555 14556 14557 14558 14559 14601 14602 14603 14604 14605 14606 
14607 14608 14609 14610 14611 14612 14613 14614 14615 14621 14622 14623 
14624 14625 14626 14627 14628 14629 14630 14631 14632 14633 14634 14635 
14636 14637 14638 14639 14640 14641 14642 14643 14644 14645 14646 14647 
14648 14649 14650 14651 14652 14653 14654 14655 14656 14657 14658 14659 
14711 14712 14713 14714 14715 14716 14717 14718 14719 14720 14721 14722 
14723 14724 14725 14726 14727 14728 14729 14730 14731 14732 14733 14734 
14735 14736 14737 14738 14739 14740 14741 14742 14743 14744 14745 14746 
14747 14748 14749 14750 14751 14752 14753 14754 14755 14756 14757 14758 
14759 14811 14812 14813 14814 14815 14816 14817 14818 14819 14820 14821 
14822 14823 14824 14825 14826 14827 14828 14829 14830 14831 14832 14833 
14834 14835 14836 14837 14838 14839 14840 14841 14842 14843 14844 14845 
14846 14847 14848 14849 14850 14851 14852 14853 14854 14855 14856 14857 
14858 14859 13045 13046 13047 13049 13052 13053 13054 13055 13056 13057 
13058 13059 13117 13120 13121 13123 13124 13126 13127 13128 13130 13131 
13142 13145 13146 13147 13149 13150 13151 13152 13153 13154 13155 13156 
13157 13158 13159 13218 13227 13230 13231 13233 13235 13239 13242 13243 
13245 13246 13304 13313 13315 13316 13319 13320 13322 13323 13324 13331 
13332 13333 13335 13337 13339 13342 13343 13345 13346 13347 13348 13349 
13350 13351 13352 13353 13354 13355 13356 13357 13358 13359 13425 13426 
13427 13428 13429 13430 13431 13432 13433 13434 13435 13436 13437 13438 
13439 13440 13441 13442 13443 13444 13445 13446 13447 13448 13449 13450 
13451 13452 13453 13454 13455 13456 13457 13458 13459 13515 13516 13517 
13518 13519 13520 13521 13522 13523 13524 13525 13526 13527 13528 13529 
13530 13531 13532 13533 13534 13535 13536 13537 13538 13539 13540 13541 
13542 13543 13544 13545 13546 13547 13548 13549 13550 13551 13552 13553 
13554 13555 13556 13557 13558 13559 13610 13611 13612 13613 13614 13615 
13616 13617 13618 13619 13620 13621 13622 13623 13624 13625 13626 13627 
13628 13629 13630 13631 13632 13633 13634 13635 13636 13637 13638 13639 
13640 13641 13642 13643 13644 13645 13646 13647 13648 13649 13650 13651 
13652 13653 13654 13655 13656 13657 13658 13659 13705 13706 13707 13708 
13709 13710 13711 13712 13713 13714 13715 13716 13717 13718 13719 13720 
13721 13722 13723 13724 13725 13726 13727 13728 13729 13730 13731 13732 
13733 13734 13735 13736 13737 13738 13739 13740 13741 13742 13743 13744 
13745 13746 13747 13748 13749 13750 13751 13752 13753 13754 13755 13756 
13757 13758 13759 13801 13802 13803 13804 13805 13806 13807 13808 13809 
13810 13811 13812 13813 13814 13815 13816 13817 13818 13819 13820 13821 
13822 13823 13824 13825 13826 13827 13828 13829 13830 13831 13832 13833 
13834 13835 13836 13837 13838 13839 13840 13841 13842 13843 13844 13845 
13846 13847 13848 13849 13850 13851 13852 13853 13854 13855 13856 13857 
13858 13859 13901 13902 13903 13904 13905 13906 13907 13908 13909 13910 
13911 13912 13913 13914 13915 13916 13917 13918 13919 13920 13921 13922 
13923 13924 13925 13926 13927 13928 13929 13930 13931 13932 13933 13934 
13935 13936 13937 13938 13939 13940 13941 13942 13943 13944 13945 13946 
13947 13948 13949 13950 13951 13952 13953 13954 13955 13956 13957 13958 
13959 18006 18007 18008 18009 18010 18011 18012 18013 18014 18015 18016 
18017 18018 18019 18020 18021 18022 18023 18024 18025 18026 18027 18028 
18029 18030 18031 18032 18033 18034 18035 18036 18037 18038 18039 18040 
18041 18042 18043 18044 18045 18046 18047 18048 18049 18050 18051 18052 
18053 18054 18055 18056 18057 18058 18059 18211 18212 18213 18214 18215 
18216 18217 18218 18219 18220 18221 18222 18223 18224 18225 18226 18227 
18228 18229 18230 18231 18232 18233 18234 18235 18236 18237 18238 18239 
18240 18241 18242 18243 18244 18245 18246 18247 18248 18249 18250 18251 
18252 18253 18254 18255 18256 18257 18258 18259 18316 18317 18318 18319 
18320 18321 18322 18323 18324 18325 18326 18327 18328 18329 18330 18331 
18332 18333 18334 18335 18336 18337 18338 18339 18340 18341 18342 18343 
18344 18345 18346 18347 18348 18349 18350 18351 18352 18353 18354 18355 
18356 18357 18358 18359 18601 18602 18603 18604 18605 18606 18607 18608 
18609 18610 18611 18612 18613 18614 18615 18616 18617 18618 18619 18620 
18621 18622 18623 18624 18625 18626 18627 18628 18629 18630 18631 18632 
18633 18634 18635 18636 18637 18638 18639 18640 18641 18642 18643 18644 
18645 18646 18647 18648 18649 18650 18651 18652 18653 18654 18655 18656 
18657 18658 18659 

