4.00  4.00 |	0.23	310.96	1329	19895	1476	1091	1784
3.90  4.00 |	0.24	314.12	1327	19831	1456	1070	1753
3.80  4.00 |	0.24	318.21	1321	19751	1428	1030	1705
3.70  4.00 |	0.24	322.37	1320	19699	1415	1003	1667
3.60  4.00 |	0.25	325.72	1316	19646	1402	972	1627
3.50  4.00 |	0.25	326.38	1308	19586	1384	947	1603
3.40  4.00 |	0.25	326.44	1307	19575	1382	944	1600
3.30  4.00 |	0.25	326.5	1306	19554	1381	941	1596
3.20  4.00 |	0.25	327.19	1305	19527	1377	936	1587
3.10  4.00 |	0.25	328.02	1301	19478	1372	913	1574
3.00  4.00 |	0.25	329.26	1297	19407	1362	889	1561
2.90  4.00 |	0.25	329.05	1292	19367	1357	873	1551
2.80  4.00 |	0.26	328.14	1285	19303	1350	863	1534
2.70  4.00 |	0.26	328.31	1277	19203	1335	842	1513
2.60  4.00 |	0.26	328.44	1277	19201	1335	841	1512
2.50  4.00 |	0.26	330.19	1269	19012	1321	803	1484
2.40  4.00 |	0.26	329.33	1265	18987	1320	796	1478
2.30  4.00 |	0.26	330.54	1260	18875	1309	781	1453
2.20  4.00 |	0.27	331.95	1246	18707	1279	745	1407
2.10  4.00 |	0.27	331.66	1242	18655	1275	733	1401
2.00  4.00 |	0.27	333.29	1232	18498	1252	701	1369
1.90  4.00 |	0.27	334.59	1225	18372	1231	683	1346
1.80  4.00 |	0.28	335.09	1213	18154	1209	652	1317
1.70  4.00 |	0.28	335.55	1213	18140	1208	648	1316
1.60  4.00 |	0.28	335.92	1202	17931	1186	624	1289
1.50  4.00 |	0.28	336.85	1201	17916	1182	615	1284
1.40  4.00 |	0.28	330.01	1170	17516	1153	578	1247
1.30  4.00 |	0.28	327.76	1153	17289	1142	549	1212
1.20  4.00 |	0.29	325.88	1136	16947	1113	532	1179
1.10  4.00 |	0.29	324.61	1123	16663	1096	509	1157
1.00  4.00 |	0.29	315.38	1076	15959	1042	443	1110
0.90  4.00 |	0.29	313.41	1065	15784	1032	431	1091
0.80  4.00 |	0.29	311.21	1057	15656	1026	428	1079
0.70  4.00 |	0.30	294.74	995	14699	975	373	1016
0.60  4.00 |	0.30	287.96	972	14300	959	362	988

4.00  3.90 |	0.23	311.17	1327	19871	1472	1088	1772
3.90  3.90 |	0.24	314.35	1325	19807	1452	1067	1741
3.80  3.90 |	0.24	318.46	1319	19727	1424	1027	1693
3.70  3.90 |	0.24	322.65	1318	19675	1411	1000	1655
3.60  3.90 |	0.25	326.02	1314	19622	1398	969	1615
3.50  3.90 |	0.25	326.69	1306	19562	1380	944	1591
3.40  3.90 |	0.25	326.75	1305	19551	1378	941	1588
3.30  3.90 |	0.25	326.81	1304	19530	1377	938	1584
3.20  3.90 |	0.25	327.51	1303	19503	1373	933	1575
3.10  3.90 |	0.25	328.35	1299	19454	1368	910	1562
3.00  3.90 |	0.25	329.6	1295	19383	1358	886	1549
2.90  3.90 |	0.26	329.39	1290	19343	1353	870	1539
2.80  3.90 |	0.26	328.5	1283	19279	1346	860	1522
2.70  3.90 |	0.26	328.67	1275	19179	1331	839	1501
2.60  3.90 |	0.26	328.81	1275	19177	1331	838	1500
2.50  3.90 |	0.26	330.58	1267	18988	1317	800	1472
2.40  3.90 |	0.26	329.72	1263	18963	1316	793	1466
2.30  3.90 |	0.26	330.94	1258	18851	1305	778	1441
2.20  3.90 |	0.27	332.37	1244	18683	1275	742	1395
2.10  3.90 |	0.27	332.1	1240	18631	1271	730	1389
2.00  3.90 |	0.27	333.75	1230	18474	1248	698	1357
1.90  3.90 |	0.27	335.06	1223	18348	1227	680	1334
1.80  3.90 |	0.28	335.59	1211	18130	1205	649	1305
1.70  3.90 |	0.28	336.05	1211	18116	1204	645	1304
1.60  3.90 |	0.28	336.45	1200	17907	1182	621	1277
1.50  3.90 |	0.28	337.39	1199	17892	1178	612	1272
1.40  3.90 |	0.28	330.56	1168	17492	1149	575	1235
1.30  3.90 |	0.29	328.33	1151	17265	1138	546	1200
1.20  3.90 |	0.29	326.47	1134	16923	1109	529	1167
1.10  3.90 |	0.29	325.22	1121	16639	1092	506	1145
1.00  3.90 |	0.29	316.02	1074	15935	1038	440	1098
0.90  3.90 |	0.30	314.05	1063	15760	1028	428	1079
0.80  3.90 |	0.30	311.86	1055	15632	1022	425	1067
0.70  3.90 |	0.30	295.4	993	14675	971	370	1004
0.60  3.90 |	0.30	288.62	970	14276	955	359	976

4.00  3.80 |	0.23	310.98	1326	19862	1472	1087	1769
3.90  3.80 |	0.24	314.15	1324	19798	1452	1066	1738
3.80  3.80 |	0.24	318.27	1318	19718	1424	1026	1690
3.70  3.80 |	0.24	322.46	1317	19666	1411	999	1652
3.60  3.80 |	0.25	325.83	1313	19613	1398	968	1612
3.50  3.80 |	0.25	326.5	1305	19553	1380	943	1588
3.40  3.80 |	0.25	326.56	1304	19542	1378	940	1585
3.30  3.80 |	0.25	326.63	1303	19521	1377	937	1581
3.20  3.80 |	0.25	327.32	1302	19494	1373	932	1572
3.10  3.80 |	0.25	328.17	1298	19445	1368	909	1559
3.00  3.80 |	0.25	329.42	1294	19374	1358	885	1546
2.90  3.80 |	0.26	329.21	1289	19334	1353	869	1536
2.80  3.80 |	0.26	328.31	1282	19270	1346	859	1519
2.70  3.80 |	0.26	328.49	1274	19170	1331	838	1498
2.60  3.80 |	0.26	328.62	1274	19168	1331	837	1497
2.50  3.80 |	0.26	330.4	1266	18979	1317	799	1469
2.40  3.80 |	0.26	329.54	1262	18954	1316	792	1463
2.30  3.80 |	0.26	330.76	1257	18842	1305	777	1438
2.20  3.80 |	0.27	332.2	1243	18674	1275	741	1392
2.10  3.80 |	0.27	331.92	1239	18622	1271	729	1386
2.00  3.80 |	0.27	333.58	1229	18465	1248	697	1354
1.90  3.80 |	0.27	334.89	1222	18339	1227	679	1331
1.80  3.80 |	0.28	335.42	1210	18121	1205	648	1302
1.70  3.80 |	0.28	335.88	1210	18107	1204	644	1301
1.60  3.80 |	0.28	336.28	1199	17898	1182	620	1274
1.50  3.80 |	0.28	337.22	1198	17883	1178	611	1269
1.40  3.80 |	0.28	330.4	1167	17483	1149	574	1232
1.30  3.80 |	0.29	328.16	1150	17256	1138	545	1197
1.20  3.80 |	0.29	326.31	1133	16914	1109	528	1164
1.10  3.80 |	0.29	325.06	1120	16630	1092	505	1142
1.00  3.80 |	0.29	315.87	1073	15926	1038	439	1095
0.90  3.80 |	0.30	313.9	1062	15751	1028	427	1076
0.80  3.80 |	0.30	311.7	1054	15623	1022	424	1064
0.70  3.80 |	0.30	295.25	992	14666	971	369	1001
0.60  3.80 |	0.30	288.47	969	14267	955	358	973

4.00  3.70 |	0.24	310.95	1323	19811	1461	1085	1760
3.90  3.70 |	0.24	314.14	1321	19747	1441	1064	1729
3.80  3.70 |	0.24	318.28	1315	19667	1413	1024	1681
3.70  3.70 |	0.25	322.49	1314	19615	1400	997	1643
3.60  3.70 |	0.25	325.88	1310	19562	1387	966	1603
3.50  3.70 |	0.25	326.57	1302	19502	1369	941	1579
3.40  3.70 |	0.25	326.63	1301	19491	1367	938	1576
3.30  3.70 |	0.25	326.7	1300	19470	1366	935	1572
3.20  3.70 |	0.25	327.4	1299	19443	1362	930	1563
3.10  3.70 |	0.25	328.25	1295	19394	1357	907	1550
3.00  3.70 |	0.26	329.51	1291	19323	1347	883	1537
2.90  3.70 |	0.26	329.31	1286	19283	1342	867	1527
2.80  3.70 |	0.26	328.42	1279	19219	1335	857	1510
2.70  3.70 |	0.26	328.61	1271	19119	1320	836	1489
2.60  3.70 |	0.26	328.74	1271	19117	1320	835	1488
2.50  3.70 |	0.26	330.54	1263	18928	1306	797	1460
2.40  3.70 |	0.26	329.68	1259	18903	1305	790	1454
2.30  3.70 |	0.26	330.92	1254	18791	1294	775	1429
2.20  3.70 |	0.27	332.38	1240	18623	1264	739	1383
2.10  3.70 |	0.27	332.11	1236	18571	1260	727	1377
2.00  3.70 |	0.27	333.79	1226	18414	1237	695	1345
1.90  3.70 |	0.27	335.13	1219	18288	1216	677	1322
1.80  3.70 |	0.28	335.68	1207	18070	1194	646	1293
1.70  3.70 |	0.28	336.14	1207	18056	1193	642	1292
1.60  3.70 |	0.28	336.57	1196	17847	1171	618	1265
1.50  3.70 |	0.28	337.51	1195	17832	1167	609	1260
1.40  3.70 |	0.28	330.7	1164	17432	1138	572	1223
1.30  3.70 |	0.29	328.49	1147	17205	1127	543	1188
1.20  3.70 |	0.29	326.66	1130	16863	1098	526	1155
1.10  3.70 |	0.29	325.43	1117	16579	1081	503	1133
1.00  3.70 |	0.30	316.27	1070	15875	1027	437	1086
0.90  3.70 |	0.30	314.32	1059	15700	1017	425	1067
0.80  3.70 |	0.30	312.12	1051	15572	1011	422	1055
0.70  3.70 |	0.30	295.68	989	14615	960	367	992
0.60  3.70 |	0.30	288.9	966	14216	944	356	964

4.00  3.60 |	0.24	311.48	1320	19783	1451	1081	1742
3.90  3.60 |	0.24	314.7	1318	19719	1431	1060	1711
3.80  3.60 |	0.24	318.89	1312	19639	1403	1020	1663
3.70  3.60 |	0.25	323.13	1311	19587	1390	993	1625
3.60  3.60 |	0.25	326.56	1307	19534	1377	962	1585
3.50  3.60 |	0.25	327.27	1299	19474	1359	937	1561
3.40  3.60 |	0.25	327.34	1298	19463	1357	934	1558
3.30  3.60 |	0.25	327.41	1297	19442	1356	931	1554
3.20  3.60 |	0.25	328.11	1296	19415	1352	926	1545
3.10  3.60 |	0.25	328.98	1292	19366	1347	903	1532
3.00  3.60 |	0.26	330.27	1288	19295	1337	879	1519
2.90  3.60 |	0.26	330.08	1283	19255	1332	863	1509
2.80  3.60 |	0.26	329.19	1276	19191	1325	853	1492
2.70  3.60 |	0.26	329.4	1268	19091	1310	832	1471
2.60  3.60 |	0.26	329.54	1268	19089	1310	831	1470
2.50  3.60 |	0.26	331.37	1260	18900	1296	793	1442
2.40  3.60 |	0.26	330.51	1256	18875	1295	786	1436
2.30  3.60 |	0.27	331.78	1251	18763	1284	771	1411
2.20  3.60 |	0.27	333.3	1237	18595	1254	735	1365
2.10  3.60 |	0.27	333.03	1233	18543	1250	723	1359
2.00  3.60 |	0.27	334.76	1223	18386	1227	691	1327
1.90  3.60 |	0.28	336.13	1216	18260	1206	673	1304
1.80  3.60 |	0.28	336.73	1204	18042	1184	642	1275
1.70  3.60 |	0.28	337.2	1204	18028	1183	638	1274
1.60  3.60 |	0.28	337.66	1193	17819	1161	614	1247
1.50  3.60 |	0.28	338.62	1192	17804	1157	605	1242
1.40  3.60 |	0.29	331.84	1161	17404	1128	568	1205
1.30  3.60 |	0.29	329.66	1144	17177	1117	539	1170
1.20  3.60 |	0.29	327.86	1127	16835	1088	522	1137
1.10  3.60 |	0.29	326.66	1114	16551	1071	499	1115
1.00  3.60 |	0.30	317.57	1067	15847	1017	433	1068
0.90  3.60 |	0.30	315.63	1056	15672	1007	421	1049
0.80  3.60 |	0.30	313.44	1048	15544	1001	418	1037
0.70  3.60 |	0.30	297.04	986	14587	950	363	974
0.60  3.60 |	0.30	290.26	963	14188	934	352	946

4.00  3.50 |	0.24	312.38	1311	19706	1424	1063	1704
3.90  3.50 |	0.24	315.67	1309	19642	1404	1042	1673
3.80  3.50 |	0.25	319.98	1303	19562	1376	1002	1625
3.70  3.50 |	0.25	324.32	1302	19510	1363	975	1587
3.60  3.50 |	0.25	327.85	1298	19457	1350	944	1547
3.50  3.50 |	0.25	328.61	1290	19397	1332	919	1523
3.40  3.50 |	0.25	328.69	1289	19386	1330	916	1520
3.30  3.50 |	0.26	328.76	1288	19365	1329	913	1516
3.20  3.50 |	0.26	329.49	1287	19338	1325	908	1507
3.10  3.50 |	0.26	330.41	1283	19289	1320	885	1494
3.00  3.50 |	0.26	331.75	1279	19218	1310	861	1481
2.90  3.50 |	0.26	331.58	1274	19178	1305	845	1471
2.80  3.50 |	0.26	330.71	1267	19114	1298	835	1454
2.70  3.50 |	0.26	330.98	1259	19014	1283	814	1433
2.60  3.50 |	0.26	331.12	1259	19012	1283	813	1432
2.50  3.50 |	0.27	333.05	1251	18823	1269	775	1404
2.40  3.50 |	0.27	332.2	1247	18798	1268	768	1398
2.30  3.50 |	0.27	333.53	1242	18686	1257	753	1373
2.20  3.50 |	0.27	335.18	1228	18518	1227	717	1327
2.10  3.50 |	0.27	334.94	1224	18466	1223	705	1321
2.00  3.50 |	0.28	336.79	1214	18309	1200	673	1289
1.90  3.50 |	0.28	338.25	1207	18183	1179	655	1266
1.80  3.50 |	0.28	338.96	1195	17965	1157	624	1237
1.70  3.50 |	0.28	339.44	1195	17951	1156	620	1236
1.60  3.50 |	0.29	340.01	1184	17742	1134	596	1209
1.50  3.50 |	0.29	341.01	1183	17727	1130	587	1204
1.40  3.50 |	0.29	334.28	1152	17327	1101	550	1167
1.30  3.50 |	0.29	332.19	1135	17100	1090	521	1132
1.20  3.50 |	0.30	330.49	1118	16758	1061	504	1099
1.10  3.50 |	0.30	329.38	1105	16474	1044	481	1077
1.00  3.50 |	0.30	320.46	1058	15770	990	415	1030
0.90  3.50 |	0.30	318.57	1047	15595	980	403	1011
0.80  3.50 |	0.30	316.39	1039	15467	974	400	999
0.70  3.50 |	0.31	300.07	977	14510	923	345	936
0.60  3.50 |	0.31	293.3	954	14111	907	334	908

4.00  3.40 |	0.24	313.86	1308	19672	1409	1057	1677
3.90  3.40 |	0.24	317.21	1306	19608	1389	1036	1646
3.80  3.40 |	0.25	321.6	1300	19528	1361	996	1598
3.70  3.40 |	0.25	326	1299	19476	1348	969	1560
3.60  3.40 |	0.25	329.6	1295	19423	1335	938	1520
3.50  3.40 |	0.26	330.41	1287	19363	1317	913	1496
3.40  3.40 |	0.26	330.49	1286	19352	1315	910	1493
3.30  3.40 |	0.26	330.58	1285	19331	1314	907	1489
3.20  3.40 |	0.26	331.32	1284	19304	1310	902	1480
3.10  3.40 |	0.26	332.27	1280	19255	1305	879	1467
3.00  3.40 |	0.26	333.64	1276	19184	1295	855	1454
2.90  3.40 |	0.26	333.49	1271	19144	1290	839	1444
2.80  3.40 |	0.26	332.65	1264	19080	1283	829	1427
2.70  3.40 |	0.27	332.95	1256	18980	1268	808	1406
2.60  3.40 |	0.27	333.09	1256	18978	1268	807	1405
2.50  3.40 |	0.27	335.09	1248	18789	1254	769	1377
2.40  3.40 |	0.27	334.24	1244	18764	1253	762	1371
2.30  3.40 |	0.27	335.62	1239	18652	1242	747	1346
2.20  3.40 |	0.28	337.37	1225	18484	1212	711	1300
2.10  3.40 |	0.28	337.14	1221	18432	1208	699	1294
2.00  3.40 |	0.28	339.08	1211	18275	1185	667	1262
1.90  3.40 |	0.28	340.61	1204	18149	1164	649	1239
1.80  3.40 |	0.29	341.39	1192	17931	1142	618	1210
1.70  3.40 |	0.29	341.88	1192	17917	1141	614	1209
1.60  3.40 |	0.29	342.52	1181	17708	1119	590	1182
1.50  3.40 |	0.29	343.55	1180	17693	1115	581	1177
1.40  3.40 |	0.29	336.87	1149	17293	1086	544	1140
1.30  3.40 |	0.30	334.84	1132	17066	1075	515	1105
1.20  3.40 |	0.30	333.21	1115	16724	1046	498	1072
1.10  3.40 |	0.30	332.17	1102	16440	1029	475	1050
1.00  3.40 |	0.31	323.37	1055	15736	975	409	1003
0.90  3.40 |	0.31	321.52	1044	15561	965	397	984
0.80  3.40 |	0.31	319.34	1036	15433	959	394	972
0.70  3.40 |	0.31	303.09	974	14476	908	339	909
0.60  3.40 |	0.31	296.33	951	14077	892	328	881

4.00  3.30 |	0.24	315.27	1306	19635	1402	1047	1655
3.90  3.30 |	0.24	318.67	1304	19571	1382	1026	1624
3.80  3.30 |	0.25	323.13	1298	19491	1354	986	1576
3.70  3.30 |	0.25	327.6	1297	19439	1341	959	1538
3.60  3.30 |	0.26	331.26	1293	19386	1328	928	1498
3.50  3.30 |	0.26	332.1	1285	19326	1310	903	1474
3.40  3.30 |	0.26	332.19	1284	19315	1308	900	1471
3.30  3.30 |	0.26	332.27	1283	19294	1307	897	1467
3.20  3.30 |	0.26	333.03	1282	19267	1303	892	1458
3.10  3.30 |	0.26	334	1278	19218	1298	869	1445
3.00  3.30 |	0.26	335.42	1274	19147	1288	845	1432
2.90  3.30 |	0.26	335.28	1269	19107	1283	829	1422
2.80  3.30 |	0.27	334.45	1262	19043	1276	819	1405
2.70  3.30 |	0.27	334.79	1254	18943	1261	798	1384
2.60  3.30 |	0.27	334.93	1254	18941	1261	797	1383
2.50  3.30 |	0.27	336.99	1246	18752	1247	759	1355
2.40  3.30 |	0.27	336.14	1242	18727	1246	752	1349
2.30  3.30 |	0.27	337.56	1237	18615	1235	737	1324
2.20  3.30 |	0.28	339.4	1223	18447	1205	701	1278
2.10  3.30 |	0.28	339.18	1219	18395	1201	689	1272
2.00  3.30 |	0.28	341.2	1209	18238	1178	657	1240
1.90  3.30 |	0.29	342.78	1202	18112	1157	639	1217
1.80  3.30 |	0.29	343.63	1190	17894	1135	608	1188
1.70  3.30 |	0.29	344.13	1190	17880	1134	604	1187
1.60  3.30 |	0.29	344.84	1179	17671	1112	580	1160
1.50  3.30 |	0.29	345.88	1178	17656	1108	571	1155
1.40  3.30 |	0.30	339.25	1147	17256	1079	534	1118
1.30  3.30 |	0.30	337.27	1130	17029	1068	505	1083
1.20  3.30 |	0.30	335.71	1113	16687	1039	488	1050
1.10  3.30 |	0.30	334.72	1100	16403	1022	465	1028
1.00  3.30 |	0.31	326.02	1053	15699	968	399	981
0.90  3.30 |	0.31	324.21	1042	15524	958	387	962
0.80  3.30 |	0.31	322.03	1034	15396	952	384	950
0.70  3.30 |	0.31	305.85	972	14439	901	329	887
0.60  3.30 |	0.32	299.1	949	14040	885	318	859

4.00  3.20 |	0.24	314.49	1301	19580	1395	1043	1643
3.90  3.20 |	0.24	317.9	1299	19516	1375	1022	1612
3.80  3.20 |	0.25	322.38	1293	19436	1347	982	1564
3.70  3.20 |	0.25	326.86	1292	19384	1334	955	1526
3.60  3.20 |	0.26	330.53	1288	19331	1321	924	1486
3.50  3.20 |	0.26	331.39	1280	19271	1303	899	1462
3.40  3.20 |	0.26	331.48	1279	19260	1301	896	1459
3.30  3.20 |	0.26	331.56	1278	19239	1300	893	1455
3.20  3.20 |	0.26	332.33	1277	19212	1296	888	1446
3.10  3.20 |	0.26	333.31	1273	19163	1291	865	1433
3.00  3.20 |	0.26	334.72	1269	19092	1281	841	1420
2.90  3.20 |	0.26	334.6	1264	19052	1276	825	1410
2.80  3.20 |	0.27	333.77	1257	18988	1269	815	1393
2.70  3.20 |	0.27	334.12	1249	18888	1254	794	1372
2.60  3.20 |	0.27	334.26	1249	18886	1254	793	1371
2.50  3.20 |	0.27	336.34	1241	18697	1240	755	1343
2.40  3.20 |	0.27	335.49	1237	18672	1239	748	1337
2.30  3.20 |	0.27	336.92	1232	18560	1228	733	1312
2.20  3.20 |	0.28	338.78	1218	18392	1198	697	1266
2.10  3.20 |	0.28	338.57	1214	18340	1194	685	1260
2.00  3.20 |	0.28	340.61	1204	18183	1171	653	1228
1.90  3.20 |	0.29	342.2	1197	18057	1150	635	1205
1.80  3.20 |	0.29	343.08	1185	17839	1128	604	1176
1.70  3.20 |	0.29	343.58	1185	17825	1127	600	1175
1.60  3.20 |	0.29	344.31	1174	17616	1105	576	1148
1.50  3.20 |	0.29	345.36	1173	17601	1101	567	1143
1.40  3.20 |	0.30	338.74	1142	17201	1072	530	1106
1.30  3.20 |	0.30	336.78	1125	16974	1061	501	1071
1.20  3.20 |	0.30	335.24	1108	16632	1032	484	1038
1.10  3.20 |	0.31	334.27	1095	16348	1015	461	1016
1.00  3.20 |	0.31	325.62	1048	15644	961	395	969
0.90  3.20 |	0.31	323.81	1037	15469	951	383	950
0.80  3.20 |	0.31	321.64	1029	15341	945	380	938
0.70  3.20 |	0.32	305.48	967	14384	894	325	875
0.60  3.20 |	0.32	298.74	944	13985	878	314	847

4.00  3.10 |	0.24	314.8	1298	19513	1387	1036	1631
3.90  3.10 |	0.25	318.23	1296	19449	1367	1015	1600
3.80  3.10 |	0.25	322.75	1290	19369	1339	975	1552
3.70  3.10 |	0.25	327.26	1289	19317	1326	948	1514
3.60  3.10 |	0.26	330.97	1285	19264	1313	917	1474
3.50  3.10 |	0.26	331.85	1277	19204	1295	892	1450
3.40  3.10 |	0.26	331.94	1276	19193	1293	889	1447
3.30  3.10 |	0.26	332.03	1275	19172	1292	886	1443
3.20  3.10 |	0.26	332.8	1274	19145	1288	881	1434
3.10  3.10 |	0.26	333.8	1270	19096	1283	858	1421
3.00  3.10 |	0.26	335.23	1266	19025	1273	834	1408
2.90  3.10 |	0.27	335.12	1261	18985	1268	818	1398
2.80  3.10 |	0.27	334.29	1254	18921	1261	808	1381
2.70  3.10 |	0.27	334.67	1246	18821	1246	787	1360
2.60  3.10 |	0.27	334.81	1246	18819	1246	786	1359
2.50  3.10 |	0.27	336.92	1238	18630	1232	748	1331
2.40  3.10 |	0.27	336.08	1234	18605	1231	741	1325
2.30  3.10 |	0.27	337.53	1229	18493	1220	726	1300
2.20  3.10 |	0.28	339.44	1215	18325	1190	690	1254
2.10  3.10 |	0.28	339.24	1211	18273	1186	678	1248
2.00  3.10 |	0.28	341.32	1201	18116	1163	646	1216
1.90  3.10 |	0.29	342.95	1194	17990	1142	628	1193
1.80  3.10 |	0.29	343.87	1182	17772	1120	597	1164
1.70  3.10 |	0.29	344.37	1182	17758	1119	593	1163
1.60  3.10 |	0.29	345.14	1171	17549	1097	569	1136
1.50  3.10 |	0.30	346.21	1170	17534	1093	560	1131
1.40  3.10 |	0.30	339.61	1139	17134	1064	523	1094
1.30  3.10 |	0.30	337.68	1122	16907	1053	494	1059
1.20  3.10 |	0.30	336.19	1105	16565	1024	477	1026
1.10  3.10 |	0.31	335.24	1092	16281	1007	454	1004
1.00  3.10 |	0.31	326.66	1045	15577	953	388	957
0.90  3.10 |	0.31	324.87	1034	15402	943	376	938
0.80  3.10 |	0.31	322.71	1026	15274	937	373	926
0.70  3.10 |	0.32	306.6	964	14317	886	318	863
0.60  3.10 |	0.32	299.86	941	13918	870	307	835

4.00  3.00 |	0.24	314.33	1294	19461	1382	1034	1617
3.90  3.00 |	0.25	317.77	1292	19397	1362	1013	1586
3.80  3.00 |	0.25	322.31	1286	19317	1334	973	1538
3.70  3.00 |	0.25	326.85	1285	19265	1321	946	1500
3.60  3.00 |	0.26	330.57	1281	19212	1308	915	1460
3.50  3.00 |	0.26	331.46	1273	19152	1290	890	1436
3.40  3.00 |	0.26	331.55	1272	19141	1288	887	1433
3.30  3.00 |	0.26	331.64	1271	19120	1287	884	1429
3.20  3.00 |	0.26	332.42	1270	19093	1283	879	1420
3.10  3.00 |	0.26	333.42	1266	19044	1278	856	1407
3.00  3.00 |	0.27	334.87	1262	18973	1268	832	1394
2.90  3.00 |	0.27	334.76	1257	18933	1263	816	1384
2.80  3.00 |	0.27	333.94	1250	18869	1256	806	1367
2.70  3.00 |	0.27	334.32	1242	18769	1241	785	1346
2.60  3.00 |	0.27	334.47	1242	18767	1241	784	1345
2.50  3.00 |	0.27	336.6	1234	18578	1227	746	1317
2.40  3.00 |	0.27	335.75	1230	18553	1226	739	1311
2.30  3.00 |	0.28	337.22	1225	18441	1215	724	1286
2.20  3.00 |	0.28	339.16	1211	18273	1185	688	1240
2.10  3.00 |	0.28	338.96	1207	18221	1181	676	1234
2.00  3.00 |	0.28	341.06	1197	18064	1158	644	1202
1.90  3.00 |	0.29	342.72	1190	17938	1137	626	1179
1.80  3.00 |	0.29	343.66	1178	17720	1115	595	1150
1.70  3.00 |	0.29	344.17	1178	17706	1114	591	1149
1.60  3.00 |	0.30	344.96	1167	17497	1092	567	1122
1.50  3.00 |	0.30	346.03	1166	17482	1088	558	1117
1.40  3.00 |	0.30	339.45	1135	17082	1059	521	1080
1.30  3.00 |	0.30	337.54	1118	16855	1048	492	1045
1.20  3.00 |	0.31	336.07	1101	16513	1019	475	1012
1.10  3.00 |	0.31	335.15	1088	16229	1002	452	990
1.00  3.00 |	0.31	326.61	1041	15525	948	386	943
0.90  3.00 |	0.32	324.83	1030	15350	938	374	924
0.80  3.00 |	0.32	322.67	1022	15222	932	371	912
0.70  3.00 |	0.32	306.59	960	14265	881	316	849
0.60  3.00 |	0.32	299.85	937	13866	865	305	821

4.00  2.90 |	0.25	315.81	1281	19293	1349	1016	1550
3.90  2.90 |	0.25	319.38	1279	19229	1329	995	1519
3.80  2.90 |	0.25	324.11	1273	19149	1301	955	1471
3.70  2.90 |	0.26	328.79	1272	19097	1288	928	1433
3.60  2.90 |	0.26	332.68	1268	19044	1275	897	1393
3.50  2.90 |	0.26	333.67	1260	18984	1257	872	1369
3.40  2.90 |	0.27	333.77	1259	18973	1255	869	1366
3.30  2.90 |	0.27	333.87	1258	18952	1254	866	1362
3.20  2.90 |	0.27	334.69	1257	18925	1250	861	1353
3.10  2.90 |	0.27	335.76	1253	18876	1245	838	1340
3.00  2.90 |	0.27	337.3	1249	18805	1235	814	1327
2.90  2.90 |	0.27	337.23	1244	18765	1230	798	1317
2.80  2.90 |	0.27	336.45	1237	18701	1223	788	1300
2.70  2.90 |	0.27	336.93	1229	18601	1208	767	1279
2.60  2.90 |	0.27	337.08	1229	18599	1208	766	1278
2.50  2.90 |	0.28	339.37	1221	18410	1194	728	1250
2.40  2.90 |	0.28	338.53	1217	18385	1193	721	1244
2.30  2.90 |	0.28	340.11	1212	18273	1182	706	1219
2.20  2.90 |	0.29	342.29	1198	18105	1152	670	1173
2.10  2.90 |	0.29	342.13	1194	18053	1148	658	1167
2.00  2.90 |	0.29	344.44	1184	17896	1125	626	1135
1.90  2.90 |	0.29	346.25	1177	17770	1104	608	1112
1.80  2.90 |	0.30	347.38	1165	17552	1082	577	1083
1.70  2.90 |	0.30	347.92	1165	17538	1081	573	1082
1.60  2.90 |	0.30	348.89	1154	17329	1059	549	1055
1.50  2.90 |	0.30	350.03	1153	17314	1055	540	1050
1.40  2.90 |	0.31	343.58	1122	16914	1026	503	1013
1.30  2.90 |	0.31	341.83	1105	16687	1015	474	978
1.20  2.90 |	0.31	340.55	1088	16345	986	457	945
1.10  2.90 |	0.32	339.79	1075	16061	969	434	923
1.00  2.90 |	0.32	331.59	1028	15357	915	368	876
0.90  2.90 |	0.32	329.92	1017	15182	905	356	857
0.80  2.90 |	0.32	327.78	1009	15054	899	353	845
0.70  2.90 |	0.33	311.93	947	14097	848	298	782
0.60  2.90 |	0.33	305.25	924	13698	832	287	754

4.00  2.80 |	0.25	317.08	1277	19198	1335	1004	1527
3.90  2.80 |	0.25	320.7	1275	19134	1315	983	1496
3.80  2.80 |	0.26	325.52	1269	19054	1287	943	1448
3.70  2.80 |	0.26	330.28	1268	19002	1274	916	1410
3.60  2.80 |	0.26	334.25	1264	18949	1261	885	1370
3.50  2.80 |	0.27	335.29	1256	18889	1243	860	1346
3.40  2.80 |	0.27	335.4	1255	18878	1241	857	1343
3.30  2.80 |	0.27	335.51	1254	18857	1240	854	1339
3.20  2.80 |	0.27	336.33	1253	18830	1236	849	1330
3.10  2.80 |	0.27	337.44	1249	18781	1231	826	1317
3.00  2.80 |	0.27	339.03	1245	18710	1221	802	1304
2.90  2.80 |	0.27	338.98	1240	18670	1216	786	1294
2.80  2.80 |	0.27	338.22	1233	18606	1209	776	1277
2.70  2.80 |	0.28	338.74	1225	18506	1194	755	1256
2.60  2.80 |	0.28	338.89	1225	18504	1194	754	1255
2.50  2.80 |	0.28	341.26	1217	18315	1180	716	1227
2.40  2.80 |	0.28	340.44	1213	18290	1179	709	1221
2.30  2.80 |	0.28	342.07	1208	18178	1168	694	1196
2.20  2.80 |	0.29	344.36	1194	18010	1138	658	1150
2.10  2.80 |	0.29	344.21	1190	17958	1134	646	1144
2.00  2.80 |	0.29	346.63	1180	17801	1111	614	1112
1.90  2.80 |	0.30	348.51	1173	17675	1090	596	1089
1.80  2.80 |	0.30	349.75	1161	17457	1068	565	1060
1.70  2.80 |	0.30	350.29	1161	17443	1067	561	1059
1.60  2.80 |	0.31	351.35	1150	17234	1045	537	1032
1.50  2.80 |	0.31	352.52	1149	17219	1041	528	1027
1.40  2.80 |	0.31	346.14	1118	16819	1012	491	990
1.30  2.80 |	0.31	344.47	1101	16592	1001	462	955
1.20  2.80 |	0.32	343.28	1084	16250	972	445	922
1.10  2.80 |	0.32	342.6	1071	15966	955	422	900
1.00  2.80 |	0.33	334.58	1024	15262	901	356	853
0.90  2.80 |	0.33	332.96	1013	15087	891	344	834
0.80  2.80 |	0.33	330.83	1005	14959	885	341	822
0.70  2.80 |	0.33	315.11	943	14002	834	286	759
0.60  2.80 |	0.34	308.45	920	13603	818	275	731

4.00  2.70 |	0.25	317.38	1276	19175	1332	1001	1521
3.90  2.70 |	0.25	321.02	1274	19111	1312	980	1490
3.80  2.70 |	0.26	325.87	1268	19031	1284	940	1442
3.70  2.70 |	0.26	330.65	1267	18979	1271	913	1404
3.60  2.70 |	0.26	334.63	1263	18926	1258	882	1364
3.50  2.70 |	0.27	335.68	1255	18866	1240	857	1340
3.40  2.70 |	0.27	335.79	1254	18855	1238	854	1337
3.30  2.70 |	0.27	335.9	1253	18834	1237	851	1333
3.20  2.70 |	0.27	336.74	1252	18807	1233	846	1324
3.10  2.70 |	0.27	337.85	1248	18758	1228	823	1311
3.00  2.70 |	0.27	339.45	1244	18687	1218	799	1298
2.90  2.70 |	0.27	339.4	1239	18647	1213	783	1288
2.80  2.70 |	0.27	338.65	1232	18583	1206	773	1271
2.70  2.70 |	0.28	339.18	1224	18483	1191	752	1250
2.60  2.70 |	0.28	339.34	1224	18481	1191	751	1249
2.50  2.70 |	0.28	341.73	1216	18292	1177	713	1221
2.40  2.70 |	0.28	340.9	1212	18267	1176	706	1215
2.30  2.70 |	0.28	342.55	1207	18155	1165	691	1190
2.20  2.70 |	0.29	344.86	1193	17987	1135	655	1144
2.10  2.70 |	0.29	344.73	1189	17935	1131	643	1138
2.00  2.70 |	0.29	347.16	1179	17778	1108	611	1106
1.90  2.70 |	0.30	349.07	1172	17652	1087	593	1083
1.80  2.70 |	0.30	350.33	1160	17434	1065	562	1054
1.70  2.70 |	0.30	350.87	1160	17420	1064	558	1053
1.60  2.70 |	0.31	351.96	1149	17211	1042	534	1026
1.50  2.70 |	0.31	353.14	1148	17196	1038	525	1021
1.40  2.70 |	0.31	346.77	1117	16796	1009	488	984
1.30  2.70 |	0.31	345.12	1100	16569	998	459	949
1.20  2.70 |	0.32	343.96	1083	16227	969	442	916
1.10  2.70 |	0.32	343.3	1070	15943	952	419	894
1.00  2.70 |	0.33	335.32	1023	15239	898	353	847
0.90  2.70 |	0.33	333.71	1012	15064	888	341	828
0.80  2.70 |	0.33	331.58	1004	14936	882	338	816
0.70  2.70 |	0.34	315.9	942	13979	831	283	753
0.60  2.70 |	0.34	309.25	919	13580	815	272	725

4.00  2.60 |	0.25	318	1273	19100	1324	996	1503
3.90  2.60 |	0.25	321.67	1271	19036	1304	975	1472
3.80  2.60 |	0.26	326.58	1265	18956	1276	935	1424
3.70  2.60 |	0.26	331.4	1264	18904	1263	908	1386
3.60  2.60 |	0.27	335.43	1260	18851	1250	877	1346
3.50  2.60 |	0.27	336.52	1252	18791	1232	852	1322
3.40  2.60 |	0.27	336.63	1251	18780	1230	849	1319
3.30  2.60 |	0.27	336.75	1250	18759	1229	846	1315
3.20  2.60 |	0.27	337.59	1249	18732	1225	841	1306
3.10  2.60 |	0.27	338.73	1245	18683	1220	818	1293
3.00  2.60 |	0.27	340.35	1241	18612	1210	794	1280
2.90  2.60 |	0.28	340.32	1236	18572	1205	778	1270
2.80  2.60 |	0.28	339.58	1229	18508	1198	768	1253
2.70  2.60 |	0.28	340.14	1221	18408	1183	747	1232
2.60  2.60 |	0.28	340.3	1221	18406	1183	746	1231
2.50  2.60 |	0.28	342.74	1213	18217	1169	708	1203
2.40  2.60 |	0.28	341.91	1209	18192	1168	701	1197
2.30  2.60 |	0.29	343.59	1204	18080	1157	686	1172
2.20  2.60 |	0.29	345.98	1190	17912	1127	650	1126
2.10  2.60 |	0.29	345.86	1186	17860	1123	638	1120
2.00  2.60 |	0.30	348.36	1176	17703	1100	606	1088
1.90  2.60 |	0.30	350.31	1169	17577	1079	588	1065
1.80  2.60 |	0.30	351.63	1157	17359	1057	557	1036
1.70  2.60 |	0.30	352.18	1157	17345	1056	553	1035
1.60  2.60 |	0.31	353.33	1146	17136	1034	529	1008
1.50  2.60 |	0.31	354.52	1145	17121	1030	520	1003
1.40  2.60 |	0.31	348.2	1114	16721	1001	483	966
1.30  2.60 |	0.32	346.6	1097	16494	990	454	931
1.20  2.60 |	0.32	345.5	1080	16152	961	437	898
1.10  2.60 |	0.32	344.89	1067	15868	944	414	876
1.00  2.60 |	0.33	337.03	1020	15164	890	348	829
0.90  2.60 |	0.33	335.45	1009	14989	880	336	810
0.80  2.60 |	0.33	333.33	1001	14861	874	333	798
0.70  2.60 |	0.34	317.74	939	13904	823	278	735
0.60  2.60 |	0.34	311.11	916	13505	807	267	707

4.00  2.50 |	0.25	314.75	1260	18986	1315	994	1475
3.90  2.50 |	0.25	318.42	1258	18922	1295	973	1444
3.80  2.50 |	0.26	323.33	1252	18842	1267	933	1396
3.70  2.50 |	0.26	328.16	1251	18790	1254	906	1358
3.60  2.50 |	0.27	332.2	1247	18737	1241	875	1318
3.50  2.50 |	0.27	333.29	1239	18677	1223	850	1294
3.40  2.50 |	0.27	333.4	1238	18666	1221	847	1291
3.30  2.50 |	0.27	333.52	1237	18645	1220	844	1287
3.20  2.50 |	0.27	334.36	1236	18618	1216	839	1278
3.10  2.50 |	0.27	335.5	1232	18569	1211	816	1265
3.00  2.50 |	0.27	337.13	1228	18498	1201	792	1252
2.90  2.50 |	0.28	337.1	1223	18458	1196	776	1242
2.80  2.50 |	0.28	336.36	1216	18394	1189	766	1225
2.70  2.50 |	0.28	336.93	1208	18294	1174	745	1204
2.60  2.50 |	0.28	337.09	1208	18292	1174	744	1203
2.50  2.50 |	0.28	339.54	1200	18103	1160	706	1175
2.40  2.50 |	0.28	338.72	1196	18078	1159	699	1169
2.30  2.50 |	0.29	340.41	1191	17966	1148	684	1144
2.20  2.50 |	0.29	342.82	1177	17798	1118	648	1098
2.10  2.50 |	0.29	342.7	1173	17746	1114	636	1092
2.00  2.50 |	0.30	345.22	1163	17589	1091	604	1060
1.90  2.50 |	0.30	347.19	1156	17463	1070	586	1037
1.80  2.50 |	0.30	348.53	1144	17245	1048	555	1008
1.70  2.50 |	0.31	349.09	1144	17231	1047	551	1007
1.60  2.50 |	0.31	350.26	1133	17022	1025	527	980
1.50  2.50 |	0.31	351.46	1132	17007	1021	518	975
1.40  2.50 |	0.31	345.16	1101	16607	992	481	938
1.30  2.50 |	0.32	343.58	1084	16380	981	452	903
1.20  2.50 |	0.32	342.51	1067	16038	952	435	870
1.10  2.50 |	0.32	341.93	1054	15754	935	412	848
1.00  2.50 |	0.33	334.12	1007	15050	881	346	801
0.90  2.50 |	0.33	332.56	996	14875	871	334	782
0.80  2.50 |	0.33	330.45	988	14747	865	331	770
0.70  2.50 |	0.34	314.9	926	13790	814	276	707
0.60  2.50 |	0.34	308.28	903	13391	798	265	679

4.00  2.40 |	0.25	314.5	1255	18941	1305	988	1460
3.90  2.40 |	0.25	318.2	1253	18877	1285	967	1429
3.80  2.40 |	0.26	323.15	1247	18797	1257	927	1381
3.70  2.40 |	0.26	328.02	1246	18745	1244	900	1343
3.60  2.40 |	0.27	332.09	1242	18692	1231	869	1303
3.50  2.40 |	0.27	333.21	1234	18632	1213	844	1279
3.40  2.40 |	0.27	333.32	1233	18621	1211	841	1276
3.30  2.40 |	0.27	333.44	1232	18600	1210	838	1272
3.20  2.40 |	0.27	334.3	1231	18573	1206	833	1263
3.10  2.40 |	0.27	335.46	1227	18524	1201	810	1250
3.00  2.40 |	0.28	337.1	1223	18453	1191	786	1237
2.90  2.40 |	0.28	337.09	1218	18413	1186	770	1227
2.80  2.40 |	0.28	336.36	1211	18349	1179	760	1210
2.70  2.40 |	0.28	336.95	1203	18249	1164	739	1189
2.60  2.40 |	0.28	337.11	1203	18247	1164	738	1188
2.50  2.40 |	0.28	339.6	1195	18058	1150	700	1160
2.40  2.40 |	0.28	338.78	1191	18033	1149	693	1154
2.30  2.40 |	0.29	340.5	1186	17921	1138	678	1129
2.20  2.40 |	0.29	342.97	1172	17753	1108	642	1083
2.10  2.40 |	0.29	342.86	1168	17701	1104	630	1077
2.00  2.40 |	0.30	345.43	1158	17544	1081	598	1045
1.90  2.40 |	0.30	347.44	1151	17418	1060	580	1022
1.80  2.40 |	0.31	348.84	1139	17200	1038	549	993
1.70  2.40 |	0.31	349.4	1139	17186	1037	545	992
1.60  2.40 |	0.31	350.62	1128	16977	1015	521	965
1.50  2.40 |	0.31	351.84	1127	16962	1011	512	960
1.40  2.40 |	0.32	345.57	1096	16562	982	475	923
1.30  2.40 |	0.32	344.04	1079	16335	971	446	888
1.20  2.40 |	0.32	343.02	1062	15993	942	429	855
1.10  2.40 |	0.33	342.48	1049	15709	925	406	833
1.00  2.40 |	0.33	334.78	1002	15005	871	340	786
0.90  2.40 |	0.34	333.25	991	14830	861	328	767
0.80  2.40 |	0.34	331.15	983	14702	855	325	755
0.70  2.40 |	0.34	315.68	921	13745	804	270	692
0.60  2.40 |	0.34	309.09	898	13346	788	259	664

4.00  2.30 |	0.25	314.13	1251	18892	1301	979	1451
3.90  2.30 |	0.25	317.85	1249	18828	1281	958	1420
3.80  2.30 |	0.26	322.83	1243	18748	1253	918	1372
3.70  2.30 |	0.26	327.72	1242	18696	1240	891	1334
3.60  2.30 |	0.27	331.81	1238	18643	1227	860	1294
3.50  2.30 |	0.27	332.94	1230	18583	1209	835	1270
3.40  2.30 |	0.27	333.06	1229	18572	1207	832	1267
3.30  2.30 |	0.27	333.18	1228	18551	1206	829	1263
3.20  2.30 |	0.27	334.04	1227	18524	1202	824	1254
3.10  2.30 |	0.27	335.21	1223	18475	1197	801	1241
3.00  2.30 |	0.28	336.88	1219	18404	1187	777	1228
2.90  2.30 |	0.28	336.87	1214	18364	1182	761	1218
2.80  2.30 |	0.28	336.14	1207	18300	1175	751	1201
2.70  2.30 |	0.28	336.75	1199	18200	1160	730	1180
2.60  2.30 |	0.28	336.91	1199	18198	1160	729	1179
2.50  2.30 |	0.28	339.43	1191	18009	1146	691	1151
2.40  2.30 |	0.29	338.61	1187	17984	1145	684	1145
2.30  2.30 |	0.29	340.35	1182	17872	1134	669	1120
2.20  2.30 |	0.29	342.86	1168	17704	1104	633	1074
2.10  2.30 |	0.29	342.75	1164	17652	1100	621	1068
2.00  2.30 |	0.30	345.36	1154	17495	1077	589	1036
1.90  2.30 |	0.30	347.4	1147	17369	1056	571	1013
1.80  2.30 |	0.31	348.83	1135	17151	1034	540	984
1.70  2.30 |	0.31	349.4	1135	17137	1033	536	983
1.60  2.30 |	0.31	350.65	1124	16928	1011	512	956
1.50  2.30 |	0.31	351.88	1123	16913	1007	503	951
1.40  2.30 |	0.32	345.64	1092	16513	978	466	914
1.30  2.30 |	0.32	344.14	1075	16286	967	437	879
1.20  2.30 |	0.32	343.15	1058	15944	938	420	846
1.10  2.30 |	0.33	342.65	1045	15660	921	397	824
1.00  2.30 |	0.34	335.02	998	14956	867	331	777
0.90  2.30 |	0.34	333.51	987	14781	857	319	758
0.80  2.30 |	0.34	331.41	979	14653	851	316	746
0.70  2.30 |	0.34	316	917	13696	800	261	683
0.60  2.30 |	0.35	309.42	894	13297	784	250	655

4.00  2.20 |	0.25	313.45	1245	18806	1297	976	1427
3.90  2.20 |	0.26	317.19	1243	18742	1277	955	1396
3.80  2.20 |	0.26	322.21	1237	18662	1249	915	1348
3.70  2.20 |	0.26	327.13	1236	18610	1236	888	1310
3.60  2.20 |	0.27	331.26	1232	18557	1223	857	1270
3.50  2.20 |	0.27	332.41	1224	18497	1205	832	1246
3.40  2.20 |	0.27	332.53	1223	18486	1203	829	1243
3.30  2.20 |	0.27	332.65	1222	18465	1202	826	1239
3.20  2.20 |	0.27	333.52	1221	18438	1198	821	1230
3.10  2.20 |	0.28	334.71	1217	18389	1193	798	1217
3.00  2.20 |	0.28	336.39	1213	18318	1183	774	1204
2.90  2.20 |	0.28	336.39	1208	18278	1178	758	1194
2.80  2.20 |	0.28	335.68	1201	18214	1171	748	1177
2.70  2.20 |	0.28	336.31	1193	18114	1156	727	1156
2.60  2.20 |	0.28	336.47	1193	18112	1156	726	1155
2.50  2.20 |	0.29	339.02	1185	17923	1142	688	1127
2.40  2.20 |	0.29	338.21	1181	17898	1141	681	1121
2.30  2.20 |	0.29	339.96	1176	17786	1130	666	1096
2.20  2.20 |	0.29	342.53	1162	17618	1100	630	1050
2.10  2.20 |	0.30	342.43	1158	17566	1096	618	1044
2.00  2.20 |	0.30	345.09	1148	17409	1073	586	1012
1.90  2.20 |	0.30	347.17	1141	17283	1052	568	989
1.80  2.20 |	0.31	348.64	1129	17065	1030	537	960
1.70  2.20 |	0.31	349.22	1129	17051	1029	533	959
1.60  2.20 |	0.31	350.51	1118	16842	1007	509	932
1.50  2.20 |	0.31	351.76	1117	16827	1003	500	927
1.40  2.20 |	0.32	345.56	1086	16427	974	463	890
1.30  2.20 |	0.32	344.1	1069	16200	963	434	855
1.20  2.20 |	0.33	343.16	1052	15858	934	417	822
1.10  2.20 |	0.33	342.71	1039	15574	917	394	800
1.00  2.20 |	0.34	335.17	992	14870	863	328	753
0.90  2.20 |	0.34	333.69	981	14695	853	316	734
0.80  2.20 |	0.34	331.6	973	14567	847	313	722
0.70  2.20 |	0.35	316.28	911	13610	796	258	659
0.60  2.20 |	0.35	309.72	888	13211	780	247	631

4.00  2.10 |	0.25	313.4	1242	18765	1291	971	1418
3.90  2.10 |	0.26	317.16	1240	18701	1271	950	1387
3.80  2.10 |	0.26	322.21	1234	18621	1243	910	1339
3.70  2.10 |	0.27	327.15	1233	18569	1230	883	1301
3.60  2.10 |	0.27	331.31	1229	18516	1217	852	1261
3.50  2.10 |	0.27	332.48	1221	18456	1199	827	1237
3.40  2.10 |	0.27	332.6	1220	18445	1197	824	1234
3.30  2.10 |	0.27	332.73	1219	18424	1196	821	1230
3.20  2.10 |	0.27	333.6	1218	18397	1192	816	1221
3.10  2.10 |	0.28	334.8	1214	18348	1187	793	1208
3.00  2.10 |	0.28	336.5	1210	18277	1177	769	1195
2.90  2.10 |	0.28	336.51	1205	18237	1172	753	1185
2.80  2.10 |	0.28	335.8	1198	18173	1165	743	1168
2.70  2.10 |	0.28	336.45	1190	18073	1150	722	1147
2.60  2.10 |	0.28	336.61	1190	18071	1150	721	1146
2.50  2.10 |	0.29	339.19	1182	17882	1136	683	1118
2.40  2.10 |	0.29	338.38	1178	17857	1135	676	1112
2.30  2.10 |	0.29	340.16	1173	17745	1124	661	1087
2.20  2.10 |	0.30	342.76	1159	17577	1094	625	1041
2.10  2.10 |	0.30	342.67	1155	17525	1090	613	1035
2.00  2.10 |	0.30	345.37	1145	17368	1067	581	1003
1.90  2.10 |	0.31	347.48	1138	17242	1046	563	980
1.80  2.10 |	0.31	348.99	1126	17024	1024	532	951
1.70  2.10 |	0.31	349.57	1126	17010	1023	528	950
1.60  2.10 |	0.31	350.9	1115	16801	1001	504	923
1.50  2.10 |	0.32	352.16	1114	16786	997	495	918
1.40  2.10 |	0.32	345.98	1083	16386	968	458	881
1.30  2.10 |	0.32	344.56	1066	16159	957	429	846
1.20  2.10 |	0.33	343.66	1049	15817	928	412	813
1.10  2.10 |	0.33	343.24	1036	15533	911	389	791
1.00  2.10 |	0.34	335.78	989	14829	857	323	744
0.90  2.10 |	0.34	334.32	978	14654	847	311	725
0.80  2.10 |	0.34	332.24	970	14526	841	308	713
0.70  2.10 |	0.35	316.98	908	13569	790	253	650
0.60  2.10 |	0.35	310.43	885	13170	774	242	622

4.00  2.00 |	0.25	312.16	1236	18693	1286	967	1405
3.90  2.00 |	0.26	315.92	1234	18629	1266	946	1374
3.80  2.00 |	0.26	320.98	1228	18549	1238	906	1326
3.70  2.00 |	0.27	325.94	1227	18497	1225	879	1288
3.60  2.00 |	0.27	330.11	1223	18444	1212	848	1248
3.50  2.00 |	0.27	331.29	1215	18384	1194	823	1224
3.40  2.00 |	0.27	331.41	1214	18373	1192	820	1221
3.30  2.00 |	0.27	331.54	1213	18352	1191	817	1217
3.20  2.00 |	0.27	332.42	1212	18325	1187	812	1208
3.10  2.00 |	0.28	333.62	1208	18276	1182	789	1195
3.00  2.00 |	0.28	335.33	1204	18205	1172	765	1182
2.90  2.00 |	0.28	335.34	1199	18165	1167	749	1172
2.80  2.00 |	0.28	334.64	1192	18101	1160	739	1155
2.70  2.00 |	0.28	335.29	1184	18001	1145	718	1134
2.60  2.00 |	0.28	335.45	1184	17999	1145	717	1133
2.50  2.00 |	0.29	338.05	1176	17810	1131	679	1105
2.40  2.00 |	0.29	337.24	1172	17785	1130	672	1099
2.30  2.00 |	0.29	339.03	1167	17673	1119	657	1074
2.20  2.00 |	0.30	341.66	1153	17505	1089	621	1028
2.10  2.00 |	0.30	341.58	1149	17453	1085	609	1022
2.00  2.00 |	0.30	344.3	1139	17296	1062	577	990
1.90  2.00 |	0.31	346.42	1132	17170	1041	559	967
1.80  2.00 |	0.31	347.96	1120	16952	1019	528	938
1.70  2.00 |	0.31	348.54	1120	16938	1018	524	937
1.60  2.00 |	0.32	349.9	1109	16729	996	500	910
1.50  2.00 |	0.32	351.16	1108	16714	992	491	905
1.40  2.00 |	0.32	345.01	1077	16314	963	454	868
1.30  2.00 |	0.32	343.61	1060	16087	952	425	833
1.20  2.00 |	0.33	342.74	1043	15745	923	408	800
1.10  2.00 |	0.33	342.34	1030	15461	906	385	778
1.00  2.00 |	0.34	334.94	983	14757	852	319	731
0.90  2.00 |	0.34	333.49	972	14582	842	307	712
0.80  2.00 |	0.34	331.42	964	14454	836	304	700
0.70  2.00 |	0.35	316.21	902	13497	785	249	637
0.60  2.00 |	0.35	309.68	879	13098	769	238	609

4.00  1.90 |	0.25	312.62	1233	18643	1274	963	1393
3.90  1.90 |	0.26	316.43	1231	18579	1254	942	1362
3.80  1.90 |	0.26	321.54	1225	18499	1226	902	1314
3.70  1.90 |	0.27	326.54	1224	18447	1213	875	1276
3.60  1.90 |	0.27	330.76	1220	18394	1200	844	1236
3.50  1.90 |	0.27	331.96	1212	18334	1182	819	1212
3.40  1.90 |	0.27	332.09	1211	18323	1180	816	1209
3.30  1.90 |	0.27	332.22	1210	18302	1179	813	1205
3.20  1.90 |	0.28	333.11	1209	18275	1175	808	1196
3.10  1.90 |	0.28	334.34	1205	18226	1170	785	1183
3.00  1.90 |	0.28	336.07	1201	18155	1160	761	1170
2.90  1.90 |	0.28	336.09	1196	18115	1155	745	1160
2.80  1.90 |	0.28	335.4	1189	18051	1148	735	1143
2.70  1.90 |	0.28	336.09	1181	17951	1133	714	1122
2.60  1.90 |	0.28	336.25	1181	17949	1133	713	1121
2.50  1.90 |	0.29	338.9	1173	17760	1119	675	1093
2.40  1.90 |	0.29	338.09	1169	17735	1118	668	1087
2.30  1.90 |	0.29	339.91	1164	17623	1107	653	1062
2.20  1.90 |	0.30	342.62	1150	17455	1077	617	1016
2.10  1.90 |	0.30	342.54	1146	17403	1073	605	1010
2.00  1.90 |	0.30	345.33	1136	17246	1050	573	978
1.90  1.90 |	0.31	347.5	1129	17120	1029	555	955
1.80  1.90 |	0.31	349.1	1117	16902	1007	524	926
1.70  1.90 |	0.31	349.69	1117	16888	1006	520	925
1.60  1.90 |	0.32	351.1	1106	16679	984	496	898
1.50  1.90 |	0.32	352.39	1105	16664	980	487	893
1.40  1.90 |	0.32	346.29	1074	16264	951	450	856
1.30  1.90 |	0.33	344.94	1057	16037	940	421	821
1.20  1.90 |	0.33	344.13	1040	15695	911	404	788
1.10  1.90 |	0.33	343.78	1027	15411	894	381	766
1.00  1.90 |	0.34	336.51	980	14707	840	315	719
0.90  1.90 |	0.35	335.1	969	14532	830	303	700
0.80  1.90 |	0.35	333.04	961	14404	824	300	688
0.70  1.90 |	0.35	317.94	899	13447	773	245	625
0.60  1.90 |	0.36	311.44	876	13048	757	234	597

4.00  1.80 |	0.25	311.5	1228	18591	1266	961	1386
3.90  1.80 |	0.26	315.31	1226	18527	1246	940	1355
3.80  1.80 |	0.26	320.43	1220	18447	1218	900	1307
3.70  1.80 |	0.27	325.44	1219	18395	1205	873	1269
3.60  1.80 |	0.27	329.66	1215	18342	1192	842	1229
3.50  1.80 |	0.27	330.88	1207	18282	1174	817	1205
3.40  1.80 |	0.27	331.01	1206	18271	1172	814	1202
3.30  1.80 |	0.27	331.13	1205	18250	1171	811	1198
3.20  1.80 |	0.28	332.02	1204	18223	1167	806	1189
3.10  1.80 |	0.28	333.26	1200	18174	1162	783	1176
3.00  1.80 |	0.28	334.99	1196	18103	1152	759	1163
2.90  1.80 |	0.28	335.02	1191	18063	1147	743	1153
2.80  1.80 |	0.28	334.33	1184	17999	1140	733	1136
2.70  1.80 |	0.28	335.02	1176	17899	1125	712	1115
2.60  1.80 |	0.29	335.19	1176	17897	1125	711	1114
2.50  1.80 |	0.29	337.85	1168	17708	1111	673	1086
2.40  1.80 |	0.29	337.04	1164	17683	1110	666	1080
2.30  1.80 |	0.29	338.87	1159	17571	1099	651	1055
2.20  1.80 |	0.30	341.59	1145	17403	1069	615	1009
2.10  1.80 |	0.30	341.52	1141	17351	1065	603	1003
2.00  1.80 |	0.30	344.32	1131	17194	1042	571	971
1.90  1.80 |	0.31	346.51	1124	17068	1021	553	948
1.80  1.80 |	0.31	348.13	1112	16850	999	522	919
1.70  1.80 |	0.31	348.72	1112	16836	998	518	918
1.60  1.80 |	0.32	350.14	1101	16627	976	494	891
1.50  1.80 |	0.32	351.44	1100	16612	972	485	886
1.40  1.80 |	0.32	345.35	1069	16212	943	448	849
1.30  1.80 |	0.33	344.02	1052	15985	932	419	814
1.20  1.80 |	0.33	343.23	1035	15643	903	402	781
1.10  1.80 |	0.34	342.9	1022	15359	886	379	759
1.00  1.80 |	0.34	335.67	975	14655	832	313	712
0.90  1.80 |	0.35	334.28	964	14480	822	301	693
0.80  1.80 |	0.35	332.22	956	14352	816	298	681
0.70  1.80 |	0.35	317.16	894	13395	765	243	618
0.60  1.80 |	0.36	310.66	871	12996	749	232	590

4.00  1.70 |	0.25	309.41	1216	18424	1247	952	1364
3.90  1.70 |	0.26	313.24	1214	18360	1227	931	1333
3.80  1.70 |	0.26	318.41	1208	18280	1199	891	1285
3.70  1.70 |	0.27	323.46	1207	18228	1186	864	1247
3.60  1.70 |	0.27	327.72	1203	18175	1173	833	1207
3.50  1.70 |	0.28	328.96	1195	18115	1155	808	1183
3.40  1.70 |	0.28	329.09	1194	18104	1153	805	1180
3.30  1.70 |	0.28	329.23	1193	18083	1152	802	1176
3.20  1.70 |	0.28	330.13	1192	18056	1148	797	1167
3.10  1.70 |	0.28	331.38	1188	18007	1143	774	1154
3.00  1.70 |	0.28	333.14	1184	17936	1133	750	1141
2.90  1.70 |	0.28	333.18	1179	17896	1128	734	1131
2.80  1.70 |	0.28	332.51	1172	17832	1121	724	1114
2.70  1.70 |	0.29	333.23	1164	17732	1106	703	1093
2.60  1.70 |	0.29	333.39	1164	17730	1106	702	1092
2.50  1.70 |	0.29	336.1	1156	17541	1092	664	1064
2.40  1.70 |	0.29	335.3	1152	17516	1091	657	1058
2.30  1.70 |	0.29	337.16	1147	17404	1080	642	1033
2.20  1.70 |	0.30	339.96	1133	17236	1050	606	987
2.10  1.70 |	0.30	339.9	1129	17184	1046	594	981
2.00  1.70 |	0.31	342.78	1119	17027	1023	562	949
1.90  1.70 |	0.31	345.02	1112	16901	1002	544	926
1.80  1.70 |	0.32	346.7	1100	16683	980	513	897
1.70  1.70 |	0.32	347.3	1100	16669	979	509	896
1.60  1.70 |	0.32	348.8	1089	16460	957	485	869
1.50  1.70 |	0.32	350.12	1088	16445	953	476	864
1.40  1.70 |	0.33	344.09	1057	16045	924	439	827
1.30  1.70 |	0.33	342.82	1040	15818	913	410	792
1.20  1.70 |	0.33	342.11	1023	15476	884	393	759
1.10  1.70 |	0.34	341.86	1010	15192	867	370	737
1.00  1.70 |	0.35	334.79	963	14488	813	304	690
0.90  1.70 |	0.35	333.45	952	14313	803	292	671
0.80  1.70 |	0.35	331.4	944	14185	797	289	659
0.70  1.70 |	0.36	316.49	882	13228	746	234	596
0.60  1.70 |	0.36	310.03	859	12829	730	223	568

4.00  1.60 |	0.25	308.46	1213	18399	1246	951	1360
3.90  1.60 |	0.26	312.29	1211	18335	1226	930	1329
3.80  1.60 |	0.26	317.45	1205	18255	1198	890	1281
3.70  1.60 |	0.27	322.5	1204	18203	1185	863	1243
3.60  1.60 |	0.27	326.75	1200	18150	1172	832	1203
3.50  1.60 |	0.28	327.99	1192	18090	1154	807	1179
3.40  1.60 |	0.28	328.12	1191	18079	1152	804	1176
3.30  1.60 |	0.28	328.26	1190	18058	1151	801	1172
3.20  1.60 |	0.28	329.16	1189	18031	1147	796	1163
3.10  1.60 |	0.28	330.41	1185	17982	1142	773	1150
3.00  1.60 |	0.28	332.17	1181	17911	1132	749	1137
2.90  1.60 |	0.28	332.21	1176	17871	1127	733	1127
2.80  1.60 |	0.28	331.53	1169	17807	1120	723	1110
2.70  1.60 |	0.29	332.25	1161	17707	1105	702	1089
2.60  1.60 |	0.29	332.41	1161	17705	1105	701	1088
2.50  1.60 |	0.29	335.12	1153	17516	1091	663	1060
2.40  1.60 |	0.29	334.31	1149	17491	1090	656	1054
2.30  1.60 |	0.29	336.18	1144	17379	1079	641	1029
2.20  1.60 |	0.30	338.97	1130	17211	1049	605	983
2.10  1.60 |	0.30	338.91	1126	17159	1045	593	977
2.00  1.60 |	0.31	341.78	1116	17002	1022	561	945
1.90  1.60 |	0.31	344.02	1109	16876	1001	543	922
1.80  1.60 |	0.32	345.71	1097	16658	979	512	893
1.70  1.60 |	0.32	346.3	1097	16644	978	508	892
1.60  1.60 |	0.32	347.8	1086	16435	956	484	865
1.50  1.60 |	0.32	349.12	1085	16420	952	475	860
1.40  1.60 |	0.33	343.09	1054	16020	923	438	823
1.30  1.60 |	0.33	341.82	1037	15793	912	409	788
1.20  1.60 |	0.33	341.11	1020	15451	883	392	755
1.10  1.60 |	0.34	340.86	1007	15167	866	369	733
1.00  1.60 |	0.35	333.79	960	14463	812	303	686
0.90  1.60 |	0.35	332.45	949	14288	802	291	667
0.80  1.60 |	0.35	330.4	941	14160	796	288	655
0.70  1.60 |	0.36	315.49	879	13203	745	233	592
0.60  1.60 |	0.36	309.04	856	12804	729	222	564

4.00  1.50 |	0.25	305.65	1202	18251	1231	948	1346
3.90  1.50 |	0.26	309.48	1200	18187	1211	927	1315
3.80  1.50 |	0.26	314.64	1194	18107	1183	887	1267
3.70  1.50 |	0.27	319.69	1193	18055	1170	860	1229
3.60  1.50 |	0.27	323.95	1189	18002	1157	829	1189
3.50  1.50 |	0.28	325.19	1181	17942	1139	804	1165
3.40  1.50 |	0.28	325.33	1180	17931	1137	801	1162
3.30  1.50 |	0.28	325.46	1179	17910	1136	798	1158
3.20  1.50 |	0.28	326.36	1178	17883	1132	793	1149
3.10  1.50 |	0.28	327.61	1174	17834	1127	770	1136
3.00  1.50 |	0.28	329.38	1170	17763	1117	746	1123
2.90  1.50 |	0.28	329.42	1165	17723	1112	730	1113
2.80  1.50 |	0.28	328.75	1158	17659	1105	720	1096
2.70  1.50 |	0.29	329.47	1150	17559	1090	699	1075
2.60  1.50 |	0.29	329.64	1150	17557	1090	698	1074
2.50  1.50 |	0.29	332.36	1142	17368	1076	660	1046
2.40  1.50 |	0.29	331.55	1138	17343	1075	653	1040
2.30  1.50 |	0.29	333.43	1133	17231	1064	638	1015
2.20  1.50 |	0.30	336.24	1119	17063	1034	602	969
2.10  1.50 |	0.30	336.19	1115	17011	1030	590	963
2.00  1.50 |	0.31	339.08	1105	16854	1007	558	931
1.90  1.50 |	0.31	341.34	1098	16728	986	540	908
1.80  1.50 |	0.32	343.05	1086	16510	964	509	879
1.70  1.50 |	0.32	343.65	1086	16496	963	505	878
1.60  1.50 |	0.32	345.17	1075	16287	941	481	851
1.50  1.50 |	0.32	346.49	1074	16272	937	472	846
1.40  1.50 |	0.33	340.48	1043	15872	908	435	809
1.30  1.50 |	0.33	339.24	1026	15645	897	406	774
1.20  1.50 |	0.34	338.57	1009	15303	868	389	741
1.10  1.50 |	0.34	338.34	996	15019	851	366	719
1.00  1.50 |	0.35	331.35	949	14315	797	300	672
0.90  1.50 |	0.35	330.02	938	14140	787	288	653
0.80  1.50 |	0.35	327.99	930	14012	781	285	641
0.70  1.50 |	0.36	313.14	868	13055	730	230	578
0.60  1.50 |	0.36	306.71	845	12656	714	219	550

4.00  1.40 |	0.25	304.43	1194	18162	1216	938	1335
3.90  1.40 |	0.26	308.28	1192	18098	1196	917	1304
3.80  1.40 |	0.26	313.48	1186	18018	1168	877	1256
3.70  1.40 |	0.27	318.56	1185	17966	1155	850	1218
3.60  1.40 |	0.27	322.86	1181	17913	1142	819	1178
3.50  1.40 |	0.28	324.13	1173	17853	1124	794	1154
3.40  1.40 |	0.28	324.26	1172	17842	1122	791	1151
3.30  1.40 |	0.28	324.4	1171	17821	1121	788	1147
3.20  1.40 |	0.28	325.31	1170	17794	1117	783	1138
3.10  1.40 |	0.28	326.58	1166	17745	1112	760	1125
3.00  1.40 |	0.28	328.37	1162	17674	1102	736	1112
2.90  1.40 |	0.28	328.42	1157	17634	1097	720	1102
2.80  1.40 |	0.29	327.76	1150	17570	1090	710	1085
2.70  1.40 |	0.29	328.5	1142	17470	1075	689	1064
2.60  1.40 |	0.29	328.67	1142	17468	1075	688	1063
2.50  1.40 |	0.29	331.43	1134	17279	1061	650	1035
2.40  1.40 |	0.29	330.63	1130	17254	1060	643	1029
2.30  1.40 |	0.30	332.53	1125	17142	1049	628	1004
2.20  1.40 |	0.30	335.41	1111	16974	1019	592	958
2.10  1.40 |	0.30	335.37	1107	16922	1015	580	952
2.00  1.40 |	0.31	338.32	1097	16765	992	548	920
1.90  1.40 |	0.31	340.63	1090	16639	971	530	897
1.80  1.40 |	0.32	342.39	1078	16421	949	499	868
1.70  1.40 |	0.32	343	1078	16407	948	495	867
1.60  1.40 |	0.32	344.58	1067	16198	926	471	840
1.50  1.40 |	0.32	345.92	1066	16183	922	462	835
1.40  1.40 |	0.33	339.96	1035	15783	893	425	798
1.30  1.40 |	0.33	338.78	1018	15556	882	396	763
1.20  1.40 |	0.34	338.17	1001	15214	853	379	730
1.10  1.40 |	0.34	338	988	14930	836	356	708
1.00  1.40 |	0.35	331.14	941	14226	782	290	661
0.90  1.40 |	0.35	329.86	930	14051	772	278	642
0.80  1.40 |	0.36	327.84	922	13923	766	275	630
0.70  1.40 |	0.36	313.12	860	12966	715	220	567
0.60  1.40 |	0.37	306.73	837	12567	699	209	539

4.00  1.30 |	0.26	303.28	1186	18048	1204	931	1317
3.90  1.30 |	0.26	307.16	1184	17984	1184	910	1286
3.80  1.30 |	0.27	312.4	1178	17904	1156	870	1238
3.70  1.30 |	0.27	317.52	1177	17852	1143	843	1200
3.60  1.30 |	0.27	321.85	1173	17799	1130	812	1160
3.50  1.30 |	0.28	323.15	1165	17739	1112	787	1136
3.40  1.30 |	0.28	323.29	1164	17728	1110	784	1133
3.30  1.30 |	0.28	323.43	1163	17707	1109	781	1129
3.20  1.30 |	0.28	324.34	1162	17680	1105	776	1120
3.10  1.30 |	0.28	325.63	1158	17631	1100	753	1107
3.00  1.30 |	0.28	327.44	1154	17560	1090	729	1094
2.90  1.30 |	0.29	327.51	1149	17520	1085	713	1084
2.80  1.30 |	0.29	326.86	1142	17456	1078	703	1067
2.70  1.30 |	0.29	327.63	1134	17356	1063	682	1046
2.60  1.30 |	0.29	327.8	1134	17354	1063	681	1045
2.50  1.30 |	0.29	330.61	1126	17165	1049	643	1017
2.40  1.30 |	0.29	329.81	1122	17140	1048	636	1011
2.30  1.30 |	0.30	331.74	1117	17028	1037	621	986
2.20  1.30 |	0.30	334.69	1103	16860	1007	585	940
2.10  1.30 |	0.30	334.66	1099	16808	1003	573	934
2.00  1.30 |	0.31	337.68	1089	16651	980	541	902
1.90  1.30 |	0.31	340.03	1082	16525	959	523	879
1.80  1.30 |	0.32	341.86	1070	16307	937	492	850
1.70  1.30 |	0.32	342.48	1070	16293	936	488	849
1.60  1.30 |	0.32	344.12	1059	16084	914	464	822
1.50  1.30 |	0.33	345.48	1058	16069	910	455	817
1.40  1.30 |	0.33	339.58	1027	15669	881	418	780
1.30  1.30 |	0.34	338.45	1010	15442	870	389	745
1.20  1.30 |	0.34	337.92	993	15100	841	372	712
1.10  1.30 |	0.34	337.81	980	14816	824	349	690
1.00  1.30 |	0.35	331.11	933	14112	770	283	643
0.90  1.30 |	0.36	329.87	922	13937	760	271	624
0.80  1.30 |	0.36	327.86	914	13809	754	268	612
0.70  1.30 |	0.37	313.29	852	12852	703	213	549
0.60  1.30 |	0.37	306.94	829	12453	687	202	521

4.00  1.20 |	0.26	302.6	1182	17974	1198	928	1309
3.90  1.20 |	0.26	306.49	1180	17910	1178	907	1278
3.80  1.20 |	0.27	311.76	1174	17830	1150	867	1230
3.70  1.20 |	0.27	316.89	1173	17778	1137	840	1192
3.60  1.20 |	0.27	321.24	1169	17725	1124	809	1152
3.50  1.20 |	0.28	322.55	1161	17665	1106	784	1128
3.40  1.20 |	0.28	322.69	1160	17654	1104	781	1125
3.30  1.20 |	0.28	322.83	1159	17633	1103	778	1121
3.20  1.20 |	0.28	323.75	1158	17606	1099	773	1112
3.10  1.20 |	0.28	325.05	1154	17557	1094	750	1099
3.00  1.20 |	0.28	326.87	1150	17486	1084	726	1086
2.90  1.20 |	0.29	326.94	1145	17446	1079	710	1076
2.80  1.20 |	0.29	326.29	1138	17382	1072	700	1059
2.70  1.20 |	0.29	327.07	1130	17282	1057	679	1038
2.60  1.20 |	0.29	327.24	1130	17280	1057	678	1037
2.50  1.20 |	0.29	330.07	1122	17091	1043	640	1009
2.40  1.20 |	0.29	329.27	1118	17066	1042	633	1003
2.30  1.20 |	0.30	331.22	1113	16954	1031	618	978
2.20  1.20 |	0.30	334.2	1099	16786	1001	582	932
2.10  1.20 |	0.31	334.18	1095	16734	997	570	926
2.00  1.20 |	0.31	337.22	1085	16577	974	538	894
1.90  1.20 |	0.32	339.59	1078	16451	953	520	871
1.80  1.20 |	0.32	341.45	1066	16233	931	489	842
1.70  1.20 |	0.32	342.07	1066	16219	930	485	841
1.60  1.20 |	0.33	343.74	1055	16010	908	461	814
1.50  1.20 |	0.33	345.11	1054	15995	904	452	809
1.40  1.20 |	0.33	339.23	1023	15595	875	415	772
1.30  1.20 |	0.34	338.13	1006	15368	864	386	737
1.20  1.20 |	0.34	337.63	989	15026	835	369	704
1.10  1.20 |	0.35	337.55	976	14742	818	346	682
1.00  1.20 |	0.36	330.92	929	14038	764	280	635
0.90  1.20 |	0.36	329.7	918	13863	754	268	616
0.80  1.20 |	0.36	327.7	910	13735	748	265	604
0.70  1.20 |	0.37	313.2	848	12778	697	210	541
0.60  1.20 |	0.37	306.86	825	12379	681	199	513

4.00  1.10 |	0.26	298.78	1168	17731	1184	920	1294
3.90  1.10 |	0.26	302.66	1166	17667	1164	899	1263
3.80  1.10 |	0.27	307.92	1160	17587	1136	859	1215
3.70  1.10 |	0.27	313.05	1159	17535	1123	832	1177
3.60  1.10 |	0.27	317.4	1155	17482	1110	801	1137
3.50  1.10 |	0.28	318.7	1147	17422	1092	776	1113
3.40  1.10 |	0.28	318.84	1146	17411	1090	773	1110
3.30  1.10 |	0.28	318.98	1145	17390	1089	770	1106
3.20  1.10 |	0.28	319.91	1144	17363	1085	765	1097
3.10  1.10 |	0.28	321.21	1140	17314	1080	742	1084
3.00  1.10 |	0.28	323.03	1136	17243	1070	718	1071
2.90  1.10 |	0.29	323.1	1131	17203	1065	702	1061
2.80  1.10 |	0.29	322.45	1124	17139	1058	692	1044
2.70  1.10 |	0.29	323.24	1116	17039	1043	671	1023
2.60  1.10 |	0.29	323.41	1116	17037	1043	670	1022
2.50  1.10 |	0.29	326.25	1108	16848	1029	632	994
2.40  1.10 |	0.29	325.45	1104	16823	1028	625	988
2.30  1.10 |	0.30	327.41	1099	16711	1017	610	963
2.20  1.10 |	0.30	330.4	1085	16543	987	574	917
2.10  1.10 |	0.31	330.38	1081	16491	983	562	911
2.00  1.10 |	0.31	333.44	1071	16334	960	530	879
1.90  1.10 |	0.32	335.83	1064	16208	939	512	856
1.80  1.10 |	0.32	337.72	1052	15990	917	481	827
1.70  1.10 |	0.32	338.34	1052	15976	916	477	826
1.60  1.10 |	0.33	340.03	1041	15767	894	453	799
1.50  1.10 |	0.33	341.41	1040	15752	890	444	794
1.40  1.10 |	0.33	335.56	1009	15352	861	407	757
1.30  1.10 |	0.34	334.49	992	15125	850	378	722
1.20  1.10 |	0.34	334.02	975	14783	821	361	689
1.10  1.10 |	0.35	333.97	962	14499	804	338	667
1.00  1.10 |	0.36	327.42	915	13795	750	272	620
0.90  1.10 |	0.36	326.23	904	13620	740	260	601
0.80  1.10 |	0.36	324.24	896	13492	734	257	589
0.70  1.10 |	0.37	309.82	834	12535	683	202	526
0.60  1.10 |	0.37	303.52	811	12136	667	191	498

4.00  1.00 |	0.26	297.66	1163	17670	1171	918	1292
3.90  1.00 |	0.26	301.55	1161	17606	1151	897	1261
3.80  1.00 |	0.27	306.81	1155	17526	1123	857	1213
3.70  1.00 |	0.27	311.95	1154	17474	1110	830	1175
3.60  1.00 |	0.28	316.31	1150	17421	1097	799	1135
3.50  1.00 |	0.28	317.62	1142	17361	1079	774	1111
3.40  1.00 |	0.28	317.76	1141	17350	1077	771	1108
3.30  1.00 |	0.28	317.91	1140	17329	1076	768	1104
3.20  1.00 |	0.28	318.83	1139	17302	1072	763	1095
3.10  1.00 |	0.28	320.14	1135	17253	1067	740	1082
3.00  1.00 |	0.28	321.96	1131	17182	1057	716	1069
2.90  1.00 |	0.29	322.04	1126	17142	1052	700	1059
2.80  1.00 |	0.29	321.4	1119	17078	1045	690	1042
2.70  1.00 |	0.29	322.19	1111	16978	1030	669	1021
2.60  1.00 |	0.29	322.36	1111	16976	1030	668	1020
2.50  1.00 |	0.29	325.21	1103	16787	1016	630	992
2.40  1.00 |	0.30	324.42	1099	16762	1015	623	986
2.30  1.00 |	0.30	326.38	1094	16650	1004	608	961
2.20  1.00 |	0.30	329.4	1080	16482	974	572	915
2.10  1.00 |	0.31	329.38	1076	16430	970	560	909
2.00  1.00 |	0.31	332.46	1066	16273	947	528	877
1.90  1.00 |	0.32	334.87	1059	16147	926	510	854
1.80  1.00 |	0.32	336.78	1047	15929	904	479	825
1.70  1.00 |	0.32	337.4	1047	15915	903	475	824
1.60  1.00 |	0.33	339.11	1036	15706	881	451	797
1.50  1.00 |	0.33	340.5	1035	15691	877	442	792
1.40  1.00 |	0.33	334.67	1004	15291	848	405	755
1.30  1.00 |	0.34	333.62	987	15064	837	376	720
1.20  1.00 |	0.34	333.18	970	14722	808	359	687
1.10  1.00 |	0.35	333.16	957	14438	791	336	665
1.00  1.00 |	0.36	326.67	910	13734	737	270	618
0.90  1.00 |	0.36	325.49	899	13559	727	258	599
0.80  1.00 |	0.36	323.5	891	13431	721	255	587
0.70  1.00 |	0.37	309.15	829	12474	670	200	524
0.60  1.00 |	0.38	302.86	806	12075	654	189	496

4.00  0.90 |	0.26	296.87	1158	17554	1157	916	1286
3.90  0.90 |	0.26	300.77	1156	17490	1137	895	1255
3.80  0.90 |	0.27	306.06	1150	17410	1109	855	1207
3.70  0.90 |	0.27	311.22	1149	17358	1096	828	1169
3.60  0.90 |	0.28	315.61	1145	17305	1083	797	1129
3.50  0.90 |	0.28	316.93	1137	17245	1065	772	1105
3.40  0.90 |	0.28	317.08	1136	17234	1063	769	1102
3.30  0.90 |	0.28	317.22	1135	17213	1062	766	1098
3.20  0.90 |	0.28	318.15	1134	17186	1058	761	1089
3.10  0.90 |	0.28	319.46	1130	17137	1053	738	1076
3.00  0.90 |	0.29	321.31	1126	17066	1043	714	1063
2.90  0.90 |	0.29	321.39	1121	17026	1038	698	1053
2.80  0.90 |	0.29	320.75	1114	16962	1031	688	1036
2.70  0.90 |	0.29	321.57	1106	16862	1016	667	1015
2.60  0.90 |	0.29	321.73	1106	16860	1016	666	1014
2.50  0.90 |	0.30	324.61	1098	16671	1002	628	986
2.40  0.90 |	0.30	323.82	1094	16646	1001	621	980
2.30  0.90 |	0.30	325.8	1089	16534	990	606	955
2.20  0.90 |	0.31	328.86	1075	16366	960	570	909
2.10  0.90 |	0.31	328.85	1071	16314	956	558	903
2.00  0.90 |	0.31	331.97	1061	16157	933	526	871
1.90  0.90 |	0.32	334.41	1054	16031	912	508	848
1.80  0.90 |	0.32	336.36	1042	15813	890	477	819
1.70  0.90 |	0.32	336.98	1042	15799	889	473	818
1.60  0.90 |	0.33	338.74	1031	15590	867	449	791
1.50  0.90 |	0.33	340.14	1030	15575	863	440	786
1.40  0.90 |	0.33	334.34	999	15175	834	403	749
1.30  0.90 |	0.34	333.33	982	14948	823	374	714
1.20  0.90 |	0.35	332.94	965	14606	794	357	681
1.10  0.90 |	0.35	332.96	952	14322	777	334	659
1.00  0.90 |	0.36	326.56	905	13618	723	268	612
0.90  0.90 |	0.36	325.42	894	13443	713	256	593
0.80  0.90 |	0.37	323.44	886	13315	707	253	581
0.70  0.90 |	0.38	309.19	824	12358	656	198	518
0.60  0.90 |	0.38	302.93	801	11959	640	187	490

4.00  0.80 |	0.26	294.41	1150	17481	1150	914	1278
3.90  0.80 |	0.26	298.3	1148	17417	1130	893	1247
3.80  0.80 |	0.27	303.58	1142	17337	1102	853	1199
3.70  0.80 |	0.27	308.72	1141	17285	1089	826	1161
3.60  0.80 |	0.28	313.09	1137	17232	1076	795	1121
3.50  0.80 |	0.28	314.42	1129	17172	1058	770	1097
3.40  0.80 |	0.28	314.56	1128	17161	1056	767	1094
3.30  0.80 |	0.28	314.7	1127	17140	1055	764	1090
3.20  0.80 |	0.28	315.63	1126	17113	1051	759	1081
3.10  0.80 |	0.28	316.94	1122	17064	1046	736	1068
3.00  0.80 |	0.29	318.78	1118	16993	1036	712	1055
2.90  0.80 |	0.29	318.86	1113	16953	1031	696	1045
2.80  0.80 |	0.29	318.22	1106	16889	1024	686	1028
2.70  0.80 |	0.29	319.03	1098	16789	1009	665	1007
2.60  0.80 |	0.29	319.2	1098	16787	1009	664	1006
2.50  0.80 |	0.30	322.07	1090	16598	995	626	978
2.40  0.80 |	0.30	321.27	1086	16573	994	619	972
2.30  0.80 |	0.30	323.25	1081	16461	983	604	947
2.20  0.80 |	0.31	326.31	1067	16293	953	568	901
2.10  0.80 |	0.31	326.3	1063	16241	949	556	895
2.00  0.80 |	0.31	329.41	1053	16084	926	524	863
1.90  0.80 |	0.32	331.85	1046	15958	905	506	840
1.80  0.80 |	0.32	333.8	1034	15740	883	475	811
1.70  0.80 |	0.32	334.42	1034	15726	882	471	810
1.60  0.80 |	0.33	336.18	1023	15517	860	447	783
1.50  0.80 |	0.33	337.58	1022	15502	856	438	778
1.40  0.80 |	0.33	331.78	991	15102	827	401	741
1.30  0.80 |	0.34	330.78	974	14875	816	372	706
1.20  0.80 |	0.35	330.39	957	14533	787	355	673
1.10  0.80 |	0.35	330.42	944	14249	770	332	651
1.00  0.80 |	0.36	324.05	897	13545	716	266	604
0.90  0.80 |	0.36	322.91	886	13370	706	254	585
0.80  0.80 |	0.37	320.93	878	13242	700	251	573
0.70  0.80 |	0.38	306.7	816	12285	649	196	510
0.60  0.80 |	0.38	300.45	793	11886	633	185	482

4.00  0.70 |	0.26	289.09	1130	17174	1123	902	1262
3.90  0.70 |	0.26	292.97	1128	17110	1103	881	1231
3.80  0.70 |	0.27	298.24	1122	17030	1075	841	1183
3.70  0.70 |	0.27	303.39	1121	16978	1062	814	1145
3.60  0.70 |	0.28	307.77	1117	16925	1049	783	1105
3.50  0.70 |	0.28	309.09	1109	16865	1031	758	1081
3.40  0.70 |	0.28	309.24	1108	16854	1029	755	1078
3.30  0.70 |	0.28	309.38	1107	16833	1028	752	1074
3.20  0.70 |	0.28	310.31	1106	16806	1024	747	1065
3.10  0.70 |	0.28	311.63	1102	16757	1019	724	1052
3.00  0.70 |	0.29	313.47	1098	16686	1009	700	1039
2.90  0.70 |	0.29	313.56	1093	16646	1004	684	1029
2.80  0.70 |	0.29	312.92	1086	16582	997	674	1012
2.70  0.70 |	0.29	313.74	1078	16482	982	653	991
2.60  0.70 |	0.29	313.91	1078	16480	982	652	990
2.50  0.70 |	0.30	316.8	1070	16291	968	614	962
2.40  0.70 |	0.30	316.01	1066	16266	967	607	956
2.30  0.70 |	0.30	318	1061	16154	956	592	931
2.20  0.70 |	0.31	321.09	1047	15986	926	556	885
2.10  0.70 |	0.31	321.09	1043	15934	922	544	879
2.00  0.70 |	0.31	324.24	1033	15777	899	512	847
1.90  0.70 |	0.32	326.72	1026	15651	878	494	824
1.80  0.70 |	0.32	328.71	1014	15433	856	463	795
1.70  0.70 |	0.32	329.34	1014	15419	855	459	794
1.60  0.70 |	0.33	331.14	1003	15210	833	435	767
1.50  0.70 |	0.33	332.56	1002	15195	829	426	762
1.40  0.70 |	0.34	326.81	971	14795	800	389	725
1.30  0.70 |	0.34	325.86	954	14568	789	360	690
1.20  0.70 |	0.35	325.54	937	14226	760	343	657
1.10  0.70 |	0.35	325.62	924	13942	743	320	635
1.00  0.70 |	0.36	319.41	877	13238	689	254	588
0.90  0.70 |	0.37	318.32	866	13063	679	242	569
0.80  0.70 |	0.37	316.36	858	12935	673	239	557
0.70  0.70 |	0.38	302.3	796	11978	622	184	494
0.60  0.70 |	0.38	296.1	773	11579	606	173	466

4.00  0.60 |	0.26	285.5	1118	17045	1107	898	1255
3.90  0.60 |	0.26	289.37	1116	16981	1087	877	1224
3.80  0.60 |	0.27	294.62	1110	16901	1059	837	1176
3.70  0.60 |	0.27	299.75	1109	16849	1046	810	1138
3.60  0.60 |	0.28	304.12	1105	16796	1033	779	1098
3.50  0.60 |	0.28	305.43	1097	16736	1015	754	1074
3.40  0.60 |	0.28	305.58	1096	16725	1013	751	1071
3.30  0.60 |	0.28	305.72	1095	16704	1012	748	1067
3.20  0.60 |	0.28	306.65	1094	16677	1008	743	1058
3.10  0.60 |	0.28	307.96	1090	16628	1003	720	1045
3.00  0.60 |	0.29	309.8	1086	16557	993	696	1032
2.90  0.60 |	0.29	309.88	1081	16517	988	680	1022
2.80  0.60 |	0.29	309.24	1074	16453	981	670	1005
2.70  0.60 |	0.29	310.06	1066	16353	966	649	984
2.60  0.60 |	0.29	310.23	1066	16351	966	648	983
2.50  0.60 |	0.30	313.11	1058	16162	952	610	955
2.40  0.60 |	0.30	312.32	1054	16137	951	603	949
2.30  0.60 |	0.30	314.31	1049	16025	940	588	924
2.20  0.60 |	0.31	317.4	1035	15857	910	552	878
2.10  0.60 |	0.31	317.4	1031	15805	906	540	872
2.00  0.60 |	0.31	320.55	1021	15648	883	508	840
1.90  0.60 |	0.32	323.03	1014	15522	862	490	817
1.80  0.60 |	0.32	325.03	1002	15304	840	459	788
1.70  0.60 |	0.33	325.66	1002	15290	839	455	787
1.60  0.60 |	0.33	327.47	991	15081	817	431	760
1.50  0.60 |	0.33	328.89	990	15066	813	422	755
1.40  0.60 |	0.34	323.15	959	14666	784	385	718
1.30  0.60 |	0.34	322.21	942	14439	773	356	683
1.20  0.60 |	0.35	321.91	925	14097	744	339	650
1.10  0.60 |	0.35	322.01	912	13813	727	316	628
1.00  0.60 |	0.37	315.84	865	13109	673	250	581
0.90  0.60 |	0.37	314.77	854	12934	663	238	562
0.80  0.60 |	0.37	312.81	846	12806	657	235	550
0.70  0.60 |	0.38	298.81	784	11849	606	180	487
0.60  0.60 |	0.38	292.63	761	11450	590	169	459

