0.00  0.00 |	0.01	63.87	4297	99215	29675	11080	244055
0.01  0.00 |	0.02	64.27	4255	98652	29305	10897	237263
0.02  0.00 |	0.02	64.64	4246	98576	29199	10855	234608
0.03  0.00 |	0.02	66.74	4210	98189	28632	10491	222252
0.04  0.00 |	0.02	68.73	4196	97971	28294	10310	213353
0.05  0.00 |	0.02	73.35	4155	97327	27288	9812	194125
0.06  0.00 |	0.02	75.37	4137	97058	26902	9612	186428
0.07  0.00 |	0.02	79.34	4084	96279	26107	9221	170823
0.08  0.00 |	0.02	81.65	4060	95882	25700	9037	163090
0.09  0.00 |	0.02	83.29	4047	95605	25408	8904	158283
0.10  0.00 |	0.02	85.91	4021	95090	24910	8641	150638
0.11  0.00 |	0.02	88.03	3977	94519	24396	8283	143007
0.12  0.00 |	0.02	89.04	3967	94304	24244	8168	140366
0.13  0.00 |	0.02	90.69	3940	93886	23887	7969	135369
0.14  0.00 |	0.02	92.1	3934	93667	23693	7894	132519
0.15  0.00 |	0.02	95.73	3900	92857	23014	7498	124472
0.16  0.00 |	0.02	96.74	3881	92554	22765	7363	121695
0.17  0.00 |	0.03	101.38	3806	91225	21828	6811	110434
0.18  0.00 |	0.03	103	3773	90648	21492	6577	106372
0.19  0.00 |	0.03	103.41	3759	90417	21367	6495	105018
0.20  0.00 |	0.03	104.01	3738	90104	21212	6361	103025
0.21  0.00 |	0.03	104.87	3733	89923	21098	6302	101750
0.22  0.00 |	0.03	106.79	3691	89239	20659	6073	97153
0.23  0.00 |	0.03	108.13	3670	88807	20380	5951	94561
0.24  0.00 |	0.03	112.46	3624	87722	19728	5585	87847
0.25  0.00 |	0.03	113.56	3605	87339	19545	5488	85806
0.26  0.00 |	0.03	114.33	3592	87105	19393	5420	84452
0.27  0.00 |	0.03	115.54	3568	86671	19160	5302	82158
0.28  0.00 |	0.03	117	3557	86312	18986	5186	80406
0.29  0.00 |	0.03	118.91	3515	85520	18604	4956	76825
0.30  0.00 |	0.03	118.91	3515	85520	18604	4956	76825
0.31  0.00 |	0.03	119.96	3499	85120	18465	4890	75205
0.32  0.00 |	0.04	122.31	3433	83858	17875	4579	70473
0.33  0.00 |	0.04	124.57	3412	83365	17606	4384	68056
0.34  0.00 |	0.04	125.26	3373	82770	17353	4293	65807
0.35  0.00 |	0.04	126.56	3349	82271	17137	4181	63950
0.36  0.00 |	0.04	127.27	3320	81717	16948	4074	62263
0.37  0.00 |	0.04	128.78	3300	81216	16720	4011	60531
0.38  0.00 |	0.04	129.3	3285	80919	16590	3941	59643
0.39  0.00 |	0.04	131.57	3238	79854	16154	3724	56571
0.40  0.00 |	0.04	133.45	3222	79282	15910	3587	55070
0.41  0.00 |	0.04	134.21	3203	78846	15749	3488	53999
0.42  0.00 |	0.04	134.48	3173	78396	15566	3430	52697
0.43  0.00 |	0.04	138.09	3101	76692	15010	3187	48341
0.44  0.00 |	0.04	138.12	3095	76585	14963	3177	48116
0.45  0.00 |	0.05	138.52	3070	76101	14801	3118	47052
0.46  0.00 |	0.05	139.92	3042	75501	14576	3019	45500
0.47  0.00 |	0.05	140.77	3024	75095	14428	2971	44536
0.48  0.00 |	0.05	141.56	3005	74646	14298	2901	43587
0.49  0.00 |	0.05	141.42	3000	74597	14274	2895	43473
0.50  0.00 |	0.05	142.53	2982	74000	14085	2822	42498
0.51  0.00 |	0.05	143.86	2959	73349	13876	2730	41298
0.52  0.00 |	0.05	144.93	2929	72683	13646	2638	39983
0.53  0.00 |	0.05	145.76	2912	72238	13497	2590	39178
0.54  0.00 |	0.05	146.31	2898	71807	13373	2541	38588
0.55  0.00 |	0.05	146.23	2888	71658	13329	2522	38300
0.56  0.00 |	0.05	146.65	2845	70762	13062	2436	36850
0.57  0.00 |	0.05	148.12	2816	69928	12791	2368	35563
0.58  0.00 |	0.05	148.65	2789	69275	12611	2314	34613
0.59  0.00 |	0.05	148.65	2789	69275	12611	2314	34613
0.60  0.00 |	0.05	148.42	2768	68877	12490	2286	34077
0.61  0.00 |	0.05	147.84	2745	68495	12405	2260	33556
0.62  0.00 |	0.05	148.53	2723	67796	12255	2220	32722
0.63  0.00 |	0.06	148.47	2663	66278	11935	2071	31096
0.64  0.00 |	0.06	148.7	2637	65570	11765	2008	30353
0.65  0.00 |	0.06	148.2	2577	64288	11386	1910	28938
0.66  0.00 |	0.06	147.56	2455	61422	10689	1670	26030
0.67  0.00 |	0.06	147.41	2435	60912	10582	1618	25587
0.68  0.00 |	0.06	147.54	2429	60752	10552	1608	25400
0.69  0.00 |	0.06	147.33	2369	59551	10199	1500	24024
0.70  0.00 |	0.06	148.03	2360	59248	10124	1484	23658
0.71  0.00 |	0.06	148.38	2350	58867	10044	1467	23357
0.72  0.00 |	0.07	149.2	2262	56332	9495	1307	21231
0.73  0.00 |	0.07	149.51	2171	53975	8980	1165	19208
0.74  0.00 |	0.07	147.53	2083	51953	8554	1006	17767
0.75  0.00 |	0.07	147.92	2059	51300	8387	969	17245
0.76  0.00 |	0.07	145.5	2003	50260	8163	916	16492
0.77  0.00 |	0.07	145.95	1992	49852	8081	893	16221
0.78  0.00 |	0.07	145.75	1976	49487	8000	868	15946
0.79  0.00 |	0.07	145.8	1955	48861	7853	844	15562
0.80  0.00 |	0.07	144.33	1934	48477	7795	830	15356
0.81  0.00 |	0.08	142.77	1887	47170	7554	751	14748
0.82  0.00 |	0.08	141.67	1860	46571	7436	722	14402
0.83  0.00 |	0.08	138.49	1794	45062	7146	683	13616
0.84  0.00 |	0.08	137.25	1771	44543	7051	671	13359
0.85  0.00 |	0.08	133.22	1692	42619	6705	610	12483
0.86  0.00 |	0.08	129.7	1604	40242	6294	531	11408
0.87  0.00 |	0.08	130.56	1574	39177	6056	493	10853
0.88  0.00 |	0.08	128.26	1509	37456	5740	455	10050
0.89  0.00 |	0.09	124.79	1419	34792	5283	369	9064
0.90  0.00 |	0.09	116.11	1293	32082	4795	307	8004
0.91  0.00 |	0.09	112.9	1228	30468	4502	259	7368
0.92  0.00 |	0.10	109.3	1142	28291	4103	221	6466
0.93  0.00 |	0.10	104.78	1080	26714	3860	206	5986
0.94  0.00 |	0.10	102.3	1052	26085	3765	196	5805
0.95  0.00 |	0.10	94.04	965	24198	3475	175	5287
0.96  0.00 |	0.10	89	871	21660	3033	150	4470
0.97  0.00 |	0.11	64.07	590	14356	1940	53	2850
0.98  0.00 |	0.11	58.2	522	12569	1691	37	2432
0.99  0.00 |	0.11	41.13	358	8677	1164	14	1580

