0   1	|	44	1.00	0.00	44	1.00	0.00
0   2	|	310	1.00	0.00	310	1.00	0.00
0   3	|	38	0.88	0.26	20	0.47	0.53
0   4	|	78	0.94	0.07	59	0.71	0.29
0   5	|	99	0.95	0.07	104	1.00	0.00
0   7	|	31	0.62	0.84	16	0.32	1.04
0   8	|	28	0.80	0.49	12	0.34	1.00
0   9	|	12	0.14	1.36	87	1.00	0.00
0   10	|	137	0.91	0.13	150	1.00	0.00
0   12	|	12	0.26	1.57	12	0.26	0.74
0   13	|	82	0.60	1.04	71	0.52	0.48
0   14	|	2	0.29	2.86	1	0.14	0.86
0   15	|	49	0.74	0.64	39	0.59	0.41
0   16	|	1	1.00	0.00	1	1.00	0.00
0   18	|	2	0.50	1.75	3	0.75	0.25
0   23	|	25	0.56	1.56	45	1.00	0.00
0   28	|	1	0.17	2.83	6	1.00	0.00
0   30	|	3	0.17	2.78	5	0.28	0.72
0   32	|	6	0.60	1.40	6	0.60	0.40
0   33	|	20	0.91	0.18	14	0.64	0.36
0   34	|	14	0.64	1.00	2	0.09	1.50
0   35	|	16	0.62	0.92	6	0.23	1.12
0   37	|	77	0.85	0.42	91	1.00	0.00
0   40	|	18	0.27	1.48	20	0.30	0.70
0   41	|	15	0.14	2.27	33	0.32	0.68
0   52	|	12	0.55	1.14	22	1.00	0.00
0   53	|	2	0.20	2.40	3	0.30	0.70

1   1	|	69	1.00	0.00	69	1.00	0.00
1   2	|	369	1.00	0.00	369	1.00	0.00
1   3	|	49	0.91	0.15	29	0.54	0.46
1   4	|	119	0.99	0.01	89	0.74	0.26
1   5	|	116	0.94	0.08	123	1.00	0.00
1   7	|	50	0.69	0.75	19	0.26	1.04
1   8	|	38	0.93	0.12	18	0.44	0.85
1   9	|	22	0.19	1.13	114	1.00	0.00
1   10	|	189	0.90	0.14	210	1.00	0.00
1   12	|	28	0.35	1.50	16	0.20	0.80
1   13	|	136	0.64	0.92	114	0.54	0.46
1   14	|	2	0.20	1.90	3	0.30	0.70
1   15	|	58	0.76	0.64	43	0.57	0.43
1   16	|	1	0.50	1.00	1	0.50	0.50
1   18	|	2	0.50	1.75	2	0.50	0.50
1   22	|	3	0.04	3.27	73	1.00	0.00
1   23	|	27	0.45	2.00	60	1.00	0.00
1   28	|	6	0.55	1.09	11	1.00	0.00
1   30	|	3	0.20	2.53	5	0.33	0.67
1   32	|	9	0.90	0.40	3	0.30	0.70
1   33	|	13	1.00	0.00	10	0.77	0.23
1   34	|	18	0.51	1.31	4	0.11	1.29
1   35	|	38	0.88	0.30	11	0.26	1.02
1   36	|	11	0.22	1.70	50	1.00	0.00
1   37	|	121	0.86	0.32	141	1.00	0.00
1   40	|	43	0.32	1.21	45	0.33	0.67
1   41	|	37	0.26	2.01	36	0.26	0.74
1   43	|	1	0.25	1.25	1	0.25	0.75
1   52	|	14	0.44	1.47	32	1.00	0.00
1   53	|	6	0.38	2.63	3	0.19	0.81

10   1	|	1369	1.00	0.00	1373	1.00	0.00
10   2	|	102	1.00	0.00	102	1.00	0.00
10   3	|	2312	0.98	0.04	1721	0.73	0.27
10   4	|	86	0.97	0.11	47	0.53	0.47
10   5	|	32	0.76	0.48	42	1.00	0.00
10   6	|	56	0.98	0.02	57	1.00	0.00
10   7	|	939	0.94	0.12	468	0.47	0.70
10   8	|	33	0.89	0.16	11	0.30	0.86
10   9	|	765	0.89	0.23	863	1.00	0.00
10   10	|	13	0.52	1.36	25	1.00	0.00
10   11	|	79	0.98	0.04	81	1.00	0.00
10   12	|	586	0.80	0.49	460	0.63	0.37
10   13	|	155	0.53	1.19	95	0.33	0.67
10   14	|	148	0.79	0.61	77	0.41	0.59
10   15	|	75	0.65	1.01	40	0.34	0.66
10   16	|	12	1.00	0.00	7	0.58	0.42
10   17	|	6	0.75	1.00	2	0.25	1.13
10   18	|	28	0.68	1.10	29	0.71	0.29
10   22	|	149	0.39	1.84	378	1.00	0.00
10   23	|	64	0.17	3.03	366	1.00	0.00
10   24	|	92	0.40	2.02	229	1.00	0.00
10   28	|	9	0.75	0.92	12	1.00	0.00
10   29	|	5	0.56	1.56	9	1.00	0.00
10   30	|	8	0.33	2.33	5	0.21	0.79
10   32	|	204	0.94	0.13	130	0.60	0.40
10   33	|	38	0.90	0.21	36	0.86	0.14
10   34	|	638	0.90	0.23	303	0.43	0.75
10   35	|	101	0.84	0.40	36	0.30	0.93
10   36	|	476	0.80	0.39	593	1.00	0.00
10   37	|	120	0.63	1.01	192	1.00	0.00
10   38	|	80	0.92	0.18	87	1.00	0.00
10   39	|	28	0.80	0.54	35	1.00	0.00
10   40	|	382	0.74	0.60	247	0.48	0.52
10   41	|	1237	0.73	0.70	931	0.55	0.45
10   42	|	156	0.49	1.66	133	0.42	0.58
10   43	|	87	0.71	0.85	43	0.35	0.65
10   44	|	36	0.90	0.48	22	0.55	0.45
10   48	|	95	0.29	2.43	325	1.00	0.00
10   49	|	4	0.11	3.51	37	1.00	0.00
10   50	|	2	0.20	4.00	10	1.00	0.00
10   52	|	21	0.18	2.99	115	1.00	0.00
10   53	|	50	0.21	2.88	61	0.25	0.75

11   1	|	2338	0.99	0.02	2142	0.91	0.09
11   2	|	167	0.97	0.07	151	0.88	0.12
11   3	|	4223	0.96	0.09	2726	0.62	0.45
11   4	|	121	0.95	0.21	60	0.47	0.68
11   5	|	88	0.76	0.85	79	0.68	0.32
11   6	|	120	0.98	0.08	106	0.87	0.13
11   7	|	1688	0.91	0.22	660	0.36	1.03
11   8	|	46	0.90	0.33	15	0.29	1.14
11   9	|	1375	0.84	0.40	1360	0.83	0.17
11   10	|	35	0.56	1.51	25	0.40	0.60
11   11	|	134	0.97	0.13	123	0.89	0.11
11   12	|	1060	0.71	0.90	725	0.49	0.71
11   13	|	239	0.44	1.89	66	0.12	1.32
11   14	|	280	0.75	0.84	122	0.33	0.94
11   15	|	133	0.45	1.91	42	0.14	1.28
11   16	|	25	0.86	0.69	15	0.52	0.72
11   17	|	14	0.56	1.28	6	0.24	1.64
11   18	|	47	0.54	2.02	35	0.40	0.87
11   22	|	282	0.28	2.79	503	0.49	0.51
11   23	|	112	0.09	3.91	395	0.30	0.70
11   24	|	148	0.24	3.29	246	0.40	0.60
11   28	|	8	0.17	3.02	20	0.43	0.57
11   29	|	11	0.31	3.46	20	0.57	0.43
11   30	|	16	0.19	3.35	6	0.07	1.44
11   32	|	448	0.90	0.26	219	0.44	0.73
11   33	|	48	0.77	0.48	24	0.39	0.79
11   34	|	1356	0.89	0.30	548	0.36	1.01
11   35	|	126	0.67	1.06	33	0.18	1.45
11   36	|	848	0.72	0.74	897	0.76	0.24
11   37	|	214	0.52	1.60	175	0.42	0.58
11   38	|	112	0.88	0.39	96	0.75	0.25
11   39	|	72	0.65	1.28	70	0.63	0.37
11   40	|	716	0.65	1.05	435	0.40	0.82
11   41	|	2331	0.65	1.09	1359	0.38	0.86
11   42	|	322	0.36	2.37	121	0.13	1.36
11   43	|	172	0.61	1.28	78	0.28	1.09
11   44	|	103	0.80	0.63	37	0.29	0.90
11   48	|	218	0.16	3.55	451	0.34	0.66
11   49	|	13	0.07	4.46	43	0.23	0.77
11   50	|	3	0.03	4.23	27	0.29	0.71
11   52	|	50	0.14	3.68	124	0.35	0.65
11   53	|	110	0.12	4.09	58	0.06	1.51

12   1	|	1908	0.99	0.02	1931	1.00	0.00
12   2	|	131	0.97	0.08	135	1.00	0.00
12   3	|	3263	0.96	0.10	2459	0.72	0.28
12   4	|	85	0.92	0.22	50	0.54	0.46
12   5	|	40	0.74	0.83	54	1.00	0.00
12   6	|	81	0.87	0.49	93	1.00	0.00
12   7	|	1345	0.88	0.35	657	0.43	0.77
12   8	|	29	0.78	0.76	7	0.19	1.14
12   9	|	1032	0.85	0.42	1216	1.00	0.00
12   10	|	12	0.40	2.50	30	1.00	0.00
12   11	|	106	0.96	0.20	110	1.00	0.00
12   12	|	826	0.71	1.04	701	0.61	0.39
12   13	|	133	0.35	2.74	93	0.25	0.75
12   14	|	175	0.66	1.47	114	0.43	0.57
12   15	|	85	0.41	2.70	63	0.31	0.69
12   16	|	14	0.74	1.00	9	0.47	0.53
12   17	|	9	0.60	2.07	1	0.07	1.33
12   18	|	39	0.46	2.82	38	0.45	0.55
12   22	|	165	0.23	3.84	723	1.00	0.00
12   23	|	39	0.04	5.31	1072	1.00	0.00
12   24	|	92	0.17	4.25	533	1.00	0.00
12   28	|	6	0.14	4.47	43	1.00	0.00
12   29	|	5	0.25	3.70	20	1.00	0.00
12   30	|	9	0.16	4.33	7	0.12	0.88
12   32	|	241	0.78	0.67	179	0.58	0.42
12   33	|	19	0.76	0.88	16	0.64	0.36
12   34	|	970	0.85	0.43	475	0.41	0.76
12   35	|	75	0.49	1.92	30	0.19	1.08
12   36	|	636	0.72	0.90	879	1.00	0.00
12   37	|	81	0.29	2.95	284	1.00	0.00
12   38	|	67	0.96	0.17	70	1.00	0.00
12   39	|	47	0.53	2.24	89	1.00	0.00
12   40	|	542	0.63	1.38	411	0.47	0.53
12   41	|	1595	0.62	1.46	1324	0.51	0.49
12   42	|	118	0.17	3.73	214	0.31	0.69
12   43	|	100	0.41	2.83	90	0.37	0.63
12   44	|	88	0.77	1.05	45	0.39	0.61
12   48	|	95	0.11	4.61	866	1.00	0.00
12   49	|	5	0.04	5.46	125	1.00	0.00
12   50	|	5	0.05	5.05	93	1.00	0.00
12   52	|	12	0.04	5.20	314	1.00	0.00
12   53	|	53	0.06	5.22	169	0.21	0.79

13   1	|	519	0.96	0.06	543	1.00	0.00
13   2	|	24	0.83	0.28	29	1.00	0.00
13   3	|	863	0.88	0.32	714	0.72	0.28
13   4	|	38	0.79	0.60	25	0.52	0.48
13   5	|	16	0.39	1.90	41	1.00	0.00
13   6	|	30	0.86	0.23	35	1.00	0.00
13   7	|	339	0.71	0.89	165	0.35	0.90
13   8	|	15	0.71	1.33	5	0.24	1.29
13   9	|	293	0.66	1.07	442	1.00	0.00
13   10	|	5	0.15	2.85	34	1.00	0.00
13   11	|	24	0.75	0.72	32	1.00	0.00
13   12	|	224	0.49	1.94	235	0.52	0.48
13   13	|	76	0.22	3.35	112	0.33	0.67
13   14	|	53	0.44	2.30	34	0.28	0.72
13   15	|	38	0.22	3.65	59	0.34	0.66
13   16	|	5	0.56	1.67	5	0.56	0.44
13   18	|	5	0.09	5.24	21	0.38	0.62
13   22	|	44	0.08	4.78	545	1.00	0.00
13   23	|	23	0.02	5.29	984	1.00	0.00
13   24	|	35	0.10	4.93	334	1.00	0.00
13   28	|	4	0.11	5.49	37	1.00	0.00
13   29	|	2	0.14	3.71	14	1.00	0.00
13   30	|	3	0.07	5.23	11	0.26	0.74
13   32	|	84	0.61	1.26	86	0.62	0.38
13   33	|	24	0.63	1.11	29	0.76	0.24
13   34	|	244	0.64	1.17	122	0.32	0.90
13   35	|	47	0.40	2.27	30	0.25	0.97
13   36	|	185	0.47	1.83	392	1.00	0.00
13   37	|	69	0.23	3.06	294	1.00	0.00
13   38	|	26	0.72	0.94	36	1.00	0.00
13   39	|	14	0.24	3.57	58	1.00	0.00
13   40	|	140	0.35	2.63	151	0.38	0.62
13   41	|	490	0.38	2.43	537	0.42	0.58
13   42	|	96	0.16	3.83	209	0.34	0.66
13   43	|	35	0.24	3.23	49	0.34	0.66
13   44	|	19	0.40	2.81	21	0.45	0.55
13   48	|	29	0.04	5.05	682	1.00	0.00
13   49	|	2	0.01	5.79	140	1.00	0.00
13   50	|	3	0.07	5.52	46	1.00	0.00
13   52	|	14	0.05	5.20	294	1.00	0.00
13   53	|	18	0.03	5.30	140	0.21	0.79

14   1	|	334	0.96	0.10	298	0.85	0.15
14   2	|	23	0.96	0.08	20	0.83	0.17
14   3	|	571	0.87	0.42	384	0.58	0.54
14   4	|	19	0.79	0.33	12	0.50	0.58
14   5	|	17	0.46	2.35	14	0.38	0.62
14   6	|	15	0.75	0.95	15	0.75	0.25
14   7	|	254	0.72	0.90	94	0.27	1.28
14   8	|	3	0.30	2.90	1	0.10	2.10
14   9	|	205	0.58	1.61	205	0.58	0.42
14   10	|	5	0.29	2.53	7	0.41	0.59
14   11	|	18	0.90	0.50	18	0.90	0.10
14   12	|	160	0.41	2.50	105	0.27	1.18
14   13	|	29	0.11	4.14	20	0.07	1.49
14   14	|	36	0.40	3.07	20	0.22	1.25
14   15	|	28	0.19	3.83	11	0.08	1.47
14   16	|	6	0.86	0.43	3	0.43	0.57
14   17	|	3	0.50	2.83	1	0.17	1.83
14   18	|	8	0.17	4.60	9	0.19	1.31
14   22	|	32	0.06	5.00	125	0.23	0.77
14   23	|	33	0.03	5.40	199	0.18	0.82
14   24	|	23	0.06	5.51	86	0.21	0.79
14   28	|	2	0.08	5.29	4	0.17	0.83
14   29	|	2	0.11	4.89	5	0.26	0.74
14   32	|	73	0.55	1.07	36	0.27	0.98
14   33	|	10	0.53	1.89	7	0.37	0.89
14   34	|	187	0.56	1.45	70	0.21	1.46
14   35	|	22	0.24	3.06	6	0.07	1.88
14   36	|	123	0.40	2.43	149	0.49	0.51
14   37	|	33	0.14	3.73	58	0.25	0.75
14   38	|	16	0.50	1.81	16	0.50	0.50
14   39	|	14	0.28	3.80	14	0.28	0.72
14   40	|	100	0.30	3.16	71	0.21	1.26
14   41	|	344	0.31	2.99	240	0.21	1.20
14   42	|	48	0.08	4.36	38	0.06	1.50
14   43	|	28	0.18	3.71	16	0.10	1.45
14   44	|	17	0.47	2.47	6	0.17	1.22
14   48	|	51	0.05	5.16	192	0.20	0.80
14   49	|	6	0.03	5.49	33	0.18	0.82
14   50	|	1	0.02	5.52	14	0.23	0.77
14   52	|	12	0.04	5.36	59	0.21	0.79
14   53	|	21	0.04	5.29	19	0.04	1.60

15   1	|	86	1.00	0.00	86	1.00	0.00
15   2	|	10	1.00	0.00	10	1.00	0.00
15   3	|	168	0.98	0.03	129	0.75	0.25
15   4	|	3	1.00	0.00	3	1.00	0.00
15   5	|	3	0.75	0.50	4	1.00	0.00
15   6	|	5	1.00	0.00	5	1.00	0.00
15   7	|	75	0.95	0.10	41	0.52	0.62
15   8	|	2	1.00	0.00	0	0.00	1.50
15   9	|	54	0.89	0.20	61	1.00	0.00
15   10	|	2	1.00	0.00	2	1.00	0.00
15   11	|	5	1.00	0.00	5	1.00	0.00
15   12	|	62	0.85	0.27	50	0.68	0.32
15   13	|	7	0.58	1.17	3	0.25	0.75
15   14	|	12	1.00	0.00	6	0.50	0.50
15   15	|	7	0.78	0.56	4	0.44	0.56
15   18	|	3	1.00	0.00	2	0.67	0.33
15   22	|	9	0.38	1.88	24	1.00	0.00
15   23	|	5	0.42	2.67	12	1.00	0.00
15   24	|	1	0.13	3.75	8	1.00	0.00
15   30	|	1	0.50	0.50	0	0.00	1.00
15   32	|	13	0.93	0.07	7	0.50	0.50
15   33	|	4	1.00	0.00	3	0.75	0.25
15   34	|	49	0.98	0.04	19	0.38	0.72
15   35	|	2	0.50	2.00	3	0.75	0.50
15   36	|	40	0.83	0.35	48	1.00	0.00
15   37	|	13	0.68	1.05	19	1.00	0.00
15   38	|	4	1.00	0.00	4	1.00	0.00
15   39	|	1	0.50	1.00	2	1.00	0.00
15   40	|	36	0.80	0.47	27	0.60	0.40
15   41	|	95	0.81	0.48	59	0.50	0.50
15   42	|	9	0.53	1.59	9	0.53	0.47
15   43	|	4	0.80	1.20	3	0.60	0.40
15   44	|	5	1.00	0.00	2	0.40	0.60
15   48	|	6	0.40	2.07	15	1.00	0.00
15   49	|	1	0.33	2.00	3	1.00	0.00
15   52	|	2	0.29	4.00	7	1.00	0.00
15   53	|	3	0.33	4.11	3	0.33	0.67

16   1	|	325	0.98	0.03	285	0.86	0.14
16   2	|	47	0.87	0.35	42	0.78	0.22
16   3	|	568	0.87	0.33	349	0.53	0.62
16   4	|	64	0.78	0.57	24	0.29	1.00
16   5	|	32	0.46	1.48	33	0.48	0.52
16   6	|	13	0.76	0.76	11	0.65	0.35
16   7	|	306	0.68	0.86	101	0.22	1.50
16   8	|	83	0.75	0.81	17	0.15	1.61
16   9	|	234	0.50	1.35	230	0.49	0.51
16   10	|	65	0.59	1.29	56	0.50	0.50
16   11	|	17	0.94	0.06	16	0.89	0.11
16   12	|	245	0.37	1.94	118	0.18	1.30
16   13	|	466	0.42	1.86	228	0.21	1.20
16   14	|	66	0.39	1.85	40	0.24	1.15
16   15	|	112	0.32	2.36	63	0.18	1.23
16   16	|	4	0.31	2.23	1	0.08	1.23
16   17	|	6	0.38	1.63	1	0.06	2.38
16   18	|	12	0.18	3.99	9	0.13	1.25
16   22	|	100	0.10	3.56	309	0.32	0.68
16   23	|	332	0.16	3.64	671	0.32	0.68
16   24	|	45	0.09	4.20	150	0.29	0.71
16   28	|	10	0.13	3.87	23	0.29	0.71
16   29	|	5	0.14	3.39	14	0.39	0.61
16   30	|	16	0.16	3.43	15	0.15	1.33
16   32	|	104	0.68	0.75	44	0.29	0.94
16   33	|	67	0.73	0.79	39	0.42	0.73
16   34	|	219	0.58	1.14	70	0.19	1.51
16   35	|	190	0.56	1.29	53	0.16	1.54
16   36	|	158	0.34	1.93	204	0.44	0.56
16   37	|	477	0.55	1.45	429	0.49	0.51
16   38	|	15	0.54	1.50	16	0.57	0.43
16   39	|	16	0.18	2.94	32	0.36	0.64
16   40	|	171	0.27	2.18	94	0.15	1.34
16   41	|	603	0.31	2.16	314	0.16	1.28
16   42	|	666	0.42	2.04	338	0.21	1.22
16   43	|	38	0.19	2.86	14	0.07	1.44
16   44	|	12	0.21	3.11	7	0.12	1.35
16   48	|	130	0.10	3.77	384	0.30	0.70
16   49	|	35	0.15	3.91	72	0.31	0.69
16   50	|	3	0.04	4.38	13	0.16	0.84
16   52	|	82	0.15	3.67	188	0.35	0.65
16   53	|	174	0.14	3.63	126	0.10	1.43

17   1	|	49	1.00	0.00	49	1.00	0.00
17   2	|	4	1.00	0.00	4	1.00	0.00
17   3	|	85	0.94	0.11	63	0.70	0.30
17   4	|	4	0.80	0.40	3	0.60	0.40
17   5	|	2	0.50	0.50	4	1.00	0.00
17   6	|	2	1.00	0.00	2	1.00	0.00
17   7	|	39	0.76	0.63	16	0.31	1.06
17   8	|	8	1.00	0.00	3	0.38	0.75
17   9	|	32	0.64	0.76	50	1.00	0.00
17   10	|	8	0.53	0.73	15	1.00	0.00
17   11	|	1	1.00	0.00	1	1.00	0.00
17   12	|	27	0.64	1.07	24	0.57	0.43
17   13	|	51	0.65	0.83	40	0.51	0.49
17   14	|	13	0.93	0.36	6	0.43	0.57
17   15	|	11	0.46	1.67	12	0.50	0.50
17   22	|	9	0.23	2.35	40	1.00	0.00
17   23	|	41	0.37	2.35	110	1.00	0.00
17   24	|	6	0.18	3.06	33	1.00	0.00
17   30	|	1	0.09	2.64	6	0.55	0.45
17   32	|	10	0.77	0.46	7	0.54	0.46
17   33	|	8	0.80	1.00	7	0.70	0.30
17   34	|	38	0.83	0.50	18	0.39	0.87
17   35	|	27	0.93	0.31	6	0.21	1.07
17   36	|	20	0.59	1.15	34	1.00	0.00
17   37	|	48	0.74	0.82	65	1.00	0.00
17   39	|	7	0.78	0.78	9	1.00	0.00
17   40	|	23	0.46	1.46	10	0.20	0.80
17   41	|	68	0.54	1.18	49	0.39	0.61
17   42	|	60	0.61	1.13	53	0.54	0.46
17   43	|	5	0.31	2.25	4	0.25	0.75
17   44	|	1	0.50	2.50	2	1.00	0.00
17   48	|	7	0.14	2.86	50	1.00	0.00
17   49	|	2	0.25	2.63	8	1.00	0.00
17   52	|	14	0.52	2.04	27	1.00	0.00
17   53	|	13	0.27	2.67	15	0.31	0.69

18   1	|	84	1.00	0.00	82	0.98	0.02
18   2	|	14	1.00	0.00	13	0.93	0.07
18   3	|	176	0.98	0.07	124	0.69	0.34
18   4	|	2	1.00	0.00	2	1.00	0.00
18   5	|	2	1.00	0.00	2	1.00	0.00
18   6	|	3	1.00	0.00	3	1.00	0.00
18   7	|	54	0.95	0.09	25	0.44	0.74
18   9	|	51	0.88	0.26	55	0.95	0.05
18   11	|	9	1.00	0.00	9	1.00	0.00
18   12	|	45	0.78	0.57	33	0.57	0.52
18   13	|	9	0.82	0.27	3	0.27	0.73
18   14	|	7	0.70	0.70	3	0.30	0.90
18   15	|	4	0.80	0.40	1	0.20	0.80
18   16	|	1	1.00	0.00	1	1.00	0.00
18   18	|	1	0.33	1.67	1	0.33	1.00
18   22	|	7	0.27	2.08	24	0.92	0.08
18   23	|	2	0.09	3.70	14	0.61	0.39
18   24	|	7	0.50	1.29	12	0.86	0.14
18   29	|	1	0.50	0.50	2	1.00	0.00
18   32	|	18	1.00	0.00	15	0.83	0.17
18   33	|	2	1.00	0.00	2	1.00	0.00
18   34	|	53	0.90	0.17	22	0.37	0.93
18   35	|	7	1.00	0.00	4	0.57	0.57
18   36	|	40	0.82	0.33	46	0.94	0.06
18   37	|	6	0.50	1.25	10	0.83	0.17
18   38	|	7	1.00	0.00	7	1.00	0.00
18   39	|	5	0.83	0.33	6	1.00	0.00
18   40	|	29	0.76	0.61	19	0.50	0.58
18   41	|	87	0.70	0.95	64	0.52	0.59
18   42	|	7	0.37	1.68	3	0.16	1.16
18   43	|	6	0.67	1.78	4	0.44	0.67
18   44	|	3	1.00	0.00	1	0.33	0.67
18   48	|	5	0.25	3.30	11	0.55	0.45
18   50	|	1	1.00	0.00	1	1.00	0.00
18   52	|	3	0.33	2.22	7	0.78	0.22
18   53	|	4	0.18	3.41	3	0.14	1.09

20   1	|	122	0.99	0.01	123	1.00	0.00
20   2	|	6	1.00	0.00	6	1.00	0.00
20   3	|	209	0.94	0.14	165	0.74	0.26
20   4	|	4	1.00	0.00	3	0.75	0.25
20   5	|	10	0.91	0.18	11	1.00	0.00
20   6	|	12	0.92	0.46	13	1.00	0.00
20   7	|	82	0.81	0.50	44	0.44	0.77
20   8	|	1	0.50	2.00	0	0.00	1.50
20   9	|	101	0.80	0.60	127	1.00	0.00
20   10	|	4	0.44	1.78	9	1.00	0.00
20   11	|	5	0.83	0.17	6	1.00	0.00
20   12	|	113	0.68	1.07	102	0.61	0.39
20   13	|	16	0.33	2.35	22	0.45	0.55
20   14	|	15	0.60	1.24	14	0.56	0.44
20   15	|	14	0.47	1.73	12	0.40	0.60
20   16	|	1	0.50	1.00	1	0.50	0.50
20   17	|	2	0.50	1.50	0	0.00	1.25
20   18	|	6	0.46	3.08	5	0.38	0.62
20   22	|	17	0.18	3.52	95	1.00	0.00
20   23	|	7	0.06	4.68	114	1.00	0.00
20   24	|	11	0.19	3.54	57	1.00	0.00
20   28	|	4	0.50	2.00	8	1.00	0.00
20   30	|	2	0.18	3.73	3	0.27	0.73
20   31	|	37	0.90	0.22	29	0.71	0.29
20   32	|	31	0.86	0.44	31	0.86	0.14
20   33	|	4	1.00	0.00	3	0.75	0.25
20   34	|	34	0.62	1.00	19	0.35	0.87
20   35	|	5	0.29	2.18	5	0.29	0.82
20   36	|	42	0.58	1.29	72	1.00	0.00
20   37	|	26	0.46	1.86	56	1.00	0.00
20   38	|	17	0.85	0.80	20	1.00	0.00
20   39	|	11	0.69	1.31	16	1.00	0.00
20   40	|	60	0.62	1.09	53	0.55	0.45
20   41	|	132	0.52	1.68	119	0.47	0.53
20   42	|	43	0.31	2.51	49	0.35	0.65
20   43	|	13	0.43	2.70	11	0.37	0.63
20   44	|	4	1.00	0.00	2	0.50	0.50
20   48	|	13	0.07	4.10	196	1.00	0.00
20   49	|	4	0.04	4.73	101	1.00	0.00
20   50	|	5	0.10	4.50	52	1.00	0.00
20   52	|	10	0.14	3.93	72	1.00	0.00
20   53	|	17	0.10	4.34	31	0.18	0.82

21   1	|	1156	0.99	0.02	1172	1.00	0.00
21   2	|	73	0.99	0.01	74	1.00	0.00
21   3	|	1749	0.95	0.09	1408	0.76	0.24
21   4	|	23	0.77	0.47	21	0.70	0.30
21   5	|	60	0.86	0.27	70	1.00	0.00
21   6	|	103	0.95	0.13	108	1.00	0.00
21   7	|	657	0.86	0.29	330	0.43	0.77
21   8	|	15	0.88	0.24	3	0.18	1.24
21   9	|	979	0.89	0.27	1098	1.00	0.00
21   10	|	12	0.63	1.05	19	1.00	0.00
21   11	|	90	0.97	0.05	93	1.00	0.00
21   12	|	996	0.82	0.56	854	0.70	0.30
21   13	|	80	0.35	2.21	61	0.26	0.74
21   14	|	145	0.78	0.89	73	0.39	0.61
21   15	|	78	0.49	1.84	56	0.35	0.65
21   16	|	21	0.91	0.43	16	0.70	0.30
21   17	|	13	0.87	0.33	2	0.13	1.47
21   18	|	45	0.60	1.72	47	0.63	0.37
21   22	|	242	0.46	2.17	528	1.00	0.00
21   23	|	18	0.04	4.28	436	1.00	0.00
21   24	|	86	0.30	3.14	287	1.00	0.00
21   28	|	4	0.16	3.80	25	1.00	0.00
21   29	|	7	0.47	2.73	15	1.00	0.00
21   30	|	11	0.24	2.52	11	0.24	0.76
21   31	|	271	0.88	0.37	217	0.70	0.33
21   32	|	174	0.75	0.61	167	0.72	0.28
21   33	|	8	0.80	0.50	8	0.80	0.20
21   34	|	343	0.73	0.55	168	0.36	0.88
21   35	|	44	0.51	1.53	28	0.32	0.85
21   36	|	393	0.75	0.70	524	1.00	0.00
21   37	|	85	0.40	2.26	213	1.00	0.00
21   38	|	104	0.91	0.25	114	1.00	0.00
21   39	|	71	0.70	1.01	101	1.00	0.00
21   40	|	553	0.72	0.88	424	0.55	0.45
21   41	|	1096	0.64	1.13	874	0.51	0.49
21   42	|	139	0.26	2.73	166	0.32	0.68
21   43	|	111	0.51	1.76	104	0.48	0.52
21   44	|	41	0.76	0.81	30	0.56	0.44
21   48	|	174	0.21	3.56	818	1.00	0.00
21   49	|	23	0.06	4.58	376	1.00	0.00
21   50	|	37	0.19	3.76	193	1.00	0.00
21   52	|	26	0.10	4.37	270	1.00	0.00
21   53	|	60	0.08	4.41	176	0.25	0.75

22   1	|	268	0.91	0.18	229	0.78	0.22
22   2	|	19	0.79	0.50	18	0.75	0.25
22   3	|	413	0.72	0.78	246	0.43	0.80
22   4	|	9	0.47	1.11	8	0.42	1.00
22   5	|	23	0.31	2.30	25	0.34	0.66
22   6	|	24	0.86	0.46	17	0.61	0.39
22   7	|	205	0.51	1.35	68	0.17	1.59
22   8	|	6	0.23	1.81	1	0.04	1.73
22   9	|	238	0.50	1.87	237	0.49	0.51
22   10	|	8	0.17	2.85	20	0.43	0.57
22   11	|	7	0.50	2.29	8	0.57	0.43
22   12	|	286	0.34	2.43	168	0.20	1.26
22   13	|	72	0.14	3.42	62	0.12	1.39
22   14	|	50	0.28	2.91	29	0.16	1.36
22   15	|	72	0.16	3.42	51	0.11	1.41
22   16	|	4	0.50	1.50	0	0.00	1.50
22   17	|	3	0.50	1.67	0	0.00	2.17
22   18	|	16	0.09	4.54	23	0.13	1.38
22   22	|	79	0.07	4.63	316	0.26	0.74
22   23	|	59	0.02	5.05	612	0.26	0.74
22   24	|	47	0.06	4.89	193	0.24	0.76
22   28	|	5	0.06	4.64	23	0.26	0.74
22   29	|	3	0.09	4.70	5	0.15	0.85
22   30	|	6	0.05	4.25	8	0.07	1.55
22   31	|	94	0.39	2.46	49	0.20	1.11
22   32	|	87	0.38	1.72	55	0.24	1.11
22   33	|	13	0.33	2.36	14	0.36	0.97
22   34	|	144	0.32	2.04	37	0.08	1.93
22   35	|	49	0.21	2.62	19	0.08	1.83
22   36	|	119	0.22	2.87	187	0.35	0.65
22   37	|	148	0.20	3.03	225	0.30	0.70
22   38	|	30	0.47	2.19	38	0.59	0.41
22   39	|	36	0.23	3.20	43	0.28	0.72
22   40	|	166	0.23	2.96	107	0.15	1.35
22   41	|	402	0.21	3.04	246	0.13	1.38
22   42	|	321	0.14	3.46	245	0.10	1.40
22   43	|	66	0.12	3.76	59	0.11	1.42
22   44	|	26	0.35	2.99	12	0.16	1.33
22   48	|	145	0.04	4.72	892	0.24	0.76
22   49	|	84	0.04	4.99	590	0.25	0.75
22   50	|	44	0.04	4.87	254	0.25	0.75
22   52	|	72	0.06	4.71	292	0.25	0.75
22   53	|	159	0.06	4.80	183	0.06	1.55

23   1	|	494	0.87	0.25	443	0.78	0.22
23   2	|	26	0.81	0.34	23	0.72	0.28
23   3	|	767	0.68	0.74	471	0.42	0.83
23   4	|	25	0.50	1.24	11	0.22	1.10
23   5	|	26	0.37	2.49	23	0.33	0.67
23   6	|	24	0.63	0.79	26	0.68	0.32
23   7	|	324	0.45	1.48	116	0.16	1.67
23   8	|	5	0.16	2.72	3	0.09	2.09
23   9	|	416	0.51	1.67	415	0.51	0.49
23   10	|	10	0.20	2.78	18	0.36	0.64
23   11	|	26	0.79	0.73	22	0.67	0.33
23   12	|	412	0.38	2.27	280	0.26	1.18
23   13	|	108	0.15	3.31	50	0.07	1.50
23   14	|	57	0.30	2.80	25	0.13	1.34
23   15	|	58	0.16	3.39	25	0.07	1.51
23   16	|	5	0.33	2.93	4	0.27	1.27
23   17	|	6	0.23	3.12	1	0.04	2.19
23   18	|	9	0.11	4.44	11	0.14	1.38
23   22	|	145	0.09	4.46	375	0.23	0.77
23   23	|	33	0.02	4.81	224	0.17	0.83
23   24	|	53	0.12	4.38	103	0.23	0.77
23   28	|	5	0.06	4.96	17	0.20	0.80
23   29	|	1	0.02	4.89	12	0.26	0.74
23   30	|	10	0.06	4.71	13	0.08	1.61
23   31	|	144	0.50	1.83	110	0.38	0.83
23   32	|	133	0.39	1.42	66	0.19	1.24
23   33	|	7	0.32	2.05	4	0.18	1.14
23   34	|	269	0.32	1.80	73	0.09	1.91
23   35	|	20	0.13	2.65	4	0.03	2.13
23   36	|	212	0.25	2.66	273	0.32	0.68
23   37	|	65	0.16	3.24	91	0.23	0.77
23   38	|	35	0.69	1.31	31	0.61	0.39
23   39	|	25	0.30	2.44	26	0.32	0.68
23   40	|	290	0.26	2.87	166	0.15	1.33
23   41	|	653	0.23	2.87	422	0.15	1.34
23   42	|	44	0.12	3.40	16	0.04	1.57
23   43	|	21	0.23	3.08	10	0.11	1.48
23   44	|	16	0.40	2.55	7	0.18	1.18
23   48	|	19	0.06	4.72	60	0.17	0.83
23   52	|	22	0.06	4.71	65	0.18	0.82
23   53	|	28	0.05	4.72	26	0.05	1.58

24   1	|	176	0.86	0.35	204	1.00	0.00
24   2	|	11	0.69	1.13	16	1.00	0.00
24   3	|	309	0.71	0.84	279	0.64	0.36
24   4	|	5	0.38	2.46	8	0.62	0.38
24   5	|	13	0.33	2.79	39	1.00	0.00
24   6	|	16	0.67	1.54	24	1.00	0.00
24   7	|	133	0.42	2.02	71	0.22	1.15
24   8	|	4	0.25	3.13	4	0.25	1.19
24   9	|	176	0.47	2.15	371	1.00	0.00
24   10	|	6	0.19	3.58	31	1.00	0.00
24   11	|	13	0.57	1.65	23	1.00	0.00
24   12	|	157	0.33	3.09	184	0.39	0.61
24   13	|	49	0.10	4.54	152	0.31	0.69
24   14	|	18	0.17	4.26	28	0.27	0.73
24   15	|	14	0.08	4.49	57	0.31	0.69
24   16	|	4	0.50	2.38	3	0.38	0.63
24   17	|	1	0.07	5.36	1	0.07	1.71
24   18	|	4	0.11	5.03	20	0.53	0.47
24   22	|	47	0.07	5.36	677	1.00	0.00
24   23	|	10	0.01	6.03	831	1.00	0.00
24   24	|	8	0.03	5.81	230	1.00	0.00
24   28	|	1	0.02	5.80	61	1.00	0.00
24   29	|	4	0.13	4.67	30	1.00	0.00
24   30	|	6	0.06	5.22	14	0.15	0.85
24   31	|	41	0.53	1.84	41	0.53	0.48
24   32	|	24	0.27	2.33	54	0.60	0.40
24   33	|	4	0.24	2.88	16	0.94	0.06
24   34	|	81	0.24	2.84	53	0.15	1.25
24   35	|	10	0.10	3.75	13	0.13	1.29
24   36	|	79	0.22	3.62	362	1.00	0.00
24   37	|	22	0.10	4.32	214	1.00	0.00
24   38	|	19	0.66	1.83	29	1.00	0.00
24   39	|	5	0.14	5.06	35	1.00	0.00
24   40	|	118	0.22	3.74	180	0.34	0.66
24   41	|	230	0.16	4.08	480	0.33	0.67
24   42	|	14	0.05	4.69	72	0.27	0.73
24   43	|	7	0.13	4.60	16	0.29	0.71
24   44	|	11	0.33	3.58	10	0.30	0.70
24   48	|	3	0.02	5.62	121	1.00	0.00
24   52	|	2	0.01	5.88	187	1.00	0.00
24   53	|	11	0.04	5.77	54	0.20	0.80

25   1	|	88	1.00	0.00	88	1.00	0.00
25   2	|	2	1.00	0.00	2	1.00	0.00
25   3	|	151	0.90	0.15	134	0.80	0.20
25   4	|	5	0.83	0.17	5	0.83	0.17
25   5	|	9	0.82	0.64	11	1.00	0.00
25   6	|	5	1.00	0.00	5	1.00	0.00
25   7	|	58	0.85	0.38	32	0.47	0.72
25   8	|	3	1.00	0.00	2	0.67	0.33
25   9	|	69	0.84	0.59	82	1.00	0.00
25   11	|	5	0.83	1.00	6	1.00	0.00
25   12	|	82	0.73	1.09	68	0.60	0.40
25   13	|	11	0.42	2.23	9	0.35	0.65
25   14	|	9	0.64	1.21	7	0.50	0.50
25   15	|	8	0.40	2.35	8	0.40	0.60
25   16	|	3	1.00	0.00	3	1.00	0.00
25   18	|	5	0.83	1.00	4	0.67	0.33
25   22	|	11	0.28	3.20	40	1.00	0.00
25   23	|	14	0.18	3.88	76	1.00	0.00
25   24	|	6	0.21	3.38	29	1.00	0.00
25   28	|	2	0.67	2.00	3	1.00	0.00
25   30	|	1	0.50	1.50	2	1.00	0.00
25   32	|	15	0.65	0.57	18	0.78	0.22
25   33	|	1	0.50	1.00	1	0.50	0.50
25   34	|	28	0.80	0.43	14	0.40	0.83
25   35	|	4	0.31	1.92	4	0.31	1.00
25   36	|	43	0.72	0.75	60	1.00	0.00
25   37	|	20	0.43	1.65	46	1.00	0.00
25   38	|	6	1.00	0.00	6	1.00	0.00
25   39	|	3	0.50	1.00	6	1.00	0.00
25   40	|	48	0.71	0.65	38	0.56	0.44
25   41	|	101	0.59	1.42	79	0.46	0.54
25   42	|	35	0.31	2.64	49	0.43	0.57
25   43	|	12	0.41	1.76	17	0.59	0.41
25   44	|	6	0.67	1.11	4	0.44	0.56
25   48	|	16	0.14	4.03	112	1.00	0.00
25   49	|	13	0.18	4.25	72	1.00	0.00
25   50	|	3	0.13	4.87	23	1.00	0.00
25   52	|	11	0.30	3.51	37	1.00	0.00
25   53	|	20	0.18	3.72	34	0.31	0.69

26   1	|	75	0.94	0.16	70	0.88	0.13
26   2	|	6	0.86	0.57	6	0.86	0.14
26   3	|	132	0.81	0.49	87	0.54	0.65
26   4	|	3	0.38	1.63	2	0.25	1.00
26   5	|	7	0.50	1.71	6	0.43	0.57
26   6	|	6	0.86	0.14	5	0.71	0.29
26   7	|	46	0.61	1.04	21	0.28	1.39
26   8	|	2	0.29	2.86	1	0.14	1.86
26   9	|	55	0.65	1.13	58	0.68	0.32
26   10	|	1	0.17	2.83	2	0.33	0.67
26   11	|	5	1.00	0.00	3	0.60	0.40
26   12	|	77	0.49	1.97	52	0.33	1.03
26   13	|	20	0.20	3.31	6	0.06	1.48
26   14	|	8	0.29	2.93	6	0.21	1.21
26   15	|	17	0.25	2.90	7	0.10	1.49
26   18	|	3	0.13	4.08	2	0.08	1.38
26   22	|	20	0.11	4.26	53	0.28	0.72
26   23	|	26	0.06	4.56	70	0.16	0.84
26   24	|	8	0.05	4.94	23	0.15	0.85
26   28	|	3	0.23	3.54	1	0.08	0.92
26   29	|	1	0.14	5.14	2	0.29	0.71
26   30	|	2	0.12	4.00	2	0.12	1.71
26   32	|	13	0.28	1.62	4	0.09	1.34
26   34	|	40	0.48	1.64	14	0.17	1.61
26   35	|	5	0.13	2.95	3	0.08	1.89
26   36	|	40	0.40	2.05	40	0.40	0.60
26   37	|	39	0.33	2.57	45	0.38	0.63
26   38	|	8	0.53	1.07	11	0.73	0.27
26   39	|	5	0.26	2.74	4	0.21	0.79
26   40	|	49	0.35	2.59	33	0.24	1.14
26   41	|	115	0.31	2.64	58	0.16	1.31
26   42	|	33	0.11	3.66	19	0.07	1.53
26   43	|	16	0.24	3.54	9	0.13	1.46
26   44	|	6	0.40	2.40	3	0.20	1.47
26   48	|	29	0.08	4.46	73	0.21	0.79
26   49	|	4	0.06	4.78	8	0.12	0.88
26   52	|	21	0.12	4.61	25	0.15	0.85
26   53	|	25	0.07	4.66	16	0.05	1.61

30   1	|	236	1.00	0.00	236	1.00	0.00
30   2	|	19	1.00	0.00	19	1.00	0.00
30   3	|	364	0.97	0.06	312	0.83	0.17
30   4	|	11	0.92	0.08	10	0.83	0.17
30   5	|	12	0.92	0.15	13	1.00	0.00
30   6	|	16	1.00	0.00	16	1.00	0.00
30   7	|	171	0.91	0.13	100	0.53	0.66
30   8	|	2	1.00	0.00	1	0.50	1.00
30   9	|	308	0.94	0.10	327	1.00	0.00
30   10	|	2	1.00	0.00	2	1.00	0.00
30   11	|	18	1.00	0.00	18	1.00	0.00
30   12	|	117	0.87	0.39	105	0.78	0.22
30   13	|	17	0.77	0.73	4	0.18	0.82
30   14	|	31	0.82	0.37	18	0.47	0.53
30   15	|	12	0.75	0.44	9	0.56	0.44
30   16	|	3	0.75	1.00	3	0.75	0.25
30   18	|	3	0.75	1.25	3	0.75	0.25
30   19	|	161	0.58	1.10	58	0.21	1.19
30   20	|	22	0.71	0.81	2	0.06	1.32
30   21	|	14	0.78	1.00	1	0.06	1.33
30   22	|	35	0.55	1.64	64	1.00	0.00
30   23	|	4	0.22	2.50	18	1.00	0.00
30   24	|	23	0.53	1.98	43	1.00	0.00
30   25	|	42	0.51	1.63	42	0.51	0.49
30   26	|	5	0.31	2.25	6	0.38	0.63
30   27	|	6	0.40	1.73	6	0.40	0.60
30   29	|	1	0.25	2.25	4	1.00	0.00
30   30	|	2	0.20	2.30	3	0.30	0.70
30   32	|	49	0.96	0.08	44	0.86	0.14
30   34	|	72	0.81	0.30	44	0.49	0.71
30   35	|	14	0.74	0.58	7	0.37	0.79
30   36	|	80	0.86	0.35	93	1.00	0.00
30   37	|	14	0.88	0.25	16	1.00	0.00
30   38	|	9	1.00	0.00	9	1.00	0.00
30   39	|	5	1.00	0.00	5	1.00	0.00
30   40	|	79	0.77	0.57	56	0.55	0.45
30   41	|	171	0.73	0.62	135	0.58	0.42
30   42	|	13	0.65	1.30	4	0.20	0.80
30   43	|	4	0.50	1.50	3	0.38	0.63
30   44	|	12	1.00	0.00	4	0.33	0.67
30   45	|	87	0.53	1.63	42	0.26	1.16
30   46	|	11	0.46	1.75	4	0.17	1.29
30   47	|	12	0.71	0.76	2	0.12	1.41
30   48	|	14	0.64	1.23	22	1.00	0.00
30   51	|	26	0.36	2.42	26	0.36	0.64
30   52	|	1	0.10	4.50	10	1.00	0.00
30   53	|	5	0.28	3.33	7	0.39	0.61

31   1	|	469	0.98	0.06	448	0.94	0.06
31   2	|	25	0.96	0.08	24	0.92	0.08
31   3	|	572	0.96	0.06	430	0.72	0.31
31   4	|	10	0.83	0.17	10	0.83	0.17
31   5	|	10	0.83	0.33	8	0.67	0.33
31   6	|	28	1.00	0.00	26	0.93	0.07
31   7	|	270	0.88	0.24	180	0.58	0.63
31   8	|	5	0.83	0.33	4	0.67	0.50
31   9	|	449	0.92	0.17	446	0.91	0.09
31   10	|	1	0.25	3.75	1	0.25	0.75
31   11	|	37	0.97	0.03	36	0.95	0.05
31   12	|	234	0.84	0.41	181	0.65	0.39
31   13	|	40	0.73	0.95	10	0.18	0.98
31   14	|	47	0.85	0.51	17	0.31	0.78
31   15	|	23	0.77	0.90	6	0.20	0.93
31   16	|	6	0.86	0.14	6	0.86	0.14
31   17	|	1	1.00	0.00	0	0.00	2.00
31   18	|	9	0.75	0.92	8	0.67	0.42
31   19	|	336	0.56	1.36	121	0.20	1.45
31   20	|	28	0.56	1.20	0	0.00	1.62
31   21	|	32	0.68	1.40	1	0.02	1.77
31   22	|	52	0.43	2.17	91	0.75	0.25
31   23	|	7	0.10	4.01	35	0.50	0.50
31   24	|	28	0.45	2.11	43	0.69	0.31
31   25	|	76	0.45	1.95	50	0.30	0.91
31   26	|	9	0.25	2.81	5	0.14	1.25
31   27	|	9	0.29	2.94	4	0.13	1.10
31   28	|	1	0.17	4.67	2	0.33	0.67
31   29	|	2	0.50	3.00	4	1.00	0.00
31   30	|	1	0.10	3.90	2	0.20	1.20
31   32	|	60	0.92	0.28	49	0.75	0.31
31   33	|	1	0.50	0.50	1	0.50	0.50
31   34	|	99	0.77	0.41	54	0.42	0.89
31   35	|	10	0.59	1.24	4	0.24	1.47
31   36	|	134	0.81	0.58	149	0.90	0.10
31   37	|	16	0.64	1.24	17	0.68	0.32
31   38	|	17	0.89	0.32	17	0.89	0.11
31   39	|	15	0.83	0.67	16	0.89	0.11
31   40	|	138	0.78	0.58	107	0.60	0.50
31   41	|	283	0.74	0.72	195	0.51	0.60
31   42	|	22	0.46	1.96	4	0.08	1.27
31   43	|	26	0.72	0.89	16	0.44	0.75
31   44	|	14	0.93	0.33	6	0.40	0.73
31   45	|	145	0.36	2.41	50	0.12	1.79
31   46	|	23	0.27	2.74	2	0.02	2.00
31   47	|	14	0.47	1.70	1	0.03	1.70
31   48	|	19	0.19	3.71	42	0.42	0.58
31   50	|	2	0.25	4.00	6	0.75	0.25
31   51	|	51	0.19	3.55	41	0.15	1.23
31   52	|	4	0.14	4.10	17	0.59	0.41
31   53	|	11	0.14	3.77	7	0.09	1.42

32   1	|	394	0.98	0.06	403	1.00	0.00
32   2	|	17	1.00	0.00	17	1.00	0.00
32   3	|	504	0.97	0.05	433	0.83	0.17
32   4	|	10	1.00	0.00	6	0.60	0.40
32   5	|	12	0.92	0.23	13	1.00	0.00
32   6	|	19	1.00	0.00	19	1.00	0.00
32   7	|	234	0.90	0.25	149	0.57	0.59
32   8	|	3	1.00	0.00	1	0.33	0.67
32   9	|	354	0.92	0.22	385	1.00	0.00
32   10	|	3	1.00	0.00	3	1.00	0.00
32   11	|	37	0.97	0.05	38	1.00	0.00
32   12	|	175	0.85	0.52	144	0.70	0.30
32   13	|	27	0.68	1.18	6	0.15	0.85
32   14	|	41	0.82	0.64	18	0.36	0.64
32   15	|	13	0.72	1.50	4	0.22	0.78
32   16	|	4	1.00	0.00	4	1.00	0.00
32   18	|	9	0.90	1.10	6	0.60	0.40
32   19	|	260	0.59	1.41	106	0.24	1.17
32   20	|	27	0.49	1.69	2	0.04	1.51
32   21	|	28	0.82	0.71	2	0.06	1.35
32   22	|	25	0.36	2.78	69	1.00	0.00
32   23	|	2	0.04	5.44	50	1.00	0.00
32   24	|	15	0.33	2.96	46	1.00	0.00
32   25	|	45	0.38	2.61	42	0.36	0.64
32   26	|	4	0.13	4.50	3	0.10	0.90
32   27	|	13	0.46	2.82	6	0.21	0.79
32   29	|	5	0.71	1.71	7	1.00	0.00
32   30	|	2	0.33	2.00	3	0.50	0.50
32   32	|	44	0.85	0.33	41	0.79	0.21
32   33	|	2	1.00	0.00	2	1.00	0.00
32   34	|	82	0.75	0.67	56	0.51	0.66
32   35	|	6	0.55	1.09	3	0.27	0.91
32   36	|	114	0.89	0.30	128	1.00	0.00
32   37	|	15	0.68	1.50	22	1.00	0.00
32   38	|	21	0.88	0.25	24	1.00	0.00
32   39	|	11	0.73	0.73	15	1.00	0.00
32   40	|	107	0.73	0.71	93	0.64	0.36
32   41	|	205	0.70	1.03	157	0.53	0.47
32   42	|	4	0.10	3.98	12	0.30	0.70
32   43	|	12	0.60	2.45	14	0.70	0.30
32   44	|	8	1.00	0.00	3	0.38	0.63
32   45	|	103	0.28	3.32	60	0.17	1.34
32   46	|	14	0.19	3.89	3	0.04	1.55
32   47	|	8	0.33	3.00	2	0.08	1.54
32   48	|	16	0.23	4.35	69	1.00	0.00
32   49	|	3	0.18	5.71	17	1.00	0.00
32   50	|	3	0.16	4.84	19	1.00	0.00
32   51	|	41	0.19	4.23	61	0.28	0.72
32   52	|	2	0.10	4.10	20	1.00	0.00
32   53	|	4	0.05	5.15	16	0.22	0.78

33   1	|	87	1.00	0.00	87	1.00	0.00
33   2	|	7	1.00	0.00	7	1.00	0.00
33   3	|	125	0.98	0.02	101	0.80	0.20
33   4	|	1	1.00	0.00	1	1.00	0.00
33   5	|	2	1.00	0.00	2	1.00	0.00
33   6	|	7	1.00	0.00	7	1.00	0.00
33   7	|	53	0.88	0.50	36	0.60	0.53
33   8	|	1	0.50	3.00	0	0.00	2.00
33   9	|	95	0.91	0.26	104	1.00	0.00
33   10	|	3	0.75	0.25	4	1.00	0.00
33   11	|	11	1.00	0.00	11	1.00	0.00
33   12	|	42	0.68	1.08	41	0.66	0.34
33   13	|	4	0.24	3.71	2	0.12	0.88
33   14	|	9	0.82	0.82	5	0.45	0.55
33   15	|	2	0.22	4.22	1	0.11	0.89
33   16	|	1	1.00	0.00	1	1.00	0.00
33   17	|	2	0.67	2.00	2	0.67	0.67
33   18	|	1	0.50	2.00	1	0.50	0.50
33   19	|	55	0.35	2.78	25	0.16	1.32
33   20	|	5	0.26	3.74	0	0.00	1.63
33   21	|	2	0.33	3.33	0	0.00	1.67
33   22	|	12	0.31	3.05	39	1.00	0.00
33   23	|	2	0.05	5.41	39	1.00	0.00
33   24	|	4	0.22	3.28	18	1.00	0.00
33   25	|	14	0.36	2.59	14	0.36	0.64
33   26	|	1	0.06	6.00	4	0.25	0.75
33   27	|	4	0.24	4.65	0	0.00	1.00
33   28	|	1	1.00	0.00	1	1.00	0.00
33   29	|	1	0.50	3.50	2	1.00	0.00
33   32	|	10	0.91	0.45	10	0.91	0.09
33   33	|	1	1.00	0.00	1	1.00	0.00
33   34	|	30	0.77	0.49	23	0.59	0.59
33   35	|	2	0.50	2.00	0	0.00	2.00
33   36	|	29	0.81	0.50	36	1.00	0.00
33   37	|	3	0.30	3.10	10	1.00	0.00
33   38	|	6	1.00	0.00	6	1.00	0.00
33   39	|	6	1.00	0.00	6	1.00	0.00
33   40	|	28	0.68	1.15	25	0.61	0.39
33   41	|	46	0.61	1.66	37	0.49	0.51
33   42	|	2	0.08	3.76	6	0.24	0.76
33   43	|	9	0.64	2.14	7	0.50	0.50
33   44	|	4	1.00	0.00	3	0.75	0.25
33   45	|	29	0.13	4.17	23	0.10	1.40
33   46	|	3	0.06	4.57	0	0.00	1.70
33   47	|	3	0.23	4.31	1	0.08	1.69
33   48	|	4	0.10	5.05	41	1.00	0.00
33   51	|	7	0.06	5.42	21	0.17	0.83
33   52	|	1	0.08	4.08	13	1.00	0.00
33   53	|	2	0.06	5.90	5	0.16	0.84

34   1	|	1	1.00	0.00	1	1.00	0.00
34   3	|	7	1.00	0.00	4	0.57	0.57
34   5	|	1	1.00	0.00	0	0.00	1.00
34   7	|	14	0.82	0.24	6	0.35	1.12
34   9	|	4	0.67	0.67	5	0.83	0.17
34   11	|	3	1.00	0.00	2	0.67	0.33
34   12	|	6	0.67	1.44	3	0.33	1.00
34   13	|	1	0.20	2.00	0	0.00	1.40
34   14	|	1	0.50	1.50	1	0.50	1.00
34   17	|	1	1.00	0.00	1	1.00	0.00
34   19	|	12	0.31	1.82	2	0.05	2.08
34   22	|	2	0.25	3.38	4	0.50	0.50
34   23	|	1	0.05	4.43	5	0.24	0.76
34   24	|	1	0.08	4.17	2	0.17	0.83
34   26	|	1	0.13	5.25	0	0.00	1.88
34   27	|	1	0.33	1.00	0	0.00	1.67
34   32	|	3	1.00	0.00	3	1.00	0.00
34   34	|	4	0.57	1.86	3	0.43	1.00
34   36	|	3	0.75	0.75	3	0.75	0.25
34   37	|	2	0.67	2.00	2	0.67	0.33
34   38	|	1	1.00	0.00	1	1.00	0.00
34   40	|	1	0.25	2.25	1	0.25	1.50
34   41	|	14	0.52	1.85	9	0.33	0.96
34   43	|	1	0.33	2.00	0	0.00	1.67
34   44	|	1	0.50	4.00	1	0.50	1.00
34   45	|	17	0.19	3.03	4	0.04	2.24
34   46	|	2	0.08	4.40	0	0.00	2.32
34   47	|	1	0.20	3.60	1	0.20	2.00
34   48	|	3	0.14	3.67	4	0.19	0.81
34   50	|	1	0.25	4.50	1	0.25	0.75
34   51	|	3	0.05	4.92	1	0.02	1.82
34   52	|	1	0.33	3.33	0	0.00	1.00
34   53	|	1	0.06	4.12	0	0.00	1.53

35   1	|	43	1.00	0.00	41	0.95	0.05
35   2	|	1	1.00	0.00	1	1.00	0.00
35   3	|	54	0.87	0.23	38	0.61	0.55
35   4	|	3	1.00	0.00	3	1.00	0.00
35   5	|	1	0.50	2.50	0	0.00	1.00
35   6	|	2	1.00	0.00	1	0.50	0.50
35   7	|	83	0.90	0.14	46	0.50	0.77
35   8	|	1	1.00	0.00	1	1.00	0.00
35   9	|	42	0.86	0.31	34	0.69	0.31
35   10	|	1	1.00	0.00	0	0.00	1.00
35   11	|	7	1.00	0.00	7	1.00	0.00
35   12	|	83	0.70	0.87	62	0.53	0.61
35   13	|	17	0.45	1.66	3	0.08	1.37
35   14	|	23	0.82	1.07	10	0.36	0.93
35   15	|	3	0.30	1.90	2	0.20	1.20
35   16	|	1	1.00	0.00	1	1.00	0.00
35   17	|	3	1.00	0.00	0	0.00	2.33
35   18	|	4	0.40	1.30	1	0.10	1.20
35   19	|	130	0.41	2.01	47	0.15	1.78
35   20	|	11	0.39	2.57	2	0.07	2.21
35   21	|	13	0.52	2.00	1	0.04	2.08
35   22	|	17	0.34	2.80	26	0.52	0.48
35   23	|	2	0.03	4.81	9	0.14	0.86
35   24	|	16	0.36	3.02	17	0.38	0.62
35   25	|	25	0.23	3.34	16	0.15	1.35
35   26	|	4	0.13	3.97	0	0.00	1.84
35   27	|	3	0.13	3.87	0	0.00	1.57
35   30	|	1	0.25	3.25	0	0.00	1.25
35   32	|	22	0.92	0.21	16	0.67	0.42
35   34	|	43	0.68	0.56	27	0.43	0.92
35   35	|	5	0.42	1.17	2	0.17	1.42
35   36	|	17	0.71	0.96	18	0.75	0.25
35   37	|	4	0.36	2.09	3	0.27	0.73
35   38	|	2	1.00	0.00	2	1.00	0.00
35   39	|	3	1.00	0.00	3	1.00	0.00
35   40	|	36	0.61	1.19	27	0.46	0.80
35   41	|	102	0.56	1.51	61	0.33	0.98
35   42	|	7	0.17	2.59	3	0.07	1.46
35   43	|	11	0.55	1.35	8	0.40	0.70
35   44	|	9	0.82	0.73	7	0.64	0.45
35   45	|	61	0.15	3.29	20	0.05	2.21
35   46	|	14	0.13	3.57	0	0.00	2.35
35   47	|	13	0.45	2.10	1	0.03	2.17
35   48	|	12	0.13	4.32	14	0.15	0.85
35   50	|	4	0.20	3.85	4	0.20	0.80
35   51	|	37	0.12	4.13	30	0.10	1.52
35   53	|	18	0.21	4.26	4	0.05	1.61

36   1	|	13	0.87	0.47	9	0.60	0.60
36   2	|	2	0.67	0.33	3	1.00	0.00
36   3	|	28	0.76	0.54	20	0.54	0.92
36   4	|	1	1.00	0.00	1	1.00	0.00
36   6	|	2	1.00	0.00	2	1.00	0.00
36   7	|	44	0.56	1.22	20	0.25	1.82
36   8	|	1	0.33	3.00	0	0.00	3.33
36   9	|	28	0.58	1.44	23	0.48	0.85
36   11	|	1	1.00	0.00	0	0.00	1.00
36   12	|	31	0.35	2.43	18	0.20	1.83
36   13	|	9	0.17	3.58	2	0.04	2.19
36   14	|	5	0.42	2.67	1	0.08	2.08
36   15	|	4	0.16	3.32	0	0.00	2.28
36   16	|	1	1.00	0.00	0	0.00	3.00
36   19	|	34	0.07	3.78	5	0.01	3.22
36   20	|	5	0.08	4.06	0	0.00	3.40
36   21	|	1	0.25	3.50	0	0.00	3.50
36   22	|	12	0.10	4.30	9	0.08	1.62
36   23	|	2	0.03	5.32	1	0.01	1.79
36   24	|	2	0.13	4.40	0	0.00	1.87
36   25	|	16	0.08	4.76	4	0.02	2.55
36   27	|	1	0.07	5.27	0	0.00	2.47
36   28	|	1	0.17	5.17	0	0.00	1.67
36   29	|	1	0.20	4.80	1	0.20	1.60
36   30	|	1	0.05	5.09	0	0.00	2.36
36   32	|	3	0.38	1.13	1	0.13	1.75
36   34	|	28	0.32	1.69	6	0.07	2.61
36   35	|	1	0.14	2.43	0	0.00	2.57
36   36	|	11	0.24	2.53	12	0.27	1.27
36   37	|	5	0.33	2.27	2	0.13	1.47
36   38	|	2	1.00	0.00	1	0.50	0.50
36   40	|	24	0.24	2.75	10	0.10	2.20
36   41	|	34	0.13	3.39	11	0.04	2.40
36   45	|	2	0.06	3.12	0	0.00	3.45
36   53	|	2	0.05	4.41	1	0.03	2.49

37   1	|	14	1.00	0.00	9	0.64	0.57
37   2	|	1	1.00	0.00	1	1.00	0.00
37   3	|	6	0.55	1.09	3	0.27	1.55
37   5	|	1	1.00	0.00	0	0.00	1.00
37   6	|	2	1.00	0.00	1	0.50	0.50
37   7	|	18	0.50	1.36	6	0.17	2.06
37   9	|	11	0.61	1.17	6	0.33	1.11
37   11	|	2	0.67	1.00	1	0.33	1.33
37   12	|	19	0.25	2.82	6	0.08	2.36
37   13	|	4	0.07	4.11	2	0.04	2.44
37   14	|	6	0.23	2.81	2	0.08	2.19
37   15	|	4	0.14	3.68	0	0.00	2.46
37   18	|	1	0.13	6.00	1	0.13	2.00
37   19	|	40	0.10	3.76	7	0.02	3.21
37   20	|	3	0.04	3.83	0	0.00	3.46
37   21	|	4	0.14	2.89	0	0.00	3.18
37   22	|	8	0.07	4.51	3	0.03	1.69
37   23	|	7	0.02	5.12	5	0.01	1.72
37   24	|	5	0.03	4.88	3	0.02	1.74
37   25	|	7	0.03	4.78	3	0.01	2.56
37   26	|	2	0.03	5.03	0	0.00	2.66
37   27	|	3	0.07	4.47	0	0.00	2.49
37   28	|	1	0.33	3.67	0	0.00	1.67
37   32	|	5	0.33	1.73	2	0.13	1.67
37   34	|	14	0.38	1.92	5	0.14	2.35
37   35	|	4	0.17	3.17	1	0.04	2.71
37   36	|	7	0.23	3.20	5	0.17	1.47
37   37	|	4	0.08	3.79	1	0.02	1.66
37   39	|	1	0.17	3.67	1	0.17	1.67
37   40	|	12	0.38	2.88	8	0.25	1.59
37   41	|	31	0.14	3.62	8	0.04	2.32
37   42	|	18	0.08	3.64	0	0.00	2.43
37   43	|	5	0.10	3.69	4	0.08	2.20
37   44	|	1	0.20	2.40	1	0.20	2.00
37   45	|	71	0.05	3.99	3	0.00	3.31
37   46	|	16	0.03	4.18	1	0.00	3.27
37   47	|	7	0.08	4.13	0	0.00	3.30
37   48	|	8	0.02	5.03	6	0.02	1.72
37   49	|	4	0.03	5.01	5	0.03	1.71
37   50	|	1	0.01	5.08	1	0.01	1.69
37   51	|	40	0.03	4.94	6	0.00	2.55
37   53	|	7	0.02	5.11	1	0.00	2.51

38   1	|	16	0.84	0.26	15	0.79	0.21
38   3	|	10	0.77	0.62	10	0.77	0.31
38   7	|	17	0.47	1.75	11	0.31	1.42
38   9	|	7	0.41	3.71	6	0.35	0.65
38   11	|	1	1.00	0.00	1	1.00	0.00
38   12	|	10	0.22	3.69	8	0.18	1.33
38   13	|	2	0.04	4.93	0	0.00	1.67
38   14	|	1	0.20	4.00	1	0.20	1.40
38   15	|	1	0.07	5.07	0	0.00	1.86
38   19	|	20	0.06	4.84	4	0.01	2.43
38   20	|	3	0.06	4.51	0	0.00	2.59
38   21	|	1	0.20	4.00	0	0.00	2.60
38   22	|	5	0.09	6.09	7	0.13	0.88
38   23	|	1	0.02	6.06	5	0.11	0.89
38   25	|	6	0.05	5.83	3	0.02	1.77
38   34	|	12	0.39	1.90	6	0.19	1.42
38   35	|	1	0.25	3.50	1	0.25	1.75
38   36	|	5	0.20	3.44	6	0.24	0.76
38   40	|	5	0.08	4.84	4	0.06	1.61
38   41	|	12	0.09	4.55	14	0.10	1.55

39   1	|	5	1.00	0.00	4	0.80	0.20
39   3	|	7	1.00	0.00	7	1.00	0.00
39   6	|	1	1.00	0.00	1	1.00	0.00
39   7	|	10	0.83	0.17	4	0.33	1.08
39   9	|	4	0.80	0.40	3	0.60	0.40
39   11	|	1	1.00	0.00	1	1.00	0.00
39   12	|	6	0.67	1.11	3	0.33	1.00
39   13	|	1	1.00	0.00	0	0.00	1.00
39   14	|	4	1.00	0.00	2	0.50	0.50
39   15	|	1	1.00	0.00	1	1.00	0.00
39   18	|	1	1.00	0.00	1	1.00	0.00
39   19	|	12	0.33	3.11	5	0.14	2.11
39   22	|	2	0.22	3.78	2	0.22	0.78
39   24	|	3	0.30	4.10	3	0.30	0.70
39   25	|	3	0.16	3.95	3	0.16	1.32
39   27	|	1	0.25	2.50	1	0.25	1.50
39   32	|	1	0.50	0.50	2	1.00	0.00
39   34	|	1	0.25	2.50	0	0.00	2.25
39   36	|	1	0.25	2.25	2	0.50	0.50
39   40	|	1	0.14	3.00	1	0.14	1.43
39   41	|	5	0.50	1.90	3	0.30	1.00
39   42	|	5	0.38	2.85	0	0.00	1.62
39   43	|	1	1.00	0.00	1	1.00	0.00
39   45	|	6	0.07	3.90	0	0.00	2.42
39   46	|	3	0.08	3.56	0	0.00	2.47
39   47	|	1	0.25	3.25	0	0.00	2.75
39   49	|	2	0.10	4.24	0	0.00	1.00
39   51	|	4	0.05	4.60	3	0.04	1.65
39   52	|	1	0.50	3.50	0	0.00	1.00
39   53	|	2	0.12	5.06	0	0.00	1.76

40   1	|	87	1.00	0.00	74	0.85	0.15
40   2	|	5	1.00	0.00	5	1.00	0.00
40   3	|	124	0.98	0.02	96	0.76	0.26
40   5	|	4	0.80	0.40	4	0.80	0.20
40   6	|	2	1.00	0.00	2	1.00	0.00
40   7	|	151	0.93	0.12	85	0.52	0.74
40   9	|	83	0.97	0.06	70	0.81	0.19
40   11	|	7	1.00	0.00	5	0.71	0.29
40   12	|	87	0.87	0.41	55	0.55	0.55
40   13	|	26	0.72	0.81	5	0.14	1.11
40   14	|	37	0.82	0.33	13	0.29	0.93
40   16	|	1	0.50	1.00	1	0.50	0.50
40   17	|	2	0.67	2.00	0	0.00	1.67
40   18	|	2	0.67	2.33	1	0.33	1.00
40   22	|	25	0.66	1.89	19	0.50	0.50
40   28	|	1	1.00	0.00	1	1.00	0.00
40   29	|	3	0.75	1.25	3	0.75	0.25
40   32	|	30	0.91	0.12	21	0.64	0.42
40   34	|	55	0.92	0.15	29	0.48	0.78
40   35	|	8	0.89	0.22	5	0.56	0.67
40   36	|	53	0.93	0.09	47	0.82	0.18
40   38	|	4	1.00	0.00	4	1.00	0.00
40   39	|	1	0.50	2.50	1	0.50	0.50
40   40	|	55	0.81	0.37	31	0.46	0.71
40   41	|	117	0.68	0.81	67	0.39	0.81

41   1	|	176	1.00	0.00	136	0.77	0.27
41   2	|	9	1.00	0.00	8	0.89	0.11
41   3	|	196	0.97	0.10	130	0.64	0.51
41   4	|	2	1.00	0.00	1	0.50	0.50
41   5	|	6	0.86	0.29	6	0.86	0.29
41   6	|	8	1.00	0.00	5	0.63	0.38
41   7	|	254	0.92	0.21	123	0.45	0.99
41   9	|	153	0.94	0.14	132	0.81	0.23
41   11	|	17	0.94	0.11	13	0.72	0.28
41   12	|	153	0.79	0.69	91	0.47	0.85
41   13	|	51	0.65	1.22	7	0.09	1.73
41   14	|	53	0.84	0.43	11	0.17	1.44
41   15	|	21	0.64	1.61	1	0.03	1.64
41   16	|	3	1.00	0.00	2	0.67	0.33
41   17	|	2	0.50	1.00	1	0.25	2.50
41   22	|	35	0.27	3.11	32	0.24	1.19
41   23	|	7	0.05	4.14	9	0.07	1.51
41   24	|	19	0.31	3.32	13	0.21	1.24
41   32	|	41	0.89	0.15	22	0.48	0.93
41   34	|	105	0.82	0.45	41	0.32	1.41
41   35	|	10	0.71	0.71	2	0.14	1.71
41   36	|	83	0.81	0.50	74	0.73	0.39
41   37	|	9	0.39	2.43	6	0.26	1.13
41   38	|	8	1.00	0.00	6	0.75	0.25
41   39	|	6	1.00	0.00	2	0.33	0.67
41   40	|	95	0.73	0.79	55	0.42	1.03
41   41	|	236	0.61	1.28	117	0.30	1.36
41   44	|	20	0.95	0.14	4	0.19	1.57
41   48	|	9	0.17	3.24	6	0.11	1.41
41   53	|	16	0.23	3.74	2	0.03	2.09

42   1	|	142	1.00	0.00	121	0.85	0.15
42   2	|	8	1.00	0.00	8	1.00	0.00
42   3	|	162	0.95	0.12	102	0.60	0.46
42   4	|	8	1.00	0.00	4	0.50	0.63
42   5	|	4	0.67	1.50	4	0.67	0.33
42   6	|	8	0.89	0.11	5	0.56	0.44
42   7	|	222	0.91	0.28	116	0.48	0.81
42   9	|	106	0.88	0.43	97	0.81	0.19
42   11	|	11	0.92	0.17	10	0.83	0.17
42   12	|	115	0.72	1.02	76	0.48	0.72
42   13	|	32	0.42	2.82	6	0.08	1.42
42   14	|	55	0.83	0.52	20	0.30	0.89
42   16	|	1	0.33	3.00	1	0.33	1.00
42   22	|	34	0.28	3.46	47	0.39	0.61
42   29	|	5	0.83	1.17	4	0.67	0.33
42   32	|	41	0.87	0.28	28	0.60	0.49
42   34	|	100	0.78	0.75	39	0.30	1.25
42   35	|	9	0.64	0.57	3	0.21	1.43
42   36	|	54	0.75	1.03	48	0.67	0.33
42   37	|	5	0.21	2.79	10	0.42	0.58
42   38	|	4	0.67	0.50	4	0.67	0.33
42   39	|	1	0.50	1.00	2	1.00	0.00
42   40	|	81	0.69	1.20	43	0.36	0.87
42   41	|	164	0.55	1.85	84	0.28	1.02
42   42	|	8	0.15	4.29	0	0.00	1.71
42   43	|	11	0.73	0.93	6	0.40	0.73
42   44	|	17	0.85	0.90	4	0.20	0.90
42   49	|	1	0.50	2.00	0	0.00	1.00

43   1	|	40	0.95	0.05	39	0.93	0.07
43   3	|	46	0.92	0.20	33	0.66	0.40
43   6	|	1	1.00	0.00	1	1.00	0.00
43   7	|	64	0.82	0.59	31	0.40	1.15
43   9	|	34	0.87	0.46	30	0.77	0.23
43   12	|	24	0.49	1.82	25	0.51	0.71
43   13	|	11	0.21	3.54	2	0.04	1.54
43   23	|	4	0.03	5.39	11	0.09	0.91
43   24	|	4	0.11	5.06	7	0.19	0.81
43   29	|	1	0.33	3.33	0	0.00	1.00
43   30	|	2	0.22	3.00	2	0.22	1.44
43   33	|	1	1.00	0.00	0	0.00	2.00
43   34	|	21	0.58	1.44	9	0.25	1.53
43   36	|	14	0.52	1.78	11	0.41	0.59
43   38	|	3	1.00	0.00	2	0.67	0.33
43   40	|	20	0.33	2.65	11	0.18	1.27
43   41	|	51	0.35	2.68	30	0.21	1.27
43   52	|	1	0.05	5.10	2	0.10	0.90

44   1	|	25	1.00	0.00	17	0.68	0.44
44   3	|	36	0.95	0.24	24	0.63	0.50
44   5	|	1	0.50	0.50	0	0.00	2.00
44   6	|	1	0.50	3.50	1	0.50	1.00
44   7	|	44	0.76	0.90	20	0.34	1.38
44   9	|	22	0.79	1.07	17	0.61	0.46
44   12	|	20	0.44	2.82	12	0.27	1.51
44   23	|	2	0.02	5.78	0	0.00	1.79
44   29	|	1	0.33	4.00	1	0.33	1.33
44   34	|	10	0.36	2.54	5	0.18	2.11
44   36	|	17	0.68	1.40	10	0.40	0.92
44   38	|	1	0.50	2.00	0	0.00	1.50
44   41	|	42	0.28	3.44	15	0.10	2.17

45   1	|	9	1.00	0.00	8	0.89	0.11
45   3	|	9	0.90	0.20	4	0.40	0.70
45   7	|	22	1.00	0.00	13	0.59	0.41
45   9	|	7	0.88	0.13	7	0.88	0.13
45   12	|	2	0.40	1.60	3	0.60	0.80
45   13	|	3	0.75	1.00	0	0.00	1.50
45   14	|	1	1.00	0.00	0	0.00	1.00
45   24	|	1	0.50	3.00	1	0.50	0.50
45   35	|	1	1.00	0.00	0	0.00	1.00
45   36	|	1	1.00	0.00	0	0.00	1.00
45   42	|	1	0.50	1.00	0	0.00	1.00

46   1	|	22	1.00	0.00	19	0.86	0.14
46   2	|	2	1.00	0.00	2	1.00	0.00
46   3	|	24	0.83	0.45	14	0.48	0.90
46   4	|	4	0.80	0.60	1	0.20	2.00
46   5	|	2	1.00	0.00	1	0.50	1.00
46   7	|	33	0.65	0.96	7	0.14	2.14
46   9	|	19	0.63	1.10	17	0.57	0.67
46   11	|	1	0.33	3.33	0	0.00	1.33
46   12	|	30	0.39	2.12	20	0.26	1.73
46   14	|	12	0.48	2.00	1	0.04	2.00
46   16	|	1	1.00	0.00	0	0.00	1.00
46   17	|	1	0.20	2.80	0	0.00	3.40
46   18	|	2	0.40	3.00	1	0.20	1.80
46   30	|	2	0.22	3.56	1	0.11	2.22
46   34	|	17	0.55	1.35	5	0.16	2.35
46   35	|	10	0.53	1.74	1	0.05	2.63
46   36	|	14	0.41	1.56	12	0.35	0.97
46   38	|	1	1.00	0.00	1	1.00	0.00
46   40	|	16	0.32	2.30	10	0.20	1.90
46   41	|	60	0.31	2.16	13	0.07	2.12
46   42	|	24	0.28	2.73	1	0.01	2.34

47   1	|	3	1.00	0.00	3	1.00	0.00
47   3	|	2	1.00	0.00	2	1.00	0.00
47   8	|	2	1.00	0.00	0	0.00	1.00
47   11	|	1	1.00	0.00	1	1.00	0.00
47   14	|	3	0.75	0.50	0	0.00	1.75
47   35	|	2	1.00	0.00	1	0.50	0.50
47   36	|	2	0.67	0.67	2	0.67	0.33
47   43	|	1	0.50	3.00	2	1.00	0.00

48   1	|	8	1.00	0.00	6	0.75	0.25
48   2	|	1	1.00	0.00	1	1.00	0.00
48   3	|	9	1.00	0.00	7	0.78	0.22
48   5	|	1	1.00	0.00	0	0.00	1.00
48   9	|	4	0.80	0.40	4	0.80	0.40
48   12	|	5	0.83	1.00	2	0.33	1.17
48   14	|	5	0.71	0.57	1	0.14	1.14
48   15	|	1	1.00	0.00	0	0.00	1.00
48   36	|	5	0.83	1.17	5	0.83	0.33
48   42	|	1	0.20	3.00	1	0.20	1.40

50   1	|	319	1.00	0.00	275	0.86	0.14
50   2	|	18	1.00	0.00	14	0.78	0.22
50   3	|	386	0.97	0.05	231	0.58	0.52
50   5	|	7	1.00	0.00	5	0.71	0.29
50   6	|	9	1.00	0.00	7	0.78	0.22
50   7	|	205	0.93	0.13	89	0.40	0.95
50   9	|	254	0.93	0.15	238	0.87	0.13
50   11	|	23	1.00	0.00	19	0.83	0.17
50   12	|	110	0.76	0.58	53	0.37	0.84
50   13	|	51	0.73	0.83	5	0.07	1.20
50   14	|	56	0.86	0.35	15	0.23	0.98
50   15	|	20	0.91	0.36	3	0.14	1.05
50   16	|	2	1.00	0.00	0	0.00	1.00
50   17	|	2	1.00	0.00	1	0.50	0.50
50   18	|	8	0.89	0.67	6	0.67	0.33
50   22	|	52	0.44	1.79	66	0.56	0.44
50   24	|	18	0.43	1.86	28	0.67	0.33
50   32	|	35	0.97	0.03	21	0.58	0.47
50   34	|	123	0.95	0.10	41	0.32	1.10
50   35	|	16	0.89	0.56	5	0.28	1.06
50   36	|	84	0.82	0.38	75	0.74	0.26
50   37	|	21	0.75	0.71	15	0.54	0.46
50   38	|	7	1.00	0.00	4	0.57	0.43
50   39	|	3	0.75	0.50	4	1.00	0.00
50   40	|	79	0.63	1.04	44	0.35	0.82
50   41	|	236	0.73	0.67	105	0.33	0.90
50   42	|	13	0.43	1.57	2	0.07	1.23
50   43	|	12	0.67	0.83	6	0.33	0.94
50   53	|	5	0.24	2.10	3	0.14	1.29

51   1	|	529	0.98	0.02	368	0.68	0.36
51   2	|	27	0.96	0.21	22	0.79	0.29
51   3	|	769	0.95	0.13	360	0.44	0.82
51   4	|	22	0.81	0.67	7	0.26	1.04
51   5	|	25	0.86	0.45	18	0.62	0.48
51   6	|	19	0.90	0.10	12	0.57	0.48
51   7	|	454	0.85	0.42	140	0.26	1.49
51   9	|	484	0.84	0.49	359	0.62	0.46
51   10	|	12	0.55	1.55	9	0.41	0.77
51   11	|	33	0.87	0.45	25	0.66	0.42
51   12	|	268	0.55	1.44	97	0.20	1.47
51   13	|	119	0.34	2.20	17	0.05	1.83
51   14	|	107	0.61	1.24	25	0.14	1.51
51   15	|	51	0.41	2.35	5	0.04	1.82
51   16	|	4	0.67	1.67	1	0.17	1.17
51   18	|	10	0.42	3.42	5	0.21	1.25
51   22	|	96	0.16	3.64	116	0.20	1.11
51   23	|	51	0.07	4.28	83	0.11	1.25
51   24	|	59	0.17	3.48	61	0.18	1.14
51   32	|	127	0.88	0.34	42	0.29	1.23
51   34	|	273	0.71	0.91	46	0.12	1.98
51   35	|	44	0.58	1.47	2	0.03	2.20
51   36	|	205	0.60	1.30	133	0.39	0.79
51   37	|	65	0.42	2.12	32	0.21	1.02
51   38	|	11	0.69	1.38	8	0.50	0.63
51   39	|	11	0.44	2.04	5	0.20	1.08
51   40	|	155	0.44	1.79	65	0.19	1.56
51   41	|	536	0.42	1.95	140	0.11	1.68
51   42	|	80	0.29	2.55	15	0.05	1.90
51   43	|	33	0.38	2.17	8	0.09	1.82
51   44	|	41	0.71	1.00	7	0.12	1.53
51   48	|	42	0.09	3.91	62	0.14	1.21
51   52	|	15	0.10	4.32	16	0.10	1.27
51   53	|	22	0.06	4.41	12	0.03	1.97

52   1	|	435	0.99	0.04	375	0.85	0.15
52   2	|	23	0.92	0.12	20	0.80	0.20
52   3	|	499	0.92	0.20	309	0.57	0.54
52   4	|	10	0.77	0.92	6	0.46	0.69
52   5	|	14	0.61	1.26	10	0.43	0.57
52   6	|	14	0.82	0.47	14	0.82	0.18
52   7	|	335	0.83	0.51	117	0.29	1.15
52   9	|	366	0.82	0.68	381	0.86	0.14
52   11	|	27	0.77	0.71	27	0.77	0.23
52   12	|	155	0.45	2.12	112	0.33	0.93
52   13	|	82	0.32	3.09	33	0.13	1.17
52   14	|	63	0.53	1.90	27	0.23	1.10
52   22	|	58	0.12	4.84	275	0.57	0.43
52   23	|	17	0.02	5.32	387	0.54	0.46
52   24	|	26	0.10	4.68	155	0.57	0.43
52   28	|	2	0.10	5.67	11	0.52	0.48
52   29	|	2	0.11	5.28	11	0.61	0.39
52   32	|	63	0.66	1.14	46	0.48	0.67
52   34	|	188	0.69	1.07	56	0.20	1.39
52   35	|	25	0.39	2.55	8	0.13	1.61
52   36	|	135	0.52	1.75	164	0.64	0.36
52   37	|	41	0.31	2.97	68	0.51	0.49
52   38	|	9	0.56	1.50	11	0.69	0.31
52   39	|	10	0.42	2.58	19	0.79	0.21
52   40	|	121	0.39	2.67	90	0.29	0.99
52   41	|	317	0.33	2.88	190	0.20	1.08
52   42	|	37	0.13	4.06	38	0.13	1.19
52   43	|	23	0.24	3.29	20	0.21	1.14
52   44	|	23	0.66	1.89	4	0.11	1.09
52   53	|	17	0.05	5.16	38	0.11	1.25

53   1	|	112	0.94	0.18	97	0.82	0.18
53   2	|	11	1.00	0.00	9	0.82	0.18
53   3	|	127	0.80	0.54	90	0.57	0.50
53   7	|	78	0.60	1.48	35	0.27	1.41
53   9	|	77	0.58	1.45	98	0.74	0.26
53   11	|	14	0.88	0.13	15	0.94	0.06
53   12	|	50	0.30	2.77	36	0.22	1.14
53   13	|	33	0.17	3.59	26	0.14	1.15
53   14	|	17	0.33	3.37	11	0.21	1.06
53   22	|	16	0.04	5.06	200	0.55	0.45
53   23	|	10	0.02	5.62	303	0.51	0.49
53   24	|	13	0.07	5.49	102	0.55	0.45
53   32	|	18	0.47	1.53	12	0.32	0.84
53   34	|	45	0.38	2.13	13	0.11	1.52
53   35	|	12	0.27	2.82	2	0.05	1.82
53   36	|	43	0.30	3.05	88	0.62	0.38
53   40	|	22	0.12	3.57	22	0.12	1.27
53   41	|	98	0.17	3.68	107	0.18	1.07
53   42	|	23	0.09	4.19	41	0.15	1.20
53   52	|	2	0.02	5.46	67	0.53	0.47

54   1	|	79	0.90	0.32	63	0.72	0.34
54   2	|	6	1.00	0.00	6	1.00	0.00
54   3	|	105	0.75	0.80	48	0.34	1.10
54   7	|	64	0.54	1.77	19	0.16	1.87
54   9	|	53	0.46	2.29	43	0.38	0.84
54   11	|	7	0.70	1.10	5	0.50	0.70
54   12	|	30	0.18	3.43	14	0.08	1.84
54   14	|	14	0.26	3.57	7	0.13	1.92
54   22	|	12	0.03	5.62	37	0.08	1.29
54   23	|	8	0.01	5.71	73	0.09	1.28
54   24	|	4	0.02	5.52	24	0.12	1.26
54   28	|	1	0.04	5.25	2	0.07	1.46
54   32	|	29	0.51	1.53	12	0.21	1.47
54   34	|	40	0.30	2.47	5	0.04	2.48
54   36	|	40	0.27	2.99	32	0.22	1.16
54   40	|	22	0.13	4.00	11	0.07	1.95
54   41	|	99	0.16	3.89	35	0.06	1.88
54   42	|	17	0.07	4.38	11	0.05	2.05

55   1	|	24	1.00	0.00	22	0.92	0.08
55   3	|	31	0.91	0.12	19	0.56	0.56
55   5	|	1	1.00	0.00	0	0.00	1.00
55   7	|	9	1.00	0.00	0	0.00	1.56
55   9	|	19	1.00	0.00	16	0.84	0.16
55   11	|	1	1.00	0.00	1	1.00	0.00
55   13	|	3	0.60	2.20	1	0.20	1.00
55   14	|	4	0.80	0.40	1	0.20	1.20
55   30	|	1	1.00	0.00	0	0.00	1.00
55   41	|	12	0.41	1.72	6	0.21	1.10
55   43	|	2	1.00	0.00	1	0.50	0.50
55   44	|	3	1.00	0.00	1	0.33	0.67
55   52	|	1	0.25	2.75	2	0.50	0.50


57   1	|	15	1.00	0.00	13	0.87	0.13
57   2	|	2	1.00	0.00	1	0.50	0.50
57   3	|	10	0.71	0.57	5	0.36	0.71
57   9	|	10	0.71	0.50	10	0.71	0.29
57   13	|	19	0.59	1.31	4	0.13	1.00
57   18	|	1	1.00	0.00	1	1.00	0.00
57   23	|	5	0.12	3.46	21	0.51	0.49
57   36	|	7	0.50	1.14	8	0.57	0.43
57   38	|	1	1.00	0.00	1	1.00	0.00
57   41	|	14	0.25	2.22	8	0.15	1.29
57   42	|	14	0.47	1.97	4	0.13	1.07

58   1	|	19	1.00	0.00	14	0.74	0.26
58   3	|	32	0.97	0.06	23	0.70	0.48
58   4	|	1	1.00	0.00	0	0.00	2.00
58   5	|	2	1.00	0.00	2	1.00	0.00
58   7	|	13	0.81	0.38	4	0.25	1.19
58   9	|	20	1.00	0.00	18	0.90	0.10
58   11	|	2	1.00	0.00	1	0.50	0.50
58   12	|	7	0.58	1.50	3	0.25	1.25
58   15	|	1	0.50	0.50	0	0.00	2.50
58   41	|	18	0.53	1.09	11	0.32	0.97
58   44	|	2	1.00	0.00	0	0.00	1.00
58   48	|	1	0.09	3.55	3	0.27	0.91

60   1	|	4	0.80	0.20	5	1.00	0.00
60   2	|	3	1.00	0.00	3	1.00	0.00
60   3	|	5	0.71	0.57	4	0.57	0.43
60   4	|	3	1.00	0.00	3	1.00	0.00
60   5	|	3	1.00	0.00	3	1.00	0.00
60   9	|	2	0.67	1.67	3	1.00	0.00
60   10	|	2	1.00	0.00	2	1.00	0.00
60   12	|	8	0.53	1.53	3	0.20	0.80
60   13	|	5	0.28	2.11	3	0.17	0.83
60   14	|	5	0.38	1.62	5	0.38	0.62
60   15	|	17	0.81	0.62	11	0.52	0.48
60   17	|	1	1.00	0.00	0	0.00	2.00
60   18	|	2	0.25	3.63	3	0.38	0.63
60   22	|	1	0.03	3.75	32	1.00	0.00
60   23	|	4	0.07	4.31	54	1.00	0.00
60   24	|	2	0.13	3.44	16	1.00	0.00
60   28	|	4	1.00	0.00	4	1.00	0.00
60   32	|	1	1.00	0.00	0	0.00	1.00
60   33	|	1	1.00	0.00	1	1.00	0.00
60   34	|	6	0.50	1.42	5	0.42	0.92
60   35	|	3	0.38	1.25	3	0.38	1.25
60   36	|	8	0.42	1.47	19	1.00	0.00
60   37	|	4	0.36	1.91	11	1.00	0.00
60   39	|	1	0.25	3.50	4	1.00	0.00
60   40	|	1	0.10	2.50	3	0.30	0.70
60   41	|	27	0.36	1.69	17	0.23	0.77
60   42	|	9	0.18	3.28	14	0.28	0.72
60   43	|	1	0.10	2.80	3	0.30	0.70
60   44	|	3	0.75	1.50	0	0.00	1.00
60   48	|	2	0.03	4.15	59	1.00	0.00
60   52	|	9	0.33	2.37	27	1.00	0.00
60   53	|	18	0.23	3.24	13	0.16	0.84

61   1	|	2	1.00	0.00	2	1.00	0.00
61   2	|	4	1.00	0.00	4	1.00	0.00
61   3	|	5	0.83	0.33	6	1.00	0.00
61   5	|	3	1.00	0.00	3	1.00	0.00
61   6	|	1	1.00	0.00	1	1.00	0.00
61   7	|	3	1.00	0.00	1	0.33	1.33
61   9	|	2	0.33	3.83	6	1.00	0.00
61   11	|	1	1.00	0.00	1	1.00	0.00
61   12	|	3	0.25	2.33	1	0.08	0.92
61   13	|	6	0.50	1.42	6	0.50	0.50
61   14	|	3	0.33	1.56	5	0.56	0.44
61   15	|	9	0.82	0.64	3	0.27	0.73
61   18	|	2	0.50	3.00	2	0.50	0.50
61   23	|	3	0.10	4.43	30	1.00	0.00
61   28	|	2	0.40	1.40	5	1.00	0.00
61   30	|	2	0.40	1.60	2	0.40	0.60
61   32	|	3	1.00	0.00	3	1.00	0.00
61   33	|	1	1.00	0.00	1	1.00	0.00
61   34	|	4	0.67	1.17	2	0.33	0.67
61   36	|	11	0.65	0.94	17	1.00	0.00
61   37	|	13	0.81	0.56	16	1.00	0.00
61   39	|	3	1.00	0.00	3	1.00	0.00
61   40	|	2	0.33	4.33	2	0.33	0.67
61   41	|	22	0.37	1.70	23	0.38	0.62
61   42	|	11	0.31	2.39	14	0.39	0.61
61   43	|	3	0.60	1.00	1	0.20	0.80
61   44	|	2	1.00	0.00	2	1.00	0.00
61   48	|	5	0.13	4.05	39	1.00	0.00
61   49	|	3	0.30	4.20	10	1.00	0.00
61   50	|	1	0.25	2.50	4	1.00	0.00
61   52	|	5	0.50	1.80	10	1.00	0.00
61   53	|	6	0.23	4.27	8	0.31	0.69

71   1	|	2	1.00	0.00	2	1.00	0.00
71   3	|	1	1.00	0.00	1	1.00	0.00
71   4	|	1	0.50	1.50	2	1.00	0.00
71   5	|	3	0.75	1.00	4	1.00	0.00
71   7	|	1	0.50	1.00	0	0.00	2.50
71   12	|	5	0.45	1.55	1	0.09	1.27
71   13	|	3	0.27	2.45	3	0.27	0.91
71   14	|	2	0.50	1.00	1	0.25	0.75
71   15	|	5	0.56	1.11	3	0.33	0.89
71   17	|	1	1.00	0.00	0	0.00	3.00
71   18	|	1	0.25	3.00	0	0.00	1.25
71   22	|	6	0.33	2.89	13	0.72	0.28
71   23	|	1	0.03	4.78	18	0.56	0.44
71   24	|	3	0.21	3.57	11	0.79	0.21
71   28	|	2	1.00	0.00	2	1.00	0.00
71   30	|	3	0.27	1.91	3	0.27	0.91
71   32	|	3	0.60	1.20	2	0.40	0.80
71   34	|	1	0.50	0.50	0	0.00	2.00
71   36	|	11	0.73	0.80	9	0.60	0.40
71   37	|	4	0.57	2.00	4	0.57	0.43
71   38	|	1	1.00	0.00	1	1.00	0.00
71   39	|	2	0.67	1.00	3	1.00	0.00
71   41	|	21	0.38	1.80	14	0.25	0.89
71   42	|	6	0.27	2.32	5	0.23	0.95
71   43	|	1	0.11	3.00	3	0.33	0.89
71   48	|	3	0.11	4.07	14	0.52	0.48
71   52	|	7	0.58	2.25	7	0.58	0.42
71   53	|	7	0.21	3.55	2	0.06	1.36

72   1	|	1	1.00	0.00	1	1.00	0.00
72   3	|	1	0.50	2.00	0	0.00	1.50
72   5	|	2	0.67	1.67	2	0.67	0.33
72   8	|	1	1.00	0.00	0	0.00	1.00
72   12	|	2	0.25	3.00	1	0.13	1.00
72   13	|	2	0.33	1.67	0	0.00	1.17
72   14	|	3	0.50	1.67	2	0.33	1.00
72   15	|	6	0.86	0.57	5	0.71	0.29
72   18	|	1	0.50	0.50	0	0.00	1.00
72   22	|	2	0.22	4.11	5	0.56	0.44
72   24	|	1	0.33	3.67	3	1.00	0.00
72   28	|	2	1.00	0.00	1	0.50	0.50
72   30	|	3	0.43	1.71	0	0.00	1.57
72   32	|	3	1.00	0.00	1	0.33	0.67
72   34	|	1	0.50	0.50	0	0.00	2.00
72   35	|	1	0.50	2.50	0	0.00	1.50
72   36	|	5	0.56	1.56	7	0.78	0.22
72   37	|	1	0.20	2.00	3	0.60	0.40
72   38	|	1	1.00	0.00	1	1.00	0.00
72   39	|	1	0.50	1.00	1	0.50	0.50
72   41	|	16	0.31	2.52	11	0.21	1.12
72   42	|	3	0.19	3.50	5	0.31	0.81
72   48	|	2	0.12	3.94	9	0.53	0.47
72   52	|	1	0.14	3.14	3	0.43	0.57
72   53	|	4	0.20	4.35	1	0.05	1.35

80   1	|	69	0.99	0.01	62	0.89	0.11
80   2	|	5	1.00	0.00	4	0.80	0.20
80   3	|	85	0.94	0.12	66	0.73	0.31
80   4	|	4	1.00	0.00	3	0.75	0.25
80   5	|	1	1.00	0.00	1	1.00	0.00
80   6	|	3	1.00	0.00	3	1.00	0.00
80   7	|	42	0.84	0.64	22	0.44	0.96
80   9	|	58	0.89	0.28	57	0.88	0.12
80   11	|	6	1.00	0.00	6	1.00	0.00
80   12	|	30	0.77	0.92	20	0.51	0.69
80   13	|	2	0.29	3.86	1	0.14	1.14
80   14	|	10	0.83	0.75	3	0.25	0.92
80   15	|	1	0.17	5.67	2	0.33	1.17
80   18	|	1	0.25	3.25	0	0.00	1.25
80   19	|	35	0.27	3.30	14	0.11	2.05
80   20	|	2	0.13	4.00	0	0.00	2.44
80   21	|	6	0.35	3.41	2	0.12	2.12
80   22	|	4	0.15	4.19	11	0.42	0.58
80   23	|	2	0.04	5.82	7	0.13	0.87
80   24	|	5	0.18	5.18	7	0.25	0.75
80   25	|	5	0.14	4.81	4	0.11	1.32
80   26	|	3	0.13	5.58	3	0.13	1.54
80   27	|	2	0.14	4.07	1	0.07	1.57
80   29	|	1	1.00	0.00	1	1.00	0.00
80   32	|	10	0.83	0.83	8	0.67	0.33
80   34	|	5	0.42	1.83	3	0.25	1.25
80   35	|	1	0.50	0.50	1	0.50	0.50
80   36	|	12	0.71	1.18	14	0.82	0.18
80   37	|	1	0.13	4.88	2	0.25	0.75
80   38	|	3	1.00	0.00	3	1.00	0.00
80   39	|	2	0.40	2.60	4	0.80	0.20
80   40	|	20	0.57	1.17	14	0.40	0.77
80   41	|	36	0.47	2.34	23	0.30	0.96
80   42	|	3	0.15	4.35	2	0.10	1.45
80   43	|	2	0.29	2.86	1	0.14	1.29
80   44	|	1	1.00	0.00	1	1.00	0.00
80   45	|	31	0.14	4.30	15	0.07	2.14
80   46	|	1	0.02	5.37	0	0.00	2.44
80   47	|	2	0.17	5.17	0	0.00	2.00
80   48	|	2	0.04	5.46	15	0.27	0.73
80   51	|	5	0.03	5.73	12	0.08	1.55
80   53	|	1	0.03	5.58	0	0.00	1.70

81   1	|	15	1.00	0.00	15	1.00	0.00
81   2	|	1	1.00	0.00	1	1.00	0.00
81   3	|	32	1.00	0.00	27	0.84	0.16
81   4	|	1	1.00	0.00	0	0.00	1.00
81   6	|	2	1.00	0.00	2	1.00	0.00
81   7	|	13	1.00	0.00	9	0.69	0.38
81   9	|	21	0.95	0.09	22	1.00	0.00
81   11	|	1	1.00	0.00	1	1.00	0.00
81   12	|	12	1.00	0.00	10	0.83	0.17
81   13	|	1	1.00	0.00	0	0.00	1.00
81   14	|	2	1.00	0.00	1	0.50	0.50
81   19	|	5	0.31	1.75	2	0.13	1.25
81   20	|	1	0.33	1.33	0	0.00	2.00
81   22	|	1	0.50	1.00	2	1.00	0.00
81   24	|	1	0.33	2.33	3	1.00	0.00
81   25	|	3	0.38	2.63	3	0.38	0.63
81   27	|	1	1.00	0.00	0	0.00	1.00
81   32	|	1	1.00	0.00	1	1.00	0.00
81   34	|	7	0.88	0.13	6	0.75	0.25
81   36	|	10	0.83	0.50	12	1.00	0.00
81   37	|	1	1.00	0.00	1	1.00	0.00
81   39	|	1	1.00	0.00	1	1.00	0.00
81   40	|	3	1.00	0.00	3	1.00	0.00
81   41	|	17	0.89	0.21	11	0.58	0.42
81   42	|	1	1.00	0.00	0	0.00	1.00
81   45	|	3	0.38	1.25	3	0.38	1.13
81   46	|	1	1.00	0.00	0	0.00	1.00
81   48	|	1	1.00	0.00	1	1.00	0.00
81   50	|	2	1.00	0.00	2	1.00	0.00
81   51	|	2	0.25	4.38	5	0.63	0.38
81   53	|	1	1.00	0.00	0	0.00	1.00

82   1	|	52	0.98	0.04	52	0.98	0.02
82   2	|	2	1.00	0.00	2	1.00	0.00
82   3	|	61	0.87	0.23	53	0.76	0.30
82   5	|	3	0.75	0.25	4	1.00	0.00
82   6	|	2	1.00	0.00	2	1.00	0.00
82   7	|	30	0.79	0.55	19	0.50	0.79
82   8	|	1	0.50	0.50	1	0.50	1.00
82   9	|	63	0.86	0.34	65	0.89	0.11
82   11	|	7	0.88	0.13	8	1.00	0.00
82   12	|	26	0.72	0.97	22	0.61	0.58
82   13	|	5	0.33	2.47	0	0.00	1.33
82   14	|	5	0.56	2.00	3	0.33	0.78
82   15	|	1	0.13	4.38	1	0.13	1.25
82   18	|	2	0.67	0.67	2	0.67	0.33
82   19	|	35	0.31	2.69	6	0.05	1.92
82   20	|	7	0.27	2.19	0	0.00	2.08
82   21	|	2	0.33	3.67	0	0.00	2.00
82   22	|	3	0.12	4.24	8	0.32	0.68
82   23	|	4	0.09	4.71	13	0.29	0.71
82   24	|	2	0.08	4.12	11	0.44	0.56
82   25	|	8	0.14	4.39	10	0.18	1.23
82   26	|	2	0.13	4.13	0	0.00	1.50
82   30	|	1	0.33	3.00	1	0.33	0.67
82   32	|	8	1.00	0.00	6	0.75	0.38
82   34	|	10	0.50	1.25	6	0.30	0.95
82   35	|	3	1.00	0.00	2	0.67	1.00
82   36	|	19	0.73	0.85	22	0.85	0.15
82   37	|	2	0.29	3.00	2	0.29	0.71
82   38	|	3	1.00	0.00	1	0.33	0.67
82   39	|	5	0.71	1.29	5	0.71	0.29
82   40	|	16	0.48	2.06	14	0.42	0.91
82   41	|	24	0.38	2.19	26	0.41	0.86
82   42	|	6	0.26	2.87	3	0.13	1.43
82   43	|	5	0.38	2.31	4	0.31	1.08
82   44	|	3	0.50	1.50	3	0.50	0.83
82   45	|	27	0.13	3.36	8	0.04	2.21
82   46	|	10	0.19	3.17	2	0.04	2.44
82   47	|	4	0.29	2.50	0	0.00	2.21
82   49	|	1	0.06	4.69	5	0.31	0.69
82   51	|	11	0.09	4.64	15	0.13	1.40
82   53	|	1	0.03	4.77	1	0.03	1.69

83   1	|	13	1.00	0.00	13	1.00	0.00
83   3	|	12	1.00	0.00	9	0.75	0.25
83   6	|	2	1.00	0.00	2	1.00	0.00
83   7	|	8	1.00	0.00	4	0.50	0.75
83   9	|	10	0.91	0.18	11	1.00	0.00
83   12	|	2	0.67	0.33	2	0.67	0.33
83   13	|	1	1.00	0.00	1	1.00	0.00
83   14	|	2	1.00	0.00	2	1.00	0.00
83   18	|	1	1.00	0.00	1	1.00	0.00
83   19	|	6	0.67	0.78	1	0.11	1.33
83   22	|	1	1.00	0.00	1	1.00	0.00
83   25	|	1	0.33	2.00	2	0.67	0.33
83   27	|	1	0.33	3.33	0	0.00	1.00
83   29	|	1	1.00	0.00	1	1.00	0.00
83   32	|	1	1.00	0.00	1	1.00	0.00
83   34	|	2	1.00	0.00	2	1.00	0.00
83   36	|	2	0.67	2.00	3	1.00	0.00
83   38	|	1	1.00	0.00	1	1.00	0.00
83   40	|	1	0.50	0.50	1	0.50	0.50
83   41	|	7	0.78	0.44	9	1.00	0.00
83   45	|	1	0.14	3.29	0	0.00	1.57
83   51	|	1	0.13	3.50	3	0.38	0.63

84   1	|	19	1.00	0.00	19	1.00	0.00
84   2	|	1	1.00	0.00	1	1.00	0.00
84   3	|	26	1.00	0.00	18	0.69	0.31
84   7	|	8	0.73	0.45	4	0.36	0.82
84   9	|	25	0.93	0.11	27	1.00	0.00
84   11	|	3	1.00	0.00	2	0.67	0.33
84   12	|	7	0.88	0.25	8	1.00	0.00
84   13	|	3	0.75	0.50	3	0.75	0.25
84   14	|	2	1.00	0.00	1	0.50	0.50
84   15	|	2	1.00	0.00	1	0.50	0.50
84   18	|	1	1.00	0.00	0	0.00	1.00
84   19	|	17	0.71	0.83	3	0.13	1.29
84   20	|	3	0.75	1.00	1	0.25	1.25
84   21	|	1	1.00	0.00	1	1.00	0.00
84   22	|	4	1.00	0.00	4	1.00	0.00
84   23	|	1	0.33	1.00	2	0.67	0.33
84   24	|	2	0.67	1.67	3	1.00	0.00
84   25	|	3	0.75	1.00	1	0.25	0.75
84   32	|	2	1.00	0.00	2	1.00	0.00
84   34	|	4	0.80	0.40	1	0.20	1.00
84   36	|	7	1.00	0.00	7	1.00	0.00
84   40	|	5	0.83	0.33	4	0.67	0.33
84   41	|	13	0.87	0.27	10	0.67	0.33
84   44	|	1	1.00	0.00	1	1.00	0.00
84   45	|	7	0.78	0.56	1	0.11	1.56
84   46	|	2	0.50	1.00	0	0.00	1.50
84   53	|	1	0.17	2.50	3	0.50	0.50

86   1	|	2	1.00	0.00	1	0.50	0.50
86   3	|	2	1.00	0.00	2	1.00	0.00
86   7	|	8	0.89	0.33	5	0.56	1.11
86   9	|	3	1.00	0.00	2	0.67	0.67
86   11	|	1	1.00	0.00	1	1.00	0.00
86   12	|	6	0.24	3.84	3	0.12	1.92
86   13	|	3	0.21	2.64	1	0.07	2.21
86   14	|	1	0.20	2.40	0	0.00	2.00
86   15	|	1	0.14	3.00	1	0.14	2.29
86   19	|	14	0.09	3.95	2	0.01	3.24
86   21	|	1	0.17	4.17	0	0.00	3.50
86   22	|	3	0.06	4.76	3	0.06	1.76
86   25	|	5	0.06	5.22	3	0.03	2.44
86   27	|	1	0.07	5.00	0	0.00	2.47
86   34	|	4	0.36	1.64	1	0.09	2.36
86   36	|	3	0.43	2.14	1	0.14	1.57
86   37	|	2	0.29	3.00	0	0.00	1.71
86   40	|	4	0.29	3.43	1	0.07	1.79
86   41	|	12	0.18	3.18	3	0.05	2.34
86   42	|	4	0.13	3.56	0	0.00	2.59
86   44	|	3	0.50	1.50	1	0.17	1.50
86   45	|	10	0.06	4.13	0	0.00	3.46
86   46	|	3	0.08	3.65	0	0.00	3.25
86   51	|	5	0.04	4.77	0	0.00	2.57
86   53	|	2	0.04	5.17	0	0.00	2.57

