0   1	|	25	1.00	0.00	25	1.00	0.00
0   2	|	183	1.00	0.00	183	1.00	0.00
0   3	|	18	0.78	0.43	9	0.39	0.61
0   4	|	63	1.00	0.00	52	0.83	0.17
0   5	|	41	0.89	0.11	46	1.00	0.00
0   7	|	31	0.91	0.12	6	0.18	1.24
0   8	|	12	0.75	0.44	1	0.06	1.44
0   9	|	10	0.25	1.02	40	1.00	0.00
0   10	|	75	0.90	0.14	83	1.00	0.00
0   12	|	5	0.24	1.38	7	0.33	0.67
0   13	|	44	0.59	0.69	32	0.43	0.57
0   15	|	24	0.75	0.38	21	0.66	0.34
0   22	|	1	0.03	3.47	30	1.00	0.00
0   23	|	9	0.36	2.24	25	1.00	0.00
0   24	|	1	0.25	4.00	4	1.00	0.00
0   28	|	1	0.50	2.50	2	1.00	0.00
0   30	|	3	0.27	2.36	6	0.55	0.45
0   32	|	1	0.33	1.67	1	0.33	0.67
0   33	|	10	0.91	0.55	8	0.73	0.27
0   34	|	5	0.56	1.22	0	0.00	1.56
0   35	|	11	0.85	0.46	4	0.31	1.08
0   36	|	3	0.12	1.72	25	1.00	0.00
0   37	|	56	0.84	0.49	67	1.00	0.00
0   38	|	1	1.00	0.00	1	1.00	0.00
0   40	|	8	0.22	1.67	21	0.58	0.42
0   41	|	7	0.10	2.77	16	0.22	0.78
0   52	|	9	0.75	1.00	12	1.00	0.00
0   53	|	3	0.33	2.11	1	0.11	0.89

1   1	|	48	1.00	0.00	48	1.00	0.00
1   2	|	244	1.00	0.00	244	1.00	0.00
1   3	|	39	0.95	0.17	17	0.41	0.59
1   4	|	93	0.99	0.02	75	0.80	0.20
1   5	|	68	0.91	0.11	75	1.00	0.00
1   7	|	48	0.75	0.56	13	0.20	1.20
1   8	|	18	0.78	0.39	5	0.22	1.04
1   9	|	14	0.19	1.04	74	1.00	0.00
1   10	|	118	0.91	0.17	130	1.00	0.00
1   12	|	17	0.37	1.28	13	0.28	0.72
1   13	|	78	0.53	1.12	71	0.48	0.52
1   15	|	44	0.73	0.60	39	0.65	0.35
1   16	|	1	0.50	0.50	1	0.50	0.50
1   17	|	1	1.00	0.00	0	0.00	2.00
1   23	|	15	0.43	2.46	35	1.00	0.00
1   24	|	1	0.25	4.25	4	1.00	0.00
1   28	|	3	0.33	2.44	9	1.00	0.00
1   29	|	1	0.50	3.50	2	1.00	0.00
1   30	|	3	0.50	1.33	2	0.33	0.67
1   32	|	5	0.71	0.86	4	0.57	0.43
1   33	|	8	0.89	0.11	5	0.56	0.44
1   34	|	10	0.45	1.05	2	0.09	1.41
1   35	|	23	0.85	0.52	8	0.30	1.19
1   36	|	4	0.18	1.68	22	1.00	0.00
1   37	|	63	0.84	0.40	75	1.00	0.00
1   40	|	16	0.23	1.49	31	0.45	0.55
1   41	|	23	0.24	2.05	23	0.24	0.76
1   43	|	1	0.33	2.00	0	0.00	1.00
1   52	|	6	0.50	1.67	12	1.00	0.00
1   53	|	2	0.18	3.00	2	0.18	0.82

10   1	|	828	1.00	0.00	829	1.00	0.00
10   2	|	70	0.99	0.01	71	1.00	0.00
10   3	|	1516	0.98	0.03	1119	0.72	0.28
10   4	|	49	0.96	0.10	24	0.47	0.53
10   5	|	21	0.72	0.59	29	1.00	0.00
10   6	|	38	1.00	0.00	38	1.00	0.00
10   7	|	591	0.93	0.14	268	0.42	0.77
10   8	|	27	1.00	0.00	11	0.41	0.78
10   9	|	440	0.89	0.20	492	1.00	0.00
10   10	|	12	0.63	0.84	19	1.00	0.00
10   11	|	43	1.00	0.00	43	1.00	0.00
10   12	|	386	0.84	0.44	296	0.64	0.36
10   13	|	105	0.54	1.21	67	0.34	0.66
10   14	|	88	0.86	0.34	34	0.33	0.67
10   15	|	46	0.66	0.87	20	0.29	0.71
10   16	|	11	1.00	0.00	6	0.55	0.45
10   17	|	4	1.00	0.00	2	0.50	0.75
10   18	|	14	0.56	2.04	17	0.68	0.32
10   22	|	73	0.38	2.04	193	1.00	0.00
10   23	|	30	0.15	3.37	206	1.00	0.00
10   24	|	33	0.31	2.28	105	1.00	0.00
10   28	|	5	0.33	2.00	15	1.00	0.00
10   29	|	1	1.00	0.00	1	1.00	0.00
10   30	|	7	0.28	2.20	6	0.24	0.76
10   32	|	146	0.96	0.07	91	0.60	0.40
10   33	|	25	0.93	0.19	18	0.67	0.33
10   34	|	458	0.92	0.19	216	0.43	0.71
10   35	|	55	0.72	0.91	25	0.33	0.97
10   36	|	299	0.81	0.38	370	1.00	0.00
10   37	|	86	0.72	0.74	119	1.00	0.00
10   38	|	31	0.94	0.15	33	1.00	0.00
10   39	|	29	0.88	0.24	33	1.00	0.00
10   40	|	243	0.73	0.60	176	0.53	0.47
10   41	|	740	0.71	0.74	513	0.50	0.50
10   42	|	110	0.58	1.31	63	0.33	0.67
10   43	|	41	0.63	1.05	24	0.37	0.63
10   44	|	26	0.93	0.14	13	0.46	0.54
10   48	|	44	0.29	2.54	152	1.00	0.00
10   49	|	5	0.23	3.64	22	1.00	0.00
10   52	|	10	0.15	2.89	66	1.00	0.00
10   53	|	25	0.19	3.22	31	0.24	0.76

11   1	|	1532	0.99	0.02	1368	0.89	0.11
11   2	|	120	0.98	0.07	105	0.85	0.15
11   3	|	2742	0.96	0.09	1708	0.60	0.49
11   4	|	62	0.87	0.55	26	0.37	0.87
11   5	|	36	0.67	0.96	28	0.52	0.48
11   6	|	67	0.96	0.13	59	0.84	0.16
11   7	|	1193	0.91	0.24	412	0.31	1.14
11   8	|	48	0.87	0.49	11	0.20	1.44
11   9	|	900	0.86	0.34	845	0.80	0.20
11   10	|	19	0.59	0.97	16	0.50	0.50
11   11	|	77	0.97	0.09	64	0.81	0.19
11   12	|	715	0.74	0.77	453	0.47	0.73
11   13	|	168	0.43	1.92	41	0.11	1.32
11   14	|	169	0.79	0.74	67	0.31	0.92
11   15	|	103	0.52	1.66	27	0.14	1.26
11   16	|	12	1.00	0.00	6	0.50	0.67
11   17	|	8	0.80	1.20	1	0.10	1.80
11   18	|	28	0.44	2.56	15	0.23	1.16
11   22	|	158	0.24	3.00	292	0.44	0.56
11   23	|	71	0.08	4.01	215	0.24	0.76
11   24	|	87	0.22	3.16	157	0.40	0.60
11   28	|	3	0.12	3.72	8	0.32	0.68
11   29	|	6	0.35	3.06	4	0.24	0.76
11   30	|	13	0.22	3.12	4	0.07	1.44
11   32	|	251	0.89	0.31	106	0.38	0.85
11   33	|	32	0.80	0.68	22	0.55	0.57
11   34	|	890	0.89	0.27	328	0.33	1.10
11   35	|	117	0.73	0.84	17	0.11	1.64
11   36	|	543	0.73	0.75	522	0.70	0.30
11   37	|	135	0.47	1.92	115	0.40	0.60
11   38	|	55	0.90	0.34	45	0.74	0.26
11   39	|	47	0.67	1.09	45	0.64	0.36
11   40	|	438	0.61	1.27	227	0.31	0.95
11   41	|	1501	0.64	1.08	793	0.34	0.92
11   42	|	214	0.35	2.42	72	0.12	1.38
11   43	|	109	0.55	1.76	38	0.19	1.20
11   44	|	69	0.85	0.72	25	0.31	0.94
11   48	|	107	0.13	3.74	245	0.31	0.69
11   49	|	8	0.08	4.16	23	0.23	0.77
11   50	|	7	0.13	4.24	21	0.38	0.62
11   52	|	13	0.06	4.19	58	0.25	0.75
11   53	|	65	0.11	4.07	32	0.06	1.54

12   1	|	1100	0.99	0.03	1115	1.00	0.00
12   2	|	81	0.96	0.10	84	1.00	0.00
12   3	|	1963	0.95	0.10	1428	0.69	0.31
12   4	|	42	0.89	0.30	28	0.60	0.40
12   5	|	23	0.79	0.34	29	1.00	0.00
12   6	|	39	0.98	0.03	40	1.00	0.00
12   7	|	793	0.88	0.33	347	0.38	0.86
12   8	|	13	0.52	1.92	3	0.12	1.24
12   9	|	632	0.86	0.43	736	1.00	0.00
12   10	|	7	0.44	2.13	16	1.00	0.00
12   11	|	47	0.94	0.18	50	1.00	0.00
12   12	|	463	0.71	0.98	360	0.55	0.45
12   13	|	89	0.33	2.82	63	0.23	0.77
12   14	|	94	0.64	1.36	63	0.43	0.57
12   15	|	37	0.29	3.36	31	0.24	0.76
12   16	|	9	0.82	1.09	4	0.36	0.64
12   17	|	3	0.27	3.82	0	0.00	1.73
12   18	|	10	0.29	4.11	20	0.57	0.43
12   22	|	92	0.24	3.77	385	1.00	0.00
12   23	|	19	0.03	5.17	583	1.00	0.00
12   24	|	48	0.15	4.37	317	1.00	0.00
12   28	|	1	0.04	5.17	24	1.00	0.00
12   29	|	7	0.50	2.50	14	1.00	0.00
12   30	|	5	0.11	5.26	8	0.17	0.83
12   32	|	148	0.76	0.69	124	0.64	0.36
12   33	|	17	0.77	0.73	15	0.68	0.32
12   34	|	581	0.80	0.60	269	0.37	0.82
12   35	|	47	0.48	2.07	15	0.15	1.23
12   36	|	339	0.70	1.02	487	1.00	0.00
12   37	|	58	0.35	2.62	165	1.00	0.00
12   38	|	32	0.84	0.68	38	1.00	0.00
12   39	|	21	0.44	2.25	48	1.00	0.00
12   40	|	292	0.62	1.40	197	0.42	0.58
12   41	|	987	0.61	1.46	756	0.47	0.53
12   42	|	96	0.22	3.52	123	0.28	0.72
12   43	|	49	0.32	3.31	44	0.29	0.71
12   44	|	34	0.77	0.61	17	0.39	0.61
12   48	|	47	0.10	4.49	452	1.00	0.00
12   49	|	4	0.04	5.12	103	1.00	0.00
12   50	|	9	0.23	4.49	39	1.00	0.00
12   52	|	3	0.02	5.52	163	1.00	0.00
12   53	|	23	0.06	5.05	79	0.19	0.81

13   1	|	279	0.92	0.19	304	1.00	0.00
13   2	|	19	0.86	0.23	22	1.00	0.00
13   3	|	503	0.88	0.27	390	0.68	0.32
13   4	|	10	0.63	0.81	7	0.44	0.56
13   5	|	9	0.45	1.50	20	1.00	0.00
13   6	|	16	0.76	0.71	21	1.00	0.00
13   7	|	248	0.76	0.74	103	0.31	0.92
13   8	|	10	0.56	2.33	6	0.33	1.11
13   9	|	160	0.65	1.26	248	1.00	0.00
13   10	|	5	0.24	2.67	21	1.00	0.00
13   11	|	11	0.92	0.58	12	1.00	0.00
13   12	|	111	0.39	2.47	117	0.41	0.59
13   13	|	40	0.21	3.53	57	0.30	0.70
13   14	|	32	0.46	2.23	29	0.41	0.59
13   15	|	24	0.24	3.30	39	0.39	0.61
13   16	|	2	0.67	1.67	2	0.67	0.33
13   17	|	2	0.50	1.25	0	0.00	1.25
13   18	|	6	0.21	4.11	9	0.32	0.68
13   22	|	18	0.06	4.67	298	1.00	0.00
13   23	|	13	0.02	5.30	588	1.00	0.00
13   24	|	16	0.08	4.88	201	1.00	0.00
13   28	|	1	0.04	5.15	27	1.00	0.00
13   30	|	4	0.15	4.23	5	0.19	0.81
13   32	|	51	0.57	1.17	55	0.62	0.38
13   33	|	12	0.57	1.24	19	0.90	0.10
13   34	|	180	0.60	1.25	100	0.34	0.91
13   35	|	39	0.39	2.43	21	0.21	1.09
13   36	|	87	0.44	2.12	199	1.00	0.00
13   37	|	37	0.22	3.29	171	1.00	0.00
13   38	|	6	0.33	2.89	18	1.00	0.00
13   39	|	7	0.18	3.21	39	1.00	0.00
13   40	|	85	0.35	2.78	72	0.29	0.71
13   41	|	288	0.38	2.45	276	0.36	0.64
13   42	|	55	0.13	3.78	129	0.31	0.69
13   43	|	15	0.19	3.79	18	0.23	0.77
13   44	|	11	0.37	2.50	5	0.17	0.83
13   48	|	14	0.04	5.18	349	1.00	0.00
13   49	|	3	0.04	5.41	81	1.00	0.00
13   50	|	3	0.10	5.03	31	1.00	0.00
13   52	|	3	0.02	4.97	147	1.00	0.00
13   53	|	6	0.02	5.31	43	0.15	0.85

14   1	|	208	0.98	0.08	189	0.89	0.11
14   2	|	4	0.57	1.43	4	0.57	0.43
14   3	|	377	0.87	0.30	217	0.50	0.63
14   4	|	7	0.78	0.89	7	0.78	0.33
14   5	|	8	0.50	2.44	10	0.63	0.38
14   6	|	9	0.75	0.67	6	0.50	0.50
14   7	|	166	0.73	0.94	55	0.24	1.35
14   8	|	2	0.29	3.57	0	0.00	2.29
14   9	|	105	0.59	1.52	104	0.58	0.42
14   10	|	3	0.38	2.88	1	0.13	0.88
14   11	|	10	0.67	1.47	10	0.67	0.33
14   12	|	87	0.35	3.03	56	0.23	1.18
14   13	|	23	0.14	4.07	15	0.09	1.51
14   14	|	27	0.44	2.54	13	0.21	1.15
14   15	|	11	0.14	3.94	8	0.10	1.59
14   16	|	3	0.60	1.80	0	0.00	1.60
14   18	|	3	0.13	4.35	2	0.09	1.61
14   22	|	14	0.05	4.89	66	0.23	0.77
14   23	|	11	0.02	5.62	115	0.18	0.82
14   24	|	13	0.06	5.10	48	0.21	0.79
14   28	|	2	0.20	4.60	3	0.30	0.70
14   32	|	53	0.58	1.34	20	0.22	1.03
14   33	|	5	0.45	1.55	3	0.27	0.82
14   34	|	167	0.62	1.22	57	0.21	1.55
14   35	|	18	0.26	2.86	5	0.07	1.87
14   36	|	63	0.39	2.50	77	0.48	0.52
14   37	|	19	0.13	3.67	40	0.28	0.72
14   38	|	6	0.67	1.78	3	0.33	0.67
14   39	|	6	0.25	3.75	8	0.33	0.67
14   40	|	58	0.25	3.02	28	0.12	1.37
14   41	|	217	0.32	2.87	127	0.19	1.26
14   42	|	45	0.11	4.29	24	0.06	1.52
14   43	|	12	0.14	3.81	6	0.07	1.49
14   44	|	9	0.60	2.00	3	0.20	1.07
14   48	|	17	0.03	5.27	103	0.20	0.80
14   49	|	2	0.02	6.03	19	0.16	0.84
14   50	|	4	0.12	4.76	4	0.12	0.88
14   53	|	13	0.04	5.10	5	0.02	1.65

15   1	|	77	1.00	0.00	77	1.00	0.00
15   2	|	7	1.00	0.00	7	1.00	0.00
15   3	|	116	0.99	0.02	86	0.74	0.26
15   5	|	2	1.00	0.00	2	1.00	0.00
15   6	|	1	1.00	0.00	1	1.00	0.00
15   7	|	44	0.96	0.04	18	0.39	0.80
15   8	|	1	1.00	0.00	1	1.00	0.00
15   9	|	37	0.93	0.25	40	1.00	0.00
15   10	|	1	1.00	0.00	1	1.00	0.00
15   11	|	1	1.00	0.00	1	1.00	0.00
15   12	|	33	0.80	0.51	28	0.68	0.32
15   13	|	3	0.38	1.50	0	0.00	1.00
15   14	|	5	0.63	1.63	3	0.38	0.63
15   15	|	5	1.00	0.00	3	0.60	0.40
15   22	|	3	0.25	2.00	12	1.00	0.00
15   24	|	1	0.14	1.57	7	1.00	0.00
15   32	|	13	0.93	0.07	7	0.50	0.50
15   33	|	3	1.00	0.00	3	1.00	0.00
15   34	|	26	0.90	0.24	12	0.41	0.72
15   35	|	4	0.67	1.17	1	0.17	0.83
15   36	|	19	0.79	0.50	24	1.00	0.00
15   37	|	6	0.75	1.63	8	1.00	0.00
15   38	|	1	1.00	0.00	1	1.00	0.00
15   39	|	2	1.00	0.00	2	1.00	0.00
15   40	|	10	0.67	0.47	5	0.33	0.67
15   41	|	46	0.75	0.54	35	0.57	0.43
15   42	|	6	0.55	1.55	6	0.55	0.45
15   43	|	4	1.00	0.00	2	0.50	0.50
15   44	|	5	1.00	0.00	1	0.20	0.80
15   48	|	2	0.17	2.75	12	1.00	0.00

16   1	|	215	0.99	0.06	188	0.86	0.14
16   2	|	25	0.93	0.22	21	0.78	0.22
16   3	|	346	0.86	0.33	195	0.49	0.67
16   4	|	46	0.85	0.52	19	0.35	0.96
16   5	|	15	0.36	1.52	22	0.52	0.48
16   6	|	12	0.80	0.40	10	0.67	0.33
16   7	|	195	0.68	0.80	47	0.16	1.58
16   8	|	48	0.74	1.02	9	0.14	1.83
16   9	|	162	0.56	1.25	138	0.48	0.52
16   10	|	35	0.56	1.43	31	0.49	0.51
16   11	|	15	0.88	0.18	12	0.71	0.29
16   12	|	157	0.38	1.93	70	0.17	1.32
16   13	|	288	0.44	1.82	141	0.21	1.20
16   14	|	26	0.31	2.19	12	0.14	1.34
16   15	|	59	0.31	2.36	36	0.19	1.26
16   16	|	4	0.40	2.00	2	0.20	1.40
16   17	|	2	0.17	2.67	1	0.08	1.83
16   18	|	4	0.10	4.83	3	0.07	1.46
16   22	|	47	0.09	3.79	155	0.31	0.69
16   23	|	188	0.16	3.65	385	0.33	0.67
16   24	|	27	0.09	4.01	79	0.27	0.73
16   28	|	7	0.15	3.63	14	0.30	0.70
16   29	|	1	0.07	4.27	3	0.20	0.80
16   30	|	15	0.20	2.95	7	0.09	1.48
16   32	|	68	0.73	0.71	28	0.30	0.85
16   33	|	34	0.83	0.49	21	0.51	0.63
16   34	|	196	0.64	0.93	50	0.16	1.55
16   35	|	135	0.63	1.01	29	0.13	1.68
16   36	|	102	0.32	1.93	121	0.38	0.62
16   37	|	310	0.53	1.50	293	0.50	0.50
16   38	|	15	0.45	1.70	15	0.45	0.55
16   39	|	18	0.36	1.98	19	0.38	0.62
16   40	|	128	0.30	2.01	56	0.13	1.37
16   41	|	323	0.29	2.27	190	0.17	1.27
16   42	|	449	0.42	2.04	202	0.19	1.25
16   43	|	31	0.23	2.64	20	0.15	1.36
16   44	|	13	0.50	1.96	3	0.12	1.46
16   48	|	66	0.10	3.81	212	0.32	0.68
16   49	|	16	0.13	4.17	41	0.33	0.67
16   50	|	1	0.03	4.43	8	0.20	0.80
16   52	|	38	0.13	3.80	89	0.30	0.70
16   53	|	102	0.14	3.77	76	0.11	1.44

17   1	|	31	0.97	0.03	32	1.00	0.00
17   2	|	2	1.00	0.00	2	1.00	0.00
17   3	|	60	0.94	0.11	39	0.61	0.39
17   4	|	2	1.00	0.00	2	1.00	0.00
17   5	|	3	0.75	0.25	4	1.00	0.00
17   6	|	1	1.00	0.00	1	1.00	0.00
17   7	|	25	0.86	0.28	8	0.28	0.97
17   8	|	3	0.75	0.50	2	0.50	0.75
17   9	|	26	0.81	0.44	32	1.00	0.00
17   10	|	4	0.67	1.17	6	1.00	0.00
17   11	|	4	1.00	0.00	4	1.00	0.00
17   12	|	20	0.54	1.16	15	0.41	0.59
17   13	|	36	0.61	0.95	26	0.44	0.56
17   14	|	6	0.67	0.44	6	0.67	0.33
17   15	|	9	0.56	1.13	7	0.44	0.56
17   17	|	1	0.50	0.50	0	0.00	1.50
17   18	|	1	0.50	1.00	2	1.00	0.00
17   22	|	6	0.19	2.25	32	1.00	0.00
17   23	|	16	0.30	2.85	53	1.00	0.00
17   24	|	3	0.25	2.83	12	1.00	0.00
17   32	|	9	0.90	0.10	7	0.70	0.30
17   33	|	3	0.75	1.50	3	0.75	0.25
17   34	|	24	0.92	0.15	7	0.27	1.08
17   35	|	12	0.75	0.81	4	0.25	0.94
17   36	|	14	0.70	0.90	20	1.00	0.00
17   37	|	31	0.67	0.91	46	1.00	0.00
17   38	|	2	1.00	0.00	2	1.00	0.00
17   39	|	4	0.67	1.83	6	1.00	0.00
17   40	|	14	0.52	1.22	10	0.37	0.63
17   41	|	38	0.41	1.43	37	0.40	0.60
17   42	|	40	0.65	1.02	25	0.40	0.60
17   44	|	1	0.20	2.20	3	0.60	0.40
17   48	|	2	0.11	3.11	19	1.00	0.00
17   49	|	6	0.75	1.50	8	1.00	0.00
17   52	|	7	0.44	2.25	16	1.00	0.00
17   53	|	1	0.04	3.25	5	0.18	0.82

18   1	|	67	1.00	0.00	62	0.93	0.07
18   2	|	3	1.00	0.00	3	1.00	0.00
18   3	|	118	0.94	0.10	85	0.67	0.33
18   4	|	8	1.00	0.00	5	0.63	0.38
18   5	|	1	1.00	0.00	0	0.00	1.00
18   6	|	5	1.00	0.00	5	1.00	0.00
18   7	|	39	0.95	0.07	18	0.44	0.88
18   9	|	30	0.81	0.43	36	0.97	0.03
18   10	|	1	0.50	1.50	1	0.50	0.50
18   11	|	3	1.00	0.00	3	1.00	0.00
18   12	|	30	0.79	0.76	20	0.53	0.53
18   13	|	5	0.50	1.40	2	0.20	0.90
18   14	|	11	0.92	0.08	4	0.33	0.75
18   17	|	2	1.00	0.00	1	0.50	1.00
18   18	|	2	0.67	0.33	2	0.67	0.33
18   22	|	5	0.33	2.40	13	0.87	0.13
18   23	|	3	0.17	3.22	8	0.44	0.56
18   32	|	9	0.82	0.36	7	0.64	0.55
18   34	|	28	0.90	0.13	13	0.42	0.77
18   35	|	4	1.00	0.00	1	0.25	0.75
18   36	|	30	0.79	0.55	33	0.87	0.13
18   37	|	3	0.43	1.71	6	0.86	0.14
18   38	|	4	0.80	0.60	4	0.80	0.20
18   39	|	2	0.67	0.33	3	1.00	0.00
18   40	|	16	0.80	0.35	9	0.45	0.60
18   41	|	68	0.73	0.81	44	0.47	0.61
18   42	|	2	0.18	2.91	3	0.27	0.82
18   43	|	3	0.43	2.00	2	0.29	0.86
18   44	|	5	1.00	0.00	2	0.40	0.60
18   48	|	3	0.19	2.88	10	0.63	0.38
18   49	|	1	0.33	2.67	1	0.33	0.67
18   52	|	2	0.25	2.63	5	0.63	0.38
18   53	|	1	0.20	2.60	1	0.20	1.20

20   1	|	78	0.99	0.01	79	1.00	0.00
20   2	|	3	1.00	0.00	3	1.00	0.00
20   3	|	92	0.94	0.13	77	0.79	0.21
20   4	|	4	0.67	1.00	4	0.67	0.33
20   5	|	2	0.29	1.57	7	1.00	0.00
20   6	|	6	1.00	0.00	6	1.00	0.00
20   7	|	44	0.75	0.47	25	0.42	0.86
20   8	|	1	0.50	0.50	0	0.00	1.50
20   9	|	44	0.81	0.48	54	1.00	0.00
20   11	|	3	1.00	0.00	3	1.00	0.00
20   12	|	72	0.70	1.02	58	0.56	0.44
20   13	|	6	0.21	3.14	9	0.31	0.69
20   14	|	8	0.57	1.36	6	0.43	0.57
20   15	|	5	0.24	2.62	8	0.38	0.62
20   16	|	1	1.00	0.00	1	1.00	0.00
20   17	|	4	1.00	0.00	1	0.25	1.25
20   18	|	3	0.50	2.00	3	0.50	0.50
20   22	|	13	0.21	3.49	63	1.00	0.00
20   23	|	5	0.08	4.20	64	1.00	0.00
20   24	|	8	0.22	3.06	36	1.00	0.00
20   30	|	2	0.33	3.33	1	0.17	0.83
20   31	|	23	0.92	0.24	18	0.72	0.32
20   32	|	12	0.67	0.72	12	0.67	0.33
20   33	|	3	1.00	0.00	3	1.00	0.00
20   34	|	25	0.66	1.11	11	0.29	0.97
20   35	|	2	0.29	1.00	2	0.29	0.86
20   36	|	30	0.68	0.95	44	1.00	0.00
20   37	|	15	0.43	2.03	35	1.00	0.00
20   38	|	7	1.00	0.00	7	1.00	0.00
20   39	|	8	0.67	1.83	12	1.00	0.00
20   40	|	35	0.57	1.46	31	0.51	0.49
20   41	|	90	0.51	1.67	66	0.37	0.63
20   42	|	29	0.36	2.40	26	0.32	0.68
20   43	|	11	0.46	2.46	10	0.42	0.58
20   44	|	2	0.40	2.80	1	0.20	0.80
20   48	|	13	0.13	4.29	102	1.00	0.00
20   49	|	4	0.09	4.09	44	1.00	0.00
20   50	|	2	0.10	4.52	21	1.00	0.00
20   52	|	4	0.11	3.69	36	1.00	0.00
20   53	|	8	0.07	4.66	29	0.27	0.73

21   1	|	634	0.98	0.03	646	1.00	0.00
21   2	|	40	0.98	0.05	41	1.00	0.00
21   3	|	1037	0.95	0.11	793	0.72	0.28
21   4	|	20	0.80	0.20	12	0.48	0.52
21   5	|	24	0.77	0.84	31	1.00	0.00
21   6	|	64	0.98	0.09	65	1.00	0.00
21   7	|	412	0.87	0.27	177	0.37	0.87
21   8	|	7	0.70	0.40	1	0.10	1.30
21   9	|	577	0.87	0.34	660	1.00	0.00
21   10	|	10	0.56	1.00	18	1.00	0.00
21   11	|	37	0.95	0.21	39	1.00	0.00
21   12	|	504	0.79	0.59	429	0.67	0.33
21   13	|	42	0.34	2.39	25	0.20	0.80
21   14	|	72	0.77	0.70	36	0.39	0.61
21   15	|	35	0.39	2.11	28	0.31	0.69
21   16	|	10	1.00	0.00	4	0.40	0.60
21   17	|	5	0.83	0.17	3	0.50	0.67
21   18	|	25	0.46	2.22	21	0.39	0.61
21   22	|	105	0.37	2.68	285	1.00	0.00
21   23	|	18	0.07	4.27	244	1.00	0.00
21   24	|	38	0.27	3.15	142	1.00	0.00
21   28	|	2	0.14	3.86	14	1.00	0.00
21   29	|	5	0.45	2.18	11	1.00	0.00
21   30	|	9	0.35	3.31	4	0.15	0.85
21   31	|	166	0.88	0.30	117	0.62	0.41
21   32	|	120	0.83	0.35	104	0.72	0.28
21   33	|	13	0.87	0.60	11	0.73	0.27
21   34	|	235	0.75	0.56	114	0.36	0.88
21   35	|	30	0.55	1.11	16	0.29	1.04
21   36	|	210	0.75	0.77	281	1.00	0.00
21   37	|	50	0.39	1.94	127	1.00	0.00
21   38	|	68	0.99	0.07	69	1.00	0.00
21   39	|	34	0.69	1.24	49	1.00	0.00
21   40	|	298	0.72	0.81	216	0.52	0.48
21   41	|	613	0.64	1.06	470	0.49	0.51
21   42	|	70	0.21	2.91	99	0.30	0.70
21   43	|	66	0.53	1.77	52	0.42	0.58
21   44	|	31	0.76	0.90	26	0.63	0.37
21   48	|	76	0.17	3.80	445	1.00	0.00
21   49	|	13	0.06	4.55	212	1.00	0.00
21   50	|	21	0.18	4.05	120	1.00	0.00
21   52	|	12	0.10	4.28	123	1.00	0.00
21   53	|	38	0.10	4.17	73	0.19	0.81

22   1	|	184	0.89	0.37	159	0.77	0.23
22   2	|	15	0.94	0.06	10	0.63	0.38
22   3	|	268	0.70	0.77	159	0.42	0.80
22   4	|	7	0.39	1.72	3	0.17	1.17
22   5	|	13	0.32	2.10	18	0.44	0.56
22   6	|	9	0.64	1.93	7	0.50	0.50
22   7	|	130	0.52	1.44	34	0.13	1.76
22   8	|	7	0.27	2.50	4	0.15	1.62
22   9	|	137	0.48	1.82	131	0.46	0.54
22   10	|	9	0.25	3.19	9	0.25	0.75
22   11	|	9	0.75	0.33	9	0.75	0.25
22   12	|	159	0.32	2.52	88	0.18	1.30
22   13	|	46	0.12	3.55	43	0.12	1.42
22   14	|	23	0.26	2.69	7	0.08	1.52
22   15	|	46	0.17	3.33	34	0.13	1.32
22   16	|	2	0.40	2.00	1	0.20	1.40
22   17	|	1	0.17	3.33	0	0.00	2.83
22   18	|	12	0.11	4.69	15	0.14	1.41
22   22	|	43	0.07	4.44	178	0.29	0.71
22   23	|	27	0.02	5.01	291	0.22	0.78
22   24	|	27	0.06	4.40	102	0.23	0.77
22   28	|	5	0.10	4.69	10	0.21	0.79
22   29	|	3	0.18	4.71	5	0.29	0.71
22   31	|	52	0.35	2.96	29	0.20	1.12
22   32	|	65	0.44	1.42	33	0.22	1.08
22   33	|	12	0.43	1.75	9	0.32	0.75
22   34	|	84	0.31	2.05	25	0.09	1.94
22   35	|	28	0.17	2.54	9	0.05	1.96
22   36	|	89	0.26	2.71	111	0.33	0.67
22   37	|	79	0.16	3.21	139	0.29	0.71
22   38	|	11	0.39	2.07	11	0.39	0.61
22   39	|	16	0.18	3.09	23	0.26	0.74
22   40	|	95	0.20	3.11	50	0.11	1.44
22   41	|	238	0.21	3.05	135	0.12	1.39
22   42	|	174	0.12	3.58	143	0.10	1.44
22   43	|	38	0.12	3.76	22	0.07	1.47
22   44	|	17	0.28	2.93	3	0.05	1.54
22   48	|	106	0.05	4.70	464	0.22	0.78
22   49	|	48	0.03	4.88	302	0.22	0.78
22   50	|	26	0.05	4.67	133	0.25	0.75
22   52	|	39	0.06	4.82	144	0.21	0.79
22   53	|	87	0.05	4.67	112	0.07	1.55

23   1	|	236	0.82	0.33	220	0.76	0.24
23   2	|	17	0.85	0.25	17	0.85	0.15
23   3	|	443	0.66	0.79	259	0.38	0.87
23   4	|	15	0.65	1.22	6	0.26	1.22
23   5	|	14	0.37	2.21	12	0.32	0.68
23   6	|	23	0.72	1.13	19	0.59	0.41
23   7	|	199	0.41	1.45	65	0.14	1.75
23   8	|	9	0.29	2.42	4	0.13	2.03
23   9	|	227	0.49	1.75	223	0.48	0.52
23   10	|	8	0.23	2.77	10	0.29	0.71
23   11	|	16	0.64	0.92	13	0.52	0.48
23   12	|	243	0.40	2.11	141	0.23	1.22
23   13	|	67	0.15	3.39	32	0.07	1.55
23   14	|	24	0.22	2.91	10	0.09	1.45
23   15	|	36	0.17	3.14	13	0.06	1.50
23   16	|	7	0.58	1.17	0	0.00	1.33
23   17	|	2	0.15	4.00	0	0.00	2.46
23   18	|	4	0.10	4.29	5	0.12	1.31
23   22	|	51	0.06	4.51	166	0.19	0.81
23   23	|	20	0.03	4.89	102	0.14	0.86
23   24	|	16	0.07	4.57	49	0.20	0.80
23   28	|	2	0.03	4.98	18	0.28	0.72
23   29	|	1	0.03	5.52	7	0.24	0.76
23   30	|	6	0.07	4.50	5	0.05	1.58
23   31	|	75	0.45	2.14	59	0.36	0.87
23   32	|	75	0.38	1.31	34	0.17	1.23
23   33	|	5	0.23	2.64	3	0.14	1.18
23   34	|	178	0.33	1.81	49	0.09	1.93
23   35	|	16	0.16	2.51	5	0.05	2.06
23   36	|	114	0.26	2.69	151	0.34	0.66
23   37	|	32	0.14	3.17	51	0.23	0.77
23   38	|	14	0.56	1.20	13	0.52	0.48
23   39	|	14	0.27	2.80	16	0.31	0.69
23   40	|	155	0.24	2.97	88	0.13	1.37
23   41	|	412	0.23	2.83	199	0.11	1.41
23   42	|	16	0.07	3.59	18	0.08	1.47
23   43	|	6	0.13	3.21	2	0.04	1.54
23   44	|	4	0.12	3.55	5	0.15	1.33
23   48	|	8	0.04	4.71	34	0.17	0.83
23   52	|	8	0.04	4.85	33	0.16	0.84
23   53	|	15	0.04	4.99	7	0.02	1.73

24   1	|	129	0.86	0.31	150	1.00	0.00
24   2	|	12	0.75	0.44	16	1.00	0.00
24   3	|	188	0.63	1.11	171	0.57	0.43
24   4	|	7	0.44	1.94	7	0.44	0.56
24   5	|	5	0.31	3.75	16	1.00	0.00
24   6	|	9	0.90	0.40	10	1.00	0.00
24   7	|	95	0.43	1.98	42	0.19	1.19
24   8	|	1	0.11	4.11	1	0.11	1.44
24   9	|	98	0.49	2.40	202	1.00	0.00
24   11	|	3	0.60	1.20	5	1.00	0.00
24   12	|	82	0.30	3.37	99	0.36	0.64
24   13	|	15	0.06	4.68	64	0.25	0.75
24   14	|	10	0.15	3.85	17	0.26	0.74
24   15	|	5	0.06	4.60	19	0.22	0.78
24   16	|	2	0.33	3.83	2	0.33	0.67
24   17	|	2	0.14	5.00	1	0.07	1.71
24   18	|	3	0.11	5.19	12	0.44	0.56
24   22	|	16	0.05	5.58	337	1.00	0.00
24   23	|	2	0.00	5.88	435	1.00	0.00
24   24	|	7	0.06	5.93	121	1.00	0.00
24   28	|	1	0.03	6.09	33	1.00	0.00
24   29	|	4	0.29	4.14	14	1.00	0.00
24   30	|	1	0.03	5.74	8	0.23	0.77
24   31	|	27	0.55	1.71	25	0.51	0.51
24   32	|	23	0.33	2.26	41	0.59	0.41
24   33	|	1	0.33	2.33	2	0.67	0.33
24   34	|	55	0.26	2.67	31	0.14	1.28
24   35	|	9	0.13	3.54	10	0.14	1.21
24   36	|	43	0.19	3.46	224	1.00	0.00
24   37	|	15	0.15	3.75	97	1.00	0.00
24   38	|	4	0.36	3.00	11	1.00	0.00
24   40	|	57	0.20	3.97	85	0.29	0.71
24   41	|	115	0.14	4.02	258	0.31	0.69
24   42	|	12	0.08	4.69	43	0.29	0.71
24   43	|	7	0.21	4.26	10	0.29	0.71
24   44	|	2	0.15	3.77	4	0.31	0.69
24   48	|	1	0.01	5.81	75	1.00	0.00
24   52	|	4	0.04	5.32	96	1.00	0.00
24   53	|	4	0.03	5.82	32	0.23	0.77

25   1	|	56	1.00	0.00	56	1.00	0.00
25   2	|	3	1.00	0.00	3	1.00	0.00
25   3	|	86	0.93	0.16	67	0.73	0.27
25   4	|	4	0.80	1.60	2	0.40	0.60
25   5	|	1	0.17	2.67	6	1.00	0.00
25   6	|	4	1.00	0.00	4	1.00	0.00
25   7	|	30	0.79	0.66	15	0.39	0.84
25   8	|	1	1.00	0.00	0	0.00	2.00
25   9	|	32	0.89	0.22	36	1.00	0.00
25   11	|	3	1.00	0.00	3	1.00	0.00
25   12	|	42	0.74	0.93	30	0.53	0.47
25   13	|	3	0.21	2.29	5	0.36	0.64
25   14	|	7	0.64	1.27	8	0.73	0.27
25   15	|	6	0.46	2.54	6	0.46	0.54
25   16	|	1	1.00	0.00	1	1.00	0.00
25   17	|	2	1.00	0.00	0	0.00	1.00
25   18	|	1	0.50	3.50	2	1.00	0.00
25   22	|	11	0.44	2.68	25	1.00	0.00
25   23	|	10	0.26	3.79	39	1.00	0.00
25   24	|	1	0.07	4.79	14	1.00	0.00
25   28	|	1	0.50	3.50	2	1.00	0.00
25   32	|	7	0.78	0.44	6	0.67	0.33
25   34	|	9	0.56	1.00	4	0.25	1.00
25   35	|	5	0.50	1.90	1	0.10	1.10
25   36	|	17	0.68	1.16	25	1.00	0.00
25   37	|	13	0.57	1.09	23	1.00	0.00
25   38	|	5	1.00	0.00	5	1.00	0.00
25   39	|	2	0.50	1.75	4	1.00	0.00
25   40	|	26	0.72	0.89	17	0.47	0.53
25   41	|	49	0.58	1.56	46	0.54	0.46
25   42	|	23	0.32	2.58	28	0.39	0.61
25   43	|	9	0.56	1.50	7	0.44	0.56
25   48	|	8	0.15	4.00	55	1.00	0.00
25   49	|	3	0.12	4.12	26	1.00	0.00
25   50	|	4	0.22	3.67	18	1.00	0.00
25   52	|	4	0.17	4.48	23	1.00	0.00
25   53	|	8	0.12	4.12	17	0.26	0.74

26   1	|	43	0.96	0.04	38	0.84	0.16
26   2	|	3	0.75	0.75	3	0.75	0.25
26   3	|	56	0.79	0.39	35	0.49	0.66
26   4	|	2	0.67	0.33	1	0.33	1.00
26   5	|	2	0.50	3.00	2	0.50	0.50
26   6	|	2	1.00	0.00	2	1.00	0.00
26   7	|	32	0.73	0.64	12	0.27	1.27
26   8	|	1	0.50	1.50	0	0.00	1.50
26   9	|	32	0.62	1.29	32	0.62	0.38
26   10	|	2	0.67	1.67	1	0.33	0.67
26   11	|	3	1.00	0.00	3	1.00	0.00
26   12	|	39	0.50	1.95	22	0.28	1.12
26   13	|	14	0.26	2.94	9	0.17	1.30
26   14	|	4	0.29	3.29	3	0.21	1.14
26   15	|	11	0.24	3.29	3	0.07	1.47
26   18	|	1	0.05	5.00	1	0.05	1.45
26   22	|	8	0.08	4.74	16	0.16	0.84
26   23	|	19	0.09	4.41	38	0.17	0.83
26   24	|	5	0.07	4.45	8	0.11	0.89
26   28	|	1	0.13	4.63	0	0.00	1.00
26   30	|	1	0.08	5.15	0	0.00	1.62
26   32	|	15	0.63	1.29	8	0.33	1.08
26   33	|	4	0.57	1.43	3	0.43	0.57
26   34	|	20	0.34	2.00	7	0.12	1.95
26   35	|	1	0.08	2.62	0	0.00	2.38
26   36	|	20	0.37	2.28	20	0.37	0.63
26   37	|	15	0.26	3.22	11	0.19	0.81
26   38	|	3	0.75	0.50	3	0.75	0.25
26   39	|	5	0.45	2.00	5	0.45	0.55
26   40	|	26	0.40	2.58	14	0.22	1.29
26   41	|	67	0.35	2.42	29	0.15	1.34
26   42	|	14	0.08	3.48	6	0.03	1.57
26   43	|	4	0.11	3.54	5	0.14	1.41
26   44	|	3	0.33	2.33	3	0.33	1.00
26   48	|	13	0.08	4.48	23	0.13	0.87
26   49	|	3	0.09	5.16	3	0.09	0.91
26   52	|	6	0.08	4.92	12	0.16	0.84
26   53	|	13	0.08	4.40	8	0.05	1.62

30   1	|	167	0.99	0.01	168	1.00	0.00
30   2	|	6	1.00	0.00	6	1.00	0.00
30   3	|	239	0.98	0.04	200	0.82	0.18
30   4	|	6	1.00	0.00	4	0.67	0.33
30   5	|	6	1.00	0.00	6	1.00	0.00
30   6	|	12	1.00	0.00	12	1.00	0.00
30   7	|	95	0.90	0.15	62	0.58	0.58
30   8	|	3	1.00	0.00	0	0.00	1.33
30   9	|	153	0.93	0.15	165	1.00	0.00
30   11	|	13	1.00	0.00	13	1.00	0.00
30   12	|	77	0.82	0.41	62	0.66	0.34
30   13	|	16	0.70	1.04	4	0.17	0.83
30   14	|	13	1.00	0.00	2	0.15	0.85
30   15	|	6	0.86	0.29	2	0.29	0.71
30   18	|	1	0.33	3.33	1	0.33	0.67
30   19	|	99	0.62	0.97	33	0.21	1.24
30   20	|	8	0.53	1.40	0	0.00	1.67
30   21	|	7	0.88	0.63	0	0.00	1.63
30   22	|	9	0.53	1.88	17	1.00	0.00
30   23	|	4	0.36	2.91	11	1.00	0.00
30   24	|	5	0.63	1.50	8	1.00	0.00
30   25	|	22	0.46	1.58	19	0.40	0.60
30   26	|	2	0.22	2.33	2	0.22	0.78
30   27	|	1	0.13	3.50	1	0.13	0.88
30   28	|	1	0.50	0.50	2	1.00	0.00
30   29	|	3	1.00	0.00	3	1.00	0.00
30   30	|	1	0.33	2.00	1	0.33	0.67
30   32	|	21	0.91	0.17	19	0.83	0.17
30   33	|	1	1.00	0.00	0	0.00	1.00
30   34	|	34	0.77	0.36	22	0.50	0.64
30   35	|	5	0.56	1.22	2	0.22	1.11
30   36	|	63	0.91	0.25	69	1.00	0.00
30   37	|	6	0.75	0.63	8	1.00	0.00
30   38	|	8	1.00	0.00	8	1.00	0.00
30   39	|	6	1.00	0.00	6	1.00	0.00
30   40	|	53	0.84	0.38	40	0.63	0.37
30   41	|	89	0.67	0.75	75	0.57	0.43
30   42	|	4	0.44	0.78	4	0.44	0.56
30   43	|	8	0.73	1.09	6	0.55	0.45
30   44	|	5	1.00	0.00	2	0.40	0.60
30   45	|	40	0.40	2.01	17	0.17	1.28
30   46	|	7	0.41	2.18	0	0.00	1.76
30   47	|	4	0.80	0.80	1	0.20	1.40
30   48	|	5	0.42	2.92	12	1.00	0.00
30   51	|	14	0.29	2.80	14	0.29	0.71
30   53	|	2	0.13	3.07	2	0.13	0.87

31   1	|	270	0.98	0.08	255	0.92	0.08
31   2	|	12	1.00	0.00	11	0.92	0.08
31   3	|	359	0.97	0.05	280	0.76	0.29
31   4	|	4	0.80	0.20	3	0.60	0.60
31   5	|	11	0.92	0.17	9	0.75	0.25
31   6	|	8	0.89	0.11	7	0.78	0.22
31   7	|	177	0.93	0.12	94	0.49	0.72
31   8	|	2	1.00	0.00	0	0.00	2.00
31   9	|	262	0.94	0.11	249	0.90	0.10
31   11	|	16	1.00	0.00	15	0.94	0.06
31   12	|	126	0.86	0.33	85	0.58	0.48
31   13	|	10	0.43	1.26	4	0.17	1.00
31   14	|	32	0.82	0.44	9	0.23	0.92
31   15	|	9	0.56	2.06	3	0.19	0.94
31   18	|	6	0.60	1.70	4	0.40	0.80
31   19	|	190	0.55	1.32	56	0.16	1.48
31   20	|	15	0.44	1.41	0	0.00	2.00
31   21	|	21	0.84	0.72	1	0.04	1.80
31   22	|	24	0.44	2.20	38	0.70	0.30
31   23	|	2	0.06	3.97	14	0.40	0.60
31   24	|	9	0.30	3.27	16	0.53	0.47
31   25	|	41	0.43	2.28	35	0.37	0.91
31   26	|	5	0.28	3.56	0	0.00	1.44
31   27	|	8	0.36	2.18	0	0.00	1.18
31   29	|	2	1.00	0.00	2	1.00	0.00
31   30	|	2	0.40	1.80	3	0.60	0.60
31   32	|	36	0.88	0.17	24	0.59	0.46
31   34	|	68	0.77	0.38	46	0.52	0.77
31   35	|	13	0.72	0.61	5	0.28	1.06
31   36	|	85	0.90	0.17	83	0.88	0.12
31   37	|	8	0.62	1.15	9	0.69	0.31
31   38	|	10	1.00	0.00	10	1.00	0.00
31   39	|	9	0.90	0.20	9	0.90	0.10
31   40	|	63	0.71	0.79	44	0.49	0.61
31   41	|	149	0.68	0.93	100	0.46	0.67
31   42	|	5	0.21	2.58	3	0.13	1.33
31   43	|	13	0.59	1.18	8	0.36	0.64
31   44	|	6	1.00	0.00	2	0.33	0.83
31   45	|	104	0.38	2.36	31	0.11	1.85
31   46	|	15	0.31	2.86	3	0.06	2.12
31   47	|	7	0.58	2.00	3	0.25	1.67
31   48	|	8	0.21	3.77	19	0.49	0.51
31   50	|	4	0.50	2.75	5	0.63	0.38
31   51	|	27	0.18	3.59	27	0.18	1.22
31   52	|	4	0.33	3.42	5	0.42	0.58
31   53	|	5	0.11	4.00	4	0.09	1.40

32   1	|	203	1.00	0.01	204	1.00	0.00
32   2	|	10	1.00	0.00	10	1.00	0.00
32   3	|	235	0.96	0.07	199	0.81	0.19
32   4	|	8	1.00	0.00	7	0.88	0.13
32   5	|	1	0.50	1.50	2	1.00	0.00
32   6	|	8	0.89	0.89	9	1.00	0.00
32   7	|	134	0.91	0.12	77	0.52	0.63
32   9	|	189	0.92	0.20	205	1.00	0.00
32   11	|	16	1.00	0.00	16	1.00	0.00
32   12	|	115	0.79	0.57	94	0.65	0.35
32   13	|	13	0.50	1.88	3	0.12	0.88
32   14	|	19	0.79	0.92	13	0.54	0.46
32   15	|	4	0.33	2.33	5	0.42	0.58
32   16	|	1	1.00	0.00	1	1.00	0.00
32   18	|	3	0.75	1.00	2	0.50	0.50
32   19	|	126	0.54	1.72	54	0.23	1.21
32   20	|	15	0.60	1.40	0	0.00	1.64
32   21	|	11	0.61	2.61	3	0.17	1.44
32   22	|	11	0.31	3.00	35	1.00	0.00
32   23	|	2	0.05	5.16	38	1.00	0.00
32   24	|	7	0.23	3.19	31	1.00	0.00
32   25	|	26	0.47	2.18	25	0.45	0.55
32   26	|	4	0.29	3.29	1	0.07	0.93
32   27	|	7	0.47	2.60	2	0.13	0.87
32   32	|	30	0.77	0.26	28	0.72	0.28
32   34	|	54	0.90	0.23	24	0.40	0.82
32   35	|	2	0.67	0.33	1	0.33	0.67
32   36	|	71	0.87	0.33	82	1.00	0.00
32   37	|	5	0.56	1.33	9	1.00	0.00
32   38	|	5	1.00	0.00	5	1.00	0.00
32   39	|	7	0.64	1.00	11	1.00	0.00
32   40	|	58	0.79	0.58	46	0.63	0.37
32   41	|	89	0.64	1.16	66	0.48	0.52
32   42	|	6	0.30	3.65	5	0.25	0.75
32   43	|	7	0.88	0.25	4	0.50	0.50
32   44	|	2	0.50	0.50	2	0.50	0.50
32   45	|	60	0.29	3.02	28	0.13	1.39
32   46	|	6	0.20	3.40	1	0.03	1.63
32   47	|	10	0.53	1.47	3	0.16	1.42
32   48	|	7	0.28	3.72	25	1.00	0.00
32   49	|	1	0.25	5.75	4	1.00	0.00
32   50	|	2	0.25	5.25	8	1.00	0.00
32   51	|	9	0.09	4.91	19	0.18	0.82
32   52	|	3	0.23	4.31	13	1.00	0.00
32   53	|	4	0.14	5.75	10	0.36	0.64

33   1	|	50	0.96	0.08	52	1.00	0.00
33   2	|	3	1.00	0.00	3	1.00	0.00
33   3	|	71	0.95	0.05	61	0.81	0.19
33   4	|	1	1.00	0.00	1	1.00	0.00
33   6	|	3	1.00	0.00	3	1.00	0.00
33   7	|	38	0.95	0.18	21	0.53	0.68
33   9	|	47	0.87	0.28	54	1.00	0.00
33   11	|	1	0.50	2.00	2	1.00	0.00
33   12	|	26	0.68	1.26	20	0.53	0.47
33   13	|	2	0.18	2.91	0	0.00	1.00
33   14	|	4	0.80	0.60	3	0.60	0.40
33   15	|	1	0.17	2.67	1	0.17	0.83
33   16	|	1	1.00	0.00	1	1.00	0.00
33   19	|	29	0.33	2.58	13	0.15	1.40
33   20	|	4	0.31	3.23	0	0.00	1.85
33   21	|	2	0.67	0.67	0	0.00	2.00
33   22	|	4	0.31	2.69	13	1.00	0.00
33   24	|	3	0.30	4.50	10	1.00	0.00
33   25	|	3	0.13	4.00	9	0.39	0.61
33   27	|	3	0.50	2.83	1	0.17	0.83
33   32	|	5	0.63	1.75	4	0.50	0.50
33   34	|	9	0.64	1.00	2	0.14	1.21
33   35	|	1	0.33	1.67	1	0.33	0.67
33   36	|	17	0.81	1.10	21	1.00	0.00
33   37	|	1	0.50	2.50	2	1.00	0.00
33   40	|	6	0.50	1.25	7	0.58	0.42
33   41	|	20	0.47	2.21	21	0.49	0.51
33   44	|	2	1.00	0.00	0	0.00	1.00
33   45	|	24	0.19	3.87	9	0.07	1.56
33   46	|	5	0.16	4.45	4	0.13	1.42
33   47	|	4	0.44	2.89	0	0.00	1.78
33   48	|	1	0.10	6.00	10	1.00	0.00
33   51	|	2	0.04	5.68	10	0.18	0.82
33   53	|	1	0.05	5.50	4	0.20	0.80

34   1	|	2	1.00	0.00	2	1.00	0.00
34   3	|	5	1.00	0.00	3	0.60	0.40
34   7	|	8	0.89	0.22	2	0.22	1.00
34   9	|	1	1.00	0.00	1	1.00	0.00
34   12	|	5	0.63	0.75	4	0.50	0.63
34   13	|	1	0.50	2.50	1	0.50	0.50
34   15	|	1	1.00	0.00	0	0.00	1.00
34   19	|	6	0.22	2.70	2	0.07	1.93
34   22	|	3	0.23	3.69	6	0.46	0.54
34   23	|	1	0.10	4.50	0	0.00	1.00
34   24	|	1	0.25	3.50	1	0.25	0.75
34   25	|	1	0.08	3.38	1	0.08	1.54
34   29	|	1	1.00	0.00	1	1.00	0.00
34   30	|	1	0.33	2.00	0	0.00	2.00
34   32	|	1	0.50	2.50	1	0.50	0.50
34   34	|	1	0.33	2.33	0	0.00	1.67
34   35	|	1	1.00	0.00	0	0.00	2.00
34   36	|	1	0.50	3.00	1	0.50	0.50
34   37	|	1	1.00	0.00	1	1.00	0.00
34   40	|	3	1.00	0.00	0	0.00	1.00
34   41	|	3	0.30	1.30	2	0.20	1.10
34   45	|	5	0.10	3.69	2	0.04	2.29
34   48	|	1	0.09	4.82	1	0.09	0.91
34   53	|	1	0.10	4.80	0	0.00	1.70

35   1	|	19	1.00	0.00	14	0.74	0.26
35   3	|	37	0.90	0.15	25	0.61	0.49
35   4	|	1	1.00	0.00	1	1.00	0.00
35   5	|	1	1.00	0.00	0	0.00	1.00
35   6	|	2	0.67	0.33	2	0.67	0.33
35   7	|	51	0.84	0.39	31	0.51	0.80
35   8	|	2	1.00	0.00	0	0.00	1.00
35   9	|	22	0.79	0.43	20	0.71	0.29
35   11	|	2	0.67	0.67	2	0.67	0.33
35   12	|	42	0.69	0.66	38	0.62	0.54
35   13	|	6	0.35	2.06	0	0.00	1.47
35   14	|	9	0.64	1.29	4	0.29	1.07
35   15	|	3	0.33	1.56	1	0.11	1.00
35   18	|	1	0.50	1.00	1	0.50	1.00
35   19	|	64	0.40	2.06	14	0.09	1.96
35   20	|	7	0.37	2.00	0	0.00	2.16
35   21	|	2	0.29	3.14	0	0.00	2.29
35   22	|	13	0.34	2.61	13	0.34	0.66
35   23	|	2	0.04	4.11	12	0.27	0.73
35   24	|	5	0.42	3.42	5	0.42	0.58
35   25	|	5	0.11	3.62	6	0.13	1.43
35   26	|	2	0.10	4.70	0	0.00	1.70
35   27	|	3	0.25	3.08	1	0.08	1.33
35   28	|	1	1.00	0.00	1	1.00	0.00
35   32	|	13	0.87	0.13	11	0.73	0.40
35   34	|	17	0.53	0.91	6	0.19	1.59
35   35	|	1	0.25	3.25	1	0.25	1.25
35   36	|	11	0.73	0.60	10	0.67	0.33
35   37	|	2	0.40	2.00	2	0.40	0.60
35   39	|	4	1.00	0.00	2	0.50	0.50
35   40	|	29	0.81	0.64	16	0.44	0.83
35   41	|	54	0.54	1.41	33	0.33	1.03
35   42	|	3	0.11	4.33	3	0.11	1.56
35   43	|	6	0.46	2.31	3	0.23	1.46
35   44	|	3	1.00	0.00	0	0.00	1.33
35   45	|	35	0.13	3.54	14	0.05	2.26
35   46	|	5	0.09	3.78	0	0.00	2.50
35   47	|	5	0.25	2.90	2	0.10	2.25
35   48	|	6	0.10	4.45	10	0.17	0.83
35   51	|	12	0.08	4.30	5	0.03	1.67
35   53	|	3	0.06	4.35	1	0.02	1.69

36   1	|	11	0.85	0.23	10	0.77	0.38
36   2	|	1	1.00	0.00	1	1.00	0.00
36   3	|	9	0.50	0.78	6	0.33	1.56
36   5	|	1	1.00	0.00	1	1.00	0.00
36   7	|	23	0.47	1.10	9	0.18	2.18
36   8	|	2	0.67	1.33	0	0.00	2.67
36   9	|	17	0.52	1.67	13	0.39	0.91
36   10	|	1	0.25	4.50	0	0.00	1.75
36   12	|	8	0.18	3.04	3	0.07	2.09
36   13	|	3	0.08	3.39	1	0.03	2.42
36   14	|	1	0.33	4.00	1	0.33	1.67
36   15	|	4	0.22	3.22	0	0.00	2.56
36   18	|	1	0.33	1.33	1	0.33	2.00
36   19	|	35	0.10	3.70	4	0.01	3.40
36   20	|	5	0.12	3.26	0	0.00	3.33
36   22	|	1	0.01	4.45	3	0.04	1.72
36   25	|	5	0.05	4.92	2	0.02	2.45
36   32	|	6	0.40	1.27	4	0.27	1.67
36   34	|	8	0.18	2.41	3	0.07	2.57
36   35	|	2	0.50	0.50	0	0.00	2.75
36   36	|	5	0.16	3.28	2	0.06	1.72
36   37	|	1	0.10	3.60	0	0.00	1.90
36   40	|	21	0.30	2.96	3	0.04	2.30
36   41	|	22	0.14	3.37	4	0.03	2.50
36   45	|	2	0.09	3.86	0	0.00	3.27
36   46	|	1	0.20	5.00	0	0.00	3.40
36   52	|	1	0.20	4.00	0	0.00	1.60
36   53	|	1	0.07	5.21	0	0.00	2.57

37   1	|	7	1.00	0.00	5	0.71	0.43
37   3	|	13	0.81	0.44	9	0.56	0.75
37   7	|	12	0.50	1.88	3	0.13	2.29
37   9	|	6	0.67	0.78	5	0.56	0.67
37   12	|	11	0.24	2.96	4	0.09	2.29
37   14	|	2	0.18	3.55	0	0.00	2.55
37   15	|	3	0.21	2.93	0	0.00	2.29
37   17	|	1	1.00	0.00	0	0.00	1.00
37   19	|	22	0.09	3.81	3	0.01	3.36
37   20	|	5	0.19	3.15	1	0.04	3.04
37   21	|	5	0.24	3.71	1	0.05	3.00
37   22	|	1	0.02	5.33	0	0.00	1.61
37   23	|	2	0.01	5.18	6	0.03	1.74
37   24	|	6	0.06	4.47	5	0.05	1.69
37   25	|	3	0.03	5.11	3	0.03	2.47
37   26	|	1	0.02	5.16	0	0.00	2.67
37   27	|	2	0.07	4.67	0	0.00	2.50
37   32	|	5	0.36	2.00	1	0.07	2.00
37   34	|	6	0.24	1.96	4	0.16	2.60
37   35	|	2	0.14	2.29	1	0.07	2.79
37   36	|	1	0.07	3.21	2	0.14	1.36
37   37	|	5	0.25	2.85	2	0.10	1.55
37   40	|	9	0.33	2.81	3	0.11	2.07
37   41	|	16	0.12	3.61	3	0.02	2.35
37   42	|	5	0.05	3.85	1	0.01	2.60
37   43	|	3	0.09	3.76	0	0.00	2.53
37   44	|	1	0.33	2.33	0	0.00	2.67
37   45	|	56	0.06	4.00	3	0.00	3.30
37   46	|	10	0.04	4.08	0	0.00	3.41
37   47	|	2	0.05	4.44	0	0.00	3.46
37   48	|	7	0.03	4.91	5	0.02	1.72
37   50	|	1	0.03	5.31	1	0.03	1.78
37   51	|	16	0.02	5.00	2	0.00	2.57
37   52	|	1	0.03	5.72	0	0.00	1.69
37   53	|	4	0.02	5.08	0	0.00	2.51

38   1	|	3	0.75	1.00	3	0.75	0.25
38   3	|	9	0.75	0.67	6	0.50	0.75
38   7	|	17	0.59	1.31	10	0.34	1.38
38   9	|	5	0.50	1.80	4	0.40	0.60
38   11	|	2	1.00	0.00	2	1.00	0.00
38   12	|	5	0.17	4.31	4	0.14	1.55
38   19	|	9	0.04	4.80	2	0.01	2.52
38   20	|	1	0.05	5.24	0	0.00	2.52
38   25	|	3	0.05	5.59	1	0.02	1.71
38   26	|	1	0.06	6.71	2	0.12	1.71
38   30	|	1	0.11	6.56	0	0.00	1.89
38   34	|	3	0.17	3.00	2	0.11	2.11
38   37	|	1	0.25	3.25	0	0.00	1.00
38   40	|	3	0.12	4.73	2	0.08	1.73
38   41	|	7	0.08	4.21	4	0.05	1.62

39   1	|	1	1.00	0.00	1	1.00	0.00
39   3	|	3	0.75	0.25	2	0.50	1.00
39   4	|	1	1.00	0.00	1	1.00	0.00
39   7	|	8	0.80	0.50	4	0.40	0.90
39   9	|	1	1.00	0.00	1	1.00	0.00
39   12	|	1	0.33	3.67	1	0.33	1.33
39   15	|	1	1.00	0.00	0	0.00	1.00
39   18	|	1	1.00	0.00	0	0.00	1.00
39   19	|	3	0.14	4.09	1	0.05	2.41
39   20	|	1	0.17	3.83	0	0.00	2.67
39   24	|	1	0.20	4.00	1	0.20	0.80
39   26	|	1	0.13	4.00	0	0.00	1.75
39   32	|	1	1.00	0.00	0	0.00	1.00
39   34	|	2	1.00	0.00	0	0.00	1.50
39   36	|	1	1.00	0.00	1	1.00	0.00
39   40	|	1	0.50	2.00	1	0.50	0.50
39   41	|	3	0.50	1.67	1	0.17	1.33
39   44	|	1	1.00	0.00	0	0.00	1.00
39   45	|	2	0.05	3.77	0	0.00	2.39
39   48	|	1	0.07	4.36	2	0.14	0.86
39   50	|	1	0.33	3.33	0	0.00	1.00
39   51	|	2	0.04	4.71	3	0.07	1.64
39   52	|	1	0.33	1.67	0	0.00	1.00
39   53	|	3	0.17	4.44	0	0.00	1.67

40   1	|	58	1.00	0.00	48	0.83	0.17
40   2	|	2	1.00	0.00	2	1.00	0.00
40   3	|	68	0.96	0.13	44	0.62	0.44
40   4	|	1	1.00	0.00	1	1.00	0.00
40   5	|	2	1.00	0.00	2	1.00	0.00
40   6	|	2	1.00	0.00	2	1.00	0.00
40   7	|	97	0.95	0.10	49	0.48	0.76
40   8	|	1	1.00	0.00	0	0.00	2.00
40   9	|	55	0.98	0.04	49	0.88	0.13
40   11	|	1	0.50	0.50	1	0.50	0.50
40   12	|	59	0.91	0.29	31	0.48	0.65
40   14	|	17	0.71	0.63	3	0.13	1.17
40   16	|	2	1.00	0.00	1	0.50	1.00
40   22	|	16	0.46	2.34	16	0.46	0.54
40   29	|	1	1.00	0.00	1	1.00	0.00
40   32	|	17	0.94	0.11	10	0.56	0.56
40   34	|	48	0.94	0.08	28	0.55	0.84
40   36	|	23	0.70	0.85	19	0.58	0.42
40   37	|	1	0.50	0.50	2	1.00	0.00
40   40	|	34	0.77	0.45	16	0.36	0.82
40   41	|	72	0.72	0.73	39	0.39	0.91

41   1	|	86	0.99	0.01	69	0.79	0.23
41   2	|	9	1.00	0.00	6	0.67	0.33
41   3	|	94	0.96	0.08	54	0.55	0.61
41   6	|	2	1.00	0.00	2	1.00	0.00
41   7	|	194	0.95	0.10	82	0.40	1.07
41   9	|	92	0.94	0.15	69	0.70	0.33
41   11	|	11	1.00	0.00	6	0.55	0.45
41   17	|	1	1.00	0.00	0	0.00	3.00
41   18	|	2	1.00	0.00	2	1.00	0.00
41   29	|	1	1.00	0.00	0	0.00	1.00
41   33	|	1	1.00	0.00	1	1.00	0.00
41   36	|	51	0.77	0.74	37	0.56	0.62
41   38	|	3	1.00	0.00	2	0.67	0.33
41   40	|	55	0.60	1.27	32	0.35	1.23
41   44	|	17	0.89	0.37	4	0.21	1.42

42   1	|	84	1.00	0.00	74	0.88	0.12
42   2	|	4	1.00	0.00	4	1.00	0.00
42   3	|	98	0.96	0.09	62	0.61	0.46
42   7	|	156	0.88	0.27	77	0.43	0.90
42   8	|	4	1.00	0.00	2	0.50	0.75
42   9	|	68	0.89	0.25	57	0.75	0.25
42   10	|	1	1.00	0.00	0	0.00	1.00
42   11	|	5	1.00	0.00	4	0.80	0.20
42   30	|	3	0.33	4.22	1	0.11	1.56
42   32	|	28	0.90	0.19	23	0.74	0.35
42   36	|	46	0.72	1.27	40	0.63	0.38
42   38	|	3	0.75	0.50	2	0.50	0.50
42   39	|	1	0.50	2.50	1	0.50	0.50
42   40	|	53	0.63	1.35	26	0.31	1.01

43   1	|	18	1.00	0.00	13	0.72	0.28
43   2	|	2	1.00	0.00	2	1.00	0.00
43   3	|	20	0.91	0.18	13	0.59	0.45
43   5	|	1	1.00	0.00	1	1.00	0.00
43   9	|	17	0.71	1.25	14	0.58	0.42
43   11	|	4	0.80	0.60	4	0.80	0.20
43   44	|	3	0.60	1.80	0	0.00	1.20

44   1	|	15	1.00	0.00	11	0.73	0.27
44   3	|	24	0.92	0.31	13	0.50	0.62
44   4	|	2	1.00	0.00	1	0.50	1.50
44   8	|	1	0.33	4.67	0	0.00	3.00
44   9	|	16	0.89	0.28	11	0.61	0.72
44   11	|	1	1.00	0.00	1	1.00	0.00
44   14	|	5	0.36	3.14	0	0.00	2.07
44   35	|	1	0.33	1.67	0	0.00	2.67
44   37	|	1	0.10	4.80	0	0.00	1.80
44   44	|	3	1.00	0.00	1	0.33	1.33

45   1	|	3	1.00	0.00	3	1.00	0.00
45   3	|	7	1.00	0.00	5	0.71	0.29
45   9	|	7	0.88	0.50	8	1.00	0.00
45   22	|	1	0.50	1.50	1	0.50	0.50
45   24	|	1	0.33	6.00	1	0.33	0.67
45   34	|	5	1.00	0.00	1	0.20	1.40
45   36	|	1	1.00	0.00	1	1.00	0.00
45   40	|	5	1.00	0.00	4	0.80	0.40
45   41	|	5	0.83	0.50	1	0.17	1.50

46   1	|	12	1.00	0.00	9	0.75	0.33
46   11	|	2	1.00	0.00	2	1.00	0.00
46   16	|	1	1.00	0.00	0	0.00	3.00
46   37	|	9	0.39	1.96	4	0.17	1.39

47   3	|	7	1.00	0.00	3	0.43	0.71
47   7	|	6	1.00	0.00	3	0.50	0.83
47   35	|	1	1.00	0.00	0	0.00	2.00

48   1	|	5	1.00	0.00	5	1.00	0.00
48   3	|	5	0.83	1.00	5	0.83	0.50
48   7	|	10	0.83	0.33	5	0.42	0.83
48   9	|	1	1.00	0.00	1	1.00	0.00
48   12	|	3	1.00	0.00	3	1.00	0.00
48   14	|	4	1.00	0.00	2	0.50	0.75
48   22	|	2	1.00	0.00	2	1.00	0.00
48   40	|	1	0.33	2.33	1	0.33	1.00
48   41	|	5	0.63	0.50	3	0.38	1.00
48   44	|	1	1.00	0.00	0	0.00	1.00

50   1	|	174	1.00	0.00	146	0.84	0.16
50   2	|	12	1.00	0.00	11	0.92	0.08
50   3	|	248	0.97	0.05	143	0.56	0.55
50   5	|	12	0.92	0.08	7	0.54	0.46
50   6	|	4	1.00	0.00	3	0.75	0.25
50   7	|	140	0.93	0.15	57	0.38	0.97
50   9	|	152	0.90	0.32	141	0.83	0.17
50   10	|	3	1.00	0.00	2	0.67	0.33
50   12	|	62	0.76	0.52	37	0.45	0.71
50   14	|	39	0.85	0.48	11	0.24	0.89
50   29	|	1	0.25	3.50	3	0.75	0.25
50   30	|	1	0.25	3.25	1	0.25	0.75
50   32	|	32	1.00	0.00	18	0.56	0.53
50   33	|	1	1.00	0.00	1	1.00	0.00
50   34	|	64	0.85	0.27	21	0.28	1.19
50   36	|	52	0.87	0.28	45	0.75	0.25
50   38	|	10	1.00	0.00	10	1.00	0.00
50   40	|	54	0.67	0.73	27	0.33	0.83
50   43	|	15	0.94	0.13	7	0.44	0.88
50   44	|	12	0.86	0.21	1	0.07	1.07

51   1	|	343	0.98	0.06	248	0.71	0.34
51   2	|	17	0.94	0.11	13	0.72	0.33
51   3	|	490	0.93	0.17	213	0.40	0.86
51   9	|	301	0.82	0.50	225	0.61	0.51
51   10	|	9	0.53	2.00	4	0.24	1.06
51   11	|	33	0.87	0.26	21	0.55	0.58
51   14	|	58	0.72	0.98	9	0.11	1.48
51   29	|	2	0.20	3.10	2	0.20	1.00
51   33	|	2	0.50	1.00	0	0.00	2.25

52   1	|	242	0.97	0.05	225	0.90	0.10
52   2	|	9	1.00	0.00	9	1.00	0.00
52   3	|	276	0.90	0.32	170	0.55	0.59
52   5	|	6	0.67	1.78	6	0.67	0.33
52   9	|	180	0.80	0.72	187	0.83	0.17
52   10	|	5	0.56	2.22	5	0.56	0.44
52   11	|	17	0.94	0.11	15	0.83	0.17
52   18	|	6	0.38	3.19	2	0.13	1.19
52   38	|	6	0.67	1.22	8	0.89	0.11
52   44	|	6	0.55	2.00	4	0.36	1.09

53   1	|	75	0.97	0.04	67	0.87	0.13
53   6	|	2	1.00	0.00	2	1.00	0.00
53   11	|	5	1.00	0.00	3	0.60	0.40
53   16	|	2	0.67	0.33	2	0.67	0.67
53   36	|	33	0.37	2.66	56	0.63	0.37
53   44	|	5	0.71	1.43	0	0.00	1.29

54   1	|	42	0.93	0.11	26	0.58	0.44
54   43	|	6	0.22	3.63	0	0.00	2.15

55   1	|	17	1.00	0.00	11	0.65	0.35
55   3	|	18	0.90	0.15	13	0.65	0.50
55   7	|	7	0.78	0.89	2	0.22	1.11
55   9	|	15	0.94	0.06	13	0.81	0.19
55   11	|	1	1.00	0.00	1	1.00	0.00
55   18	|	1	1.00	0.00	0	0.00	1.00
55   34	|	5	1.00	0.00	1	0.20	0.80
55   39	|	1	1.00	0.00	1	1.00	0.00
55   52	|	1	1.00	0.00	0	0.00	1.00


57   1	|	3	1.00	0.00	2	0.67	0.33
57   8	|	3	0.75	1.50	0	0.00	1.75
57   10	|	1	1.00	0.00	1	1.00	0.00
57   43	|	1	0.50	3.00	0	0.00	1.50

58   1	|	8	1.00	0.00	4	0.50	0.50
58   3	|	18	1.00	0.00	9	0.50	0.61
58   8	|	1	1.00	0.00	0	0.00	1.00
58   13	|	2	0.50	1.75	1	0.25	1.25
58   14	|	2	1.00	0.00	0	0.00	1.50
58   33	|	1	1.00	0.00	0	0.00	1.00

60   1	|	2	1.00	0.00	2	1.00	0.00
60   2	|	1	1.00	0.00	1	1.00	0.00
60   3	|	4	1.00	0.00	2	0.50	0.50
60   5	|	1	1.00	0.00	1	1.00	0.00
60   6	|	2	1.00	0.00	2	1.00	0.00
60   7	|	1	1.00	0.00	0	0.00	1.00
60   9	|	2	0.67	1.00	3	1.00	0.00
60   12	|	2	0.20	2.10	1	0.10	0.90
60   13	|	3	0.25	2.42	3	0.25	0.75
60   14	|	5	0.63	0.38	4	0.50	0.50
60   15	|	3	0.43	3.29	5	0.71	0.29
60   18	|	1	0.50	2.00	2	1.00	0.00
60   22	|	4	0.67	1.50	6	1.00	0.00
60   23	|	1	0.05	4.90	21	1.00	0.00
60   28	|	2	0.33	3.17	6	1.00	0.00
60   32	|	1	0.50	0.50	2	1.00	0.00
60   33	|	1	1.00	0.00	1	1.00	0.00
60   34	|	3	0.50	0.83	1	0.17	1.00
60   36	|	1	0.20	1.60	5	1.00	0.00
60   37	|	1	0.17	3.00	6	1.00	0.00
60   41	|	17	0.32	1.64	15	0.28	0.72
60   42	|	4	0.17	3.08	8	0.33	0.67
60   43	|	5	0.56	1.78	3	0.33	0.67
60   44	|	1	0.50	3.00	0	0.00	1.00
60   48	|	2	0.08	3.68	25	1.00	0.00
60   52	|	1	0.08	2.85	13	1.00	0.00
60   53	|	7	0.15	3.58	12	0.25	0.75

61   1	|	2	1.00	0.00	2	1.00	0.00
61   2	|	1	1.00	0.00	1	1.00	0.00
61   3	|	4	0.80	0.20	4	0.80	0.20
61   4	|	1	1.00	0.00	1	1.00	0.00
61   5	|	1	1.00	0.00	1	1.00	0.00
61   7	|	4	1.00	0.00	0	0.00	1.50
61   9	|	1	0.50	1.00	2	1.00	0.00
61   10	|	1	1.00	0.00	1	1.00	0.00
61   12	|	1	0.25	2.00	0	0.00	1.00
61   14	|	1	1.00	0.00	0	0.00	1.00
61   15	|	2	0.67	2.00	2	0.67	0.33
61   18	|	1	1.00	0.00	1	1.00	0.00
61   23	|	3	0.21	3.64	14	1.00	0.00
61   28	|	2	0.67	0.33	3	1.00	0.00
61   30	|	3	0.60	2.00	1	0.20	0.80
61   32	|	2	1.00	0.00	2	1.00	0.00
61   33	|	4	1.00	0.00	4	1.00	0.00
61   34	|	3	0.75	1.00	1	0.25	1.00
61   35	|	1	1.00	0.00	0	0.00	1.00
61   36	|	3	0.60	1.00	5	1.00	0.00
61   37	|	4	0.67	1.33	6	1.00	0.00
61   39	|	3	0.75	1.25	4	1.00	0.00
61   41	|	14	0.41	2.06	7	0.21	0.79
61   42	|	10	0.56	1.67	4	0.22	0.78
61   43	|	4	0.57	1.43	4	0.57	0.43
61   50	|	1	0.33	4.33	3	1.00	0.00
61   52	|	1	0.11	5.00	9	1.00	0.00
61   53	|	9	0.33	3.26	6	0.22	0.78

71   2	|	1	1.00	0.00	0	0.00	1.00
71   3	|	1	0.50	1.50	1	0.50	0.50
71   5	|	1	1.00	0.00	1	1.00	0.00
71   12	|	2	0.33	3.00	1	0.17	1.17
71   13	|	3	0.27	2.36	1	0.09	1.09
71   14	|	5	0.71	1.86	2	0.29	0.86
71   15	|	8	0.80	1.20	4	0.40	0.70
71   22	|	4	0.57	1.86	4	0.57	0.43
71   23	|	1	0.06	4.69	8	0.50	0.50
71   24	|	2	0.22	3.44	5	0.56	0.44
71   28	|	1	0.50	1.00	2	1.00	0.00
71   30	|	1	0.33	1.00	1	0.33	0.67
71   35	|	1	1.00	0.00	0	0.00	2.00
71   36	|	5	0.45	1.55	7	0.64	0.36
71   37	|	2	0.50	3.25	2	0.50	0.50
71   40	|	2	0.50	1.50	0	0.00	1.25
71   41	|	10	0.31	2.00	5	0.16	1.06
71   42	|	3	0.23	2.62	2	0.15	1.15
71   43	|	2	0.33	2.67	1	0.17	1.17
71   48	|	4	0.24	4.00	10	0.59	0.41
71   52	|	2	0.33	3.50	5	0.83	0.17
71   53	|	4	0.25	3.38	1	0.06	1.00

72   3	|	2	1.00	0.00	1	0.50	0.50
72   12	|	2	0.33	1.50	0	0.00	1.33
72   13	|	1	0.33	3.33	0	0.00	1.67
72   15	|	1	0.50	0.50	0	0.00	1.00
72   22	|	3	0.30	2.00	8	0.80	0.20
72   24	|	1	0.20	3.80	4	0.80	0.20
72   33	|	1	1.00	0.00	0	0.00	1.00
72   35	|	1	1.00	0.00	1	1.00	0.00
72   36	|	3	0.75	0.25	4	1.00	0.00
72   38	|	2	1.00	0.00	2	1.00	0.00
72   39	|	1	1.00	0.00	1	1.00	0.00
72   40	|	1	1.00	0.00	0	0.00	1.00
72   41	|	6	0.43	1.71	3	0.21	1.00
72   42	|	3	0.43	1.43	1	0.14	1.14
72   43	|	1	0.20	1.40	1	0.20	1.00
72   48	|	1	0.14	3.43	4	0.57	0.43
72   53	|	1	0.13	2.75	2	0.25	1.00

80   1	|	25	0.96	0.08	23	0.88	0.12
80   2	|	1	1.00	0.00	1	1.00	0.00
80   3	|	45	0.94	0.15	40	0.83	0.19
80   4	|	1	0.50	2.00	1	0.50	0.50
80   5	|	1	1.00	0.00	1	1.00	0.00
80   7	|	25	0.89	0.29	14	0.50	0.82
80   9	|	22	0.85	0.27	22	0.85	0.15
80   12	|	10	0.50	2.05	8	0.40	0.90
80   13	|	4	0.44	3.00	0	0.00	1.22
80   14	|	3	1.00	0.00	1	0.33	0.67
80   15	|	2	0.29	4.29	2	0.29	1.14
80   19	|	22	0.30	3.15	8	0.11	2.04
80   20	|	3	0.50	1.33	0	0.00	2.17
80   21	|	3	0.60	0.60	0	0.00	1.80
80   22	|	6	0.27	3.50	7	0.32	0.68
80   24	|	1	0.11	5.22	4	0.44	0.56
80   25	|	2	0.13	4.93	1	0.07	1.60
80   32	|	5	0.83	0.33	4	0.67	0.33
80   34	|	8	0.50	1.38	5	0.31	1.25
80   35	|	2	0.67	1.33	0	0.00	1.67
80   36	|	5	0.56	1.78	4	0.44	0.56
80   38	|	1	0.50	1.00	2	1.00	0.00
80   39	|	2	0.50	2.25	2	0.50	0.50
80   40	|	9	0.64	1.36	8	0.57	0.57
80   41	|	23	0.48	2.29	16	0.33	0.98
80   42	|	1	0.06	4.24	0	0.00	1.82
80   44	|	1	1.00	0.00	0	0.00	2.00
80   45	|	7	0.05	4.83	2	0.01	2.36
80   46	|	1	0.03	4.85	1	0.03	2.21
80   48	|	2	0.08	5.79	5	0.21	0.79
80   51	|	3	0.04	5.83	3	0.04	1.65
80   53	|	1	0.04	5.56	0	0.00	1.67

81   1	|	11	1.00	0.00	11	1.00	0.00
81   3	|	16	0.94	0.12	15	0.88	0.12
81   7	|	6	1.00	0.00	4	0.67	0.67
81   9	|	12	1.00	0.00	12	1.00	0.00
81   11	|	3	1.00	0.00	3	1.00	0.00
81   12	|	10	0.91	0.09	8	0.73	0.27
81   14	|	1	1.00	0.00	0	0.00	1.00
81   15	|	1	1.00	0.00	1	1.00	0.00
81   19	|	8	0.42	1.58	3	0.16	1.32
81   20	|	1	1.00	0.00	0	0.00	1.00
81   22	|	1	1.00	0.00	1	1.00	0.00
81   25	|	2	0.50	1.50	2	0.50	0.50
81   34	|	6	1.00	0.00	2	0.33	0.83
81   35	|	1	1.00	0.00	1	1.00	0.00
81   36	|	1	0.50	0.50	2	1.00	0.00
81   38	|	2	1.00	0.00	2	1.00	0.00
81   39	|	1	1.00	0.00	1	1.00	0.00
81   40	|	2	1.00	0.00	1	0.50	0.50
81   41	|	4	0.67	1.33	5	0.83	0.17
81   45	|	2	0.33	1.83	0	0.00	1.67
81   47	|	1	1.00	0.00	0	0.00	2.00
81   51	|	1	0.20	3.20	2	0.40	0.60

82   1	|	40	0.98	0.07	34	0.83	0.17
82   2	|	1	1.00	0.00	1	1.00	0.00
82   3	|	47	0.92	0.10	35	0.69	0.35
82   4	|	2	0.67	0.67	1	0.33	1.00
82   5	|	4	1.00	0.00	4	1.00	0.00
82   6	|	3	1.00	0.00	3	1.00	0.00
82   7	|	16	0.84	0.42	5	0.26	1.05
82   8	|	1	1.00	0.00	0	0.00	1.00
82   9	|	29	0.88	0.45	29	0.88	0.12
82   11	|	3	0.75	2.00	3	0.75	0.25
82   12	|	11	0.50	1.68	9	0.41	0.91
82   14	|	3	0.60	1.60	3	0.60	0.60
82   15	|	2	0.33	2.17	1	0.17	1.17
82   19	|	20	0.28	2.72	6	0.08	1.79
82   20	|	2	0.33	2.83	0	0.00	2.50
82   21	|	2	0.50	1.25	1	0.25	1.50
82   22	|	5	0.25	3.80	9	0.45	0.55
82   23	|	1	0.03	4.53	7	0.22	0.78
82   25	|	1	0.06	3.44	3	0.17	1.22
82   26	|	1	0.17	5.00	0	0.00	1.67
82   32	|	6	0.86	0.43	5	0.71	0.29
82   33	|	1	1.00	0.00	1	1.00	0.00
82   34	|	10	0.59	0.88	4	0.24	1.00
82   36	|	15	0.71	0.90	17	0.81	0.19
82   37	|	4	0.80	0.60	3	0.60	0.40
82   38	|	1	1.00	0.00	1	1.00	0.00
82   39	|	1	0.50	2.00	2	1.00	0.00
82   40	|	13	0.68	1.11	9	0.47	0.63
82   41	|	23	0.50	2.02	20	0.43	0.89
82   42	|	1	0.06	4.11	0	0.00	1.61
82   43	|	1	0.20	3.00	0	0.00	1.40
82   44	|	3	1.00	0.00	2	0.67	0.33
82   45	|	22	0.19	3.10	4	0.03	2.17
82   46	|	1	0.03	3.65	1	0.03	2.19
82   47	|	5	0.45	2.55	0	0.00	2.27
82   48	|	4	0.13	4.38	6	0.19	0.81
82   49	|	2	0.20	3.50	4	0.40	0.60
82   50	|	1	0.33	4.67	1	0.33	0.67
82   51	|	2	0.03	5.02	3	0.05	1.55
82   52	|	2	0.25	3.25	2	0.25	0.75
82   53	|	2	0.10	4.57	1	0.05	1.52

83   1	|	6	1.00	0.00	6	1.00	0.00
83   2	|	1	1.00	0.00	1	1.00	0.00
83   3	|	11	1.00	0.00	8	0.73	0.27
83   7	|	8	0.89	0.11	5	0.56	0.67
83   9	|	9	0.90	0.20	10	1.00	0.00
83   12	|	2	1.00	0.00	2	1.00	0.00
83   13	|	1	1.00	0.00	1	1.00	0.00
83   14	|	2	1.00	0.00	2	1.00	0.00
83   19	|	7	0.70	0.70	5	0.50	0.70
83   22	|	1	1.00	0.00	1	1.00	0.00
83   25	|	2	0.67	2.00	2	0.67	0.33
83   34	|	4	1.00	0.00	3	0.75	0.25
83   36	|	4	0.80	0.20	5	1.00	0.00
83   38	|	2	1.00	0.00	2	1.00	0.00
83   40	|	3	0.75	0.50	2	0.50	0.50
83   41	|	6	0.67	1.00	3	0.33	0.67
83   45	|	1	0.50	0.50	0	0.00	1.50
83   46	|	1	0.33	2.33	0	0.00	1.67
83   48	|	1	0.50	1.00	2	1.00	0.00
83   51	|	2	0.33	4.33	0	0.00	1.00

84   1	|	13	1.00	0.00	13	1.00	0.00
84   3	|	24	0.96	0.08	22	0.88	0.12
84   7	|	9	0.82	0.27	4	0.36	0.91
84   9	|	14	0.93	0.20	15	1.00	0.00
84   12	|	4	1.00	0.00	3	0.75	0.25
84   13	|	2	1.00	0.00	0	0.00	1.00
84   19	|	8	0.62	1.54	2	0.15	1.62
84   20	|	1	1.00	0.00	0	0.00	2.00
84   21	|	1	1.00	0.00	0	0.00	1.00
84   25	|	1	0.50	1.00	2	1.00	0.00
84   34	|	9	1.00	0.00	4	0.44	0.89
84   36	|	1	1.00	0.00	1	1.00	0.00
84   38	|	1	1.00	0.00	1	1.00	0.00
84   40	|	4	0.67	0.67	0	0.00	1.17
84   41	|	6	0.60	0.70	6	0.60	0.40
84   45	|	7	0.64	1.36	3	0.27	1.27
84   47	|	1	1.00	0.00	1	1.00	0.00
84   48	|	1	0.50	5.00	1	0.50	0.50

86   1	|	2	1.00	0.00	1	0.50	1.00
86   3	|	2	1.00	0.00	1	0.50	0.50
86   7	|	5	0.71	0.57	1	0.14	2.43
86   9	|	3	0.60	2.20	3	0.60	0.60
86   11	|	1	1.00	0.00	1	1.00	0.00
86   12	|	4	0.27	2.13	3	0.20	1.93
86   13	|	3	0.27	2.18	1	0.09	2.18
86   19	|	2	0.03	3.67	0	0.00	3.40
86   20	|	1	0.08	3.62	0	0.00	3.62
86   22	|	2	0.09	4.55	1	0.05	1.82
86   23	|	4	0.11	5.18	0	0.00	1.82
86   32	|	1	1.00	0.00	1	1.00	0.00
86   34	|	1	0.20	2.00	0	0.00	3.00
86   36	|	2	0.33	2.00	2	0.33	1.17
86   37	|	1	0.33	4.33	1	0.33	1.33
86   40	|	1	0.09	3.27	1	0.09	2.00
86   41	|	2	0.06	3.85	1	0.03	2.50
86   43	|	1	0.33	3.33	0	0.00	2.33
86   45	|	6	0.06	4.10	0	0.00	3.35
86   46	|	1	0.03	3.62	0	0.00	3.45
86   48	|	1	0.05	5.25	0	0.00	1.75
86   51	|	3	0.04	4.59	0	0.00	2.58

