0   1	|	56	1.00	0.00	56	1.00	0.00
0   2	|	311	1.00	0.00	311	1.00	0.00
0   3	|	30	0.86	0.29	13	0.37	0.63
0   4	|	92	0.98	0.11	73	0.78	0.22
0   5	|	71	0.91	0.15	78	1.00	0.00
0   7	|	45	0.83	0.30	11	0.20	1.00
0   8	|	26	0.79	0.55	4	0.12	1.33
0   9	|	14	0.20	1.18	71	1.00	0.00
0   10	|	106	0.88	0.20	120	1.00	0.00
0   12	|	18	0.39	1.26	10	0.22	0.78
0   13	|	79	0.56	1.16	67	0.48	0.52
0   15	|	44	0.72	0.67	25	0.41	0.59
0   22	|	5	0.14	2.69	36	1.00	0.00
0   23	|	16	0.40	2.68	40	1.00	0.00
0   24	|	1	0.20	4.40	5	1.00	0.00
0   28	|	2	0.50	2.00	4	1.00	0.00
0   30	|	3	0.30	2.50	6	0.60	0.40
0   32	|	5	0.50	1.70	1	0.10	0.90
0   33	|	11	0.92	0.50	11	0.92	0.08
0   34	|	9	0.50	1.17	0	0.00	1.44
0   35	|	21	0.88	0.50	8	0.33	1.00
0   36	|	2	0.06	2.06	34	1.00	0.00
0   37	|	86	0.81	0.51	106	1.00	0.00
0   40	|	22	0.25	1.38	35	0.40	0.60
0   41	|	16	0.15	2.49	28	0.26	0.74
0   42	|	1	1.00	0.00	0	0.00	1.00
0   52	|	8	0.53	1.13	15	1.00	0.00
0   53	|	4	0.40	1.80	3	0.30	0.70

1   1	|	76	1.00	0.00	76	1.00	0.00
1   2	|	400	1.00	0.02	402	1.00	0.00
1   3	|	66	0.92	0.25	30	0.42	0.58
1   4	|	162	1.00	0.00	134	0.83	0.17
1   5	|	117	0.92	0.09	127	1.00	0.00
1   7	|	77	0.75	0.57	15	0.15	1.30
1   8	|	35	0.81	0.30	11	0.26	1.05
1   9	|	28	0.23	1.02	123	1.00	0.00
1   10	|	193	0.91	0.17	211	1.00	0.00
1   12	|	28	0.34	1.57	22	0.27	0.73
1   13	|	133	0.60	0.91	101	0.46	0.54
1   15	|	72	0.73	0.62	57	0.58	0.42
1   16	|	2	0.50	0.75	2	0.50	0.50
1   17	|	1	0.25	2.25	0	0.00	1.75
1   22	|	1	0.02	2.78	51	1.00	0.00
1   23	|	22	0.38	2.41	58	1.00	0.00
1   24	|	1	0.17	4.00	6	1.00	0.00
1   28	|	6	0.46	1.54	13	1.00	0.00
1   29	|	1	0.20	3.60	5	1.00	0.00
1   30	|	3	0.43	1.71	2	0.29	0.71
1   32	|	8	0.67	1.00	4	0.33	0.67
1   33	|	12	0.80	0.60	9	0.60	0.40
1   34	|	20	0.56	0.86	2	0.06	1.50
1   35	|	40	0.89	0.31	15	0.33	1.02
1   36	|	8	0.19	1.67	43	1.00	0.00
1   37	|	106	0.81	0.45	131	1.00	0.00
1   40	|	32	0.26	1.38	52	0.42	0.58
1   41	|	35	0.23	2.02	40	0.26	0.74
1   43	|	2	0.50	1.50	0	0.00	1.00
1   52	|	10	0.63	1.13	16	1.00	0.00
1   53	|	4	0.22	3.17	8	0.44	0.56

10   1	|	1392	1.00	0.00	1396	1.00	0.00
10   2	|	110	0.98	0.04	112	1.00	0.00
10   3	|	2489	0.98	0.04	1832	0.72	0.28
10   4	|	68	0.99	0.04	31	0.45	0.55
10   5	|	33	0.73	0.60	45	1.00	0.00
10   6	|	60	0.98	0.02	61	1.00	0.00
10   7	|	939	0.93	0.13	427	0.42	0.76
10   8	|	37	0.95	0.15	18	0.46	0.74
10   9	|	716	0.86	0.24	830	1.00	0.00
10   10	|	24	0.60	0.90	40	1.00	0.00
10   11	|	77	0.99	0.04	78	1.00	0.00
10   12	|	643	0.85	0.36	494	0.65	0.35
10   13	|	186	0.58	1.10	104	0.33	0.67
10   14	|	158	0.84	0.46	66	0.35	0.65
10   15	|	74	0.63	1.03	32	0.27	0.73
10   16	|	18	0.95	0.21	10	0.53	0.47
10   17	|	6	1.00	0.00	2	0.33	0.67
10   18	|	18	0.60	1.73	16	0.53	0.47
10   22	|	117	0.39	2.07	302	1.00	0.00
10   23	|	52	0.15	3.25	350	1.00	0.00
10   24	|	61	0.35	2.13	172	1.00	0.00
10   28	|	5	0.31	2.13	16	1.00	0.00
10   29	|	3	0.50	1.83	6	1.00	0.00
10   30	|	10	0.26	2.90	7	0.18	0.82
10   32	|	231	0.97	0.05	135	0.56	0.44
10   33	|	32	0.84	0.39	29	0.76	0.24
10   34	|	738	0.92	0.17	341	0.43	0.73
10   35	|	92	0.79	0.67	33	0.28	0.94
10   36	|	487	0.78	0.44	623	1.00	0.00
10   37	|	123	0.66	1.01	185	1.00	0.00
10   38	|	57	0.97	0.08	59	1.00	0.00
10   39	|	43	0.93	0.20	46	1.00	0.00
10   40	|	409	0.71	0.68	268	0.47	0.53
10   41	|	1276	0.73	0.69	884	0.50	0.50
10   42	|	180	0.53	1.48	108	0.32	0.68
10   43	|	84	0.71	0.75	44	0.37	0.63
10   44	|	43	0.91	0.23	24	0.51	0.49
10   48	|	74	0.30	2.52	248	1.00	0.00
10   49	|	6	0.19	3.35	31	1.00	0.00
10   50	|	5	0.24	3.95	21	1.00	0.00
10   52	|	20	0.20	2.59	98	1.00	0.00
10   53	|	36	0.19	3.19	37	0.20	0.80

11   1	|	2533	0.99	0.03	2265	0.89	0.11
11   2	|	185	0.97	0.09	167	0.88	0.12
11   3	|	4574	0.96	0.09	2821	0.59	0.50
11   4	|	109	0.92	0.30	47	0.40	0.74
11   5	|	65	0.70	0.96	55	0.59	0.41
11   6	|	98	0.96	0.17	82	0.80	0.20
11   7	|	1956	0.91	0.24	690	0.32	1.09
11   8	|	68	0.88	0.51	9	0.12	1.58
11   9	|	1485	0.85	0.39	1401	0.80	0.20
11   10	|	32	0.55	1.19	29	0.50	0.50
11   11	|	118	0.93	0.23	99	0.78	0.22
11   12	|	1184	0.74	0.78	768	0.48	0.72
11   13	|	280	0.46	1.85	72	0.12	1.28
11   14	|	298	0.78	0.74	116	0.30	0.93
11   15	|	172	0.51	1.76	34	0.10	1.28
11   16	|	22	0.96	0.22	13	0.57	0.61
11   17	|	12	0.71	1.35	4	0.24	1.59
11   18	|	41	0.48	1.87	26	0.31	1.04
11   22	|	254	0.24	3.06	458	0.43	0.57
11   23	|	108	0.08	3.99	367	0.26	0.74
11   24	|	144	0.22	3.18	260	0.39	0.61
11   28	|	5	0.13	3.48	10	0.25	0.75
11   29	|	10	0.36	3.32	11	0.39	0.61
11   30	|	22	0.27	3.15	6	0.07	1.49
11   32	|	453	0.89	0.28	194	0.38	0.84
11   33	|	53	0.82	0.52	36	0.55	0.55
11   34	|	1509	0.89	0.32	525	0.31	1.15
11   35	|	175	0.67	1.03	35	0.13	1.61
11   36	|	918	0.73	0.72	912	0.72	0.28
11   37	|	213	0.47	1.84	195	0.43	0.57
11   38	|	88	0.85	0.63	78	0.75	0.25
11   39	|	71	0.63	1.30	67	0.60	0.40
11   40	|	791	0.63	1.20	393	0.31	0.96
11   41	|	2543	0.65	1.06	1368	0.35	0.90
11   42	|	360	0.36	2.36	118	0.12	1.38
11   43	|	171	0.53	1.74	55	0.17	1.23
11   44	|	104	0.81	0.72	28	0.22	1.02
11   48	|	184	0.14	3.66	404	0.31	0.69
11   49	|	13	0.07	4.27	49	0.28	0.72
11   50	|	8	0.12	3.99	26	0.38	0.62
11   52	|	30	0.08	4.09	101	0.28	0.72
11   53	|	98	0.11	4.05	62	0.07	1.53

12   1	|	1817	0.98	0.04	1854	1.00	0.00
12   2	|	136	0.99	0.05	138	1.00	0.00
12   3	|	3171	0.95	0.10	2342	0.70	0.30
12   4	|	71	0.90	0.30	44	0.56	0.44
12   5	|	40	0.77	0.83	52	1.00	0.00
12   6	|	72	0.99	0.05	73	1.00	0.00
12   7	|	1337	0.89	0.32	574	0.38	0.85
12   8	|	29	0.66	1.07	13	0.30	0.93
12   9	|	969	0.85	0.44	1137	1.00	0.00
12   10	|	14	0.39	1.86	36	1.00	0.00
12   11	|	67	0.96	0.16	70	1.00	0.00
12   12	|	718	0.69	1.08	570	0.55	0.45
12   13	|	144	0.33	2.78	93	0.21	0.79
12   14	|	183	0.69	1.30	118	0.45	0.55
12   15	|	77	0.36	2.89	55	0.26	0.74
12   16	|	16	0.89	0.67	8	0.44	0.56
12   17	|	5	0.36	3.86	1	0.07	1.57
12   18	|	23	0.35	3.45	29	0.44	0.56
12   22	|	152	0.23	3.86	656	1.00	0.00
12   23	|	31	0.03	5.20	947	1.00	0.00
12   24	|	78	0.16	4.23	501	1.00	0.00
12   28	|	4	0.12	4.67	33	1.00	0.00
12   29	|	7	0.50	2.64	14	1.00	0.00
12   30	|	6	0.10	5.58	7	0.12	0.88
12   32	|	252	0.77	0.64	186	0.57	0.43
12   33	|	28	0.67	1.00	29	0.69	0.31
12   34	|	1011	0.82	0.57	480	0.39	0.81
12   35	|	74	0.44	2.08	35	0.21	1.16
12   36	|	581	0.73	0.93	801	1.00	0.00
12   37	|	89	0.34	2.72	265	1.00	0.00
12   38	|	47	0.84	0.70	56	1.00	0.00
12   39	|	32	0.43	2.23	75	1.00	0.00
12   40	|	498	0.60	1.46	339	0.41	0.59
12   41	|	1600	0.61	1.44	1235	0.47	0.53
12   42	|	147	0.20	3.54	195	0.27	0.73
12   43	|	97	0.39	2.89	79	0.32	0.68
12   44	|	50	0.79	0.81	30	0.48	0.52
12   48	|	89	0.12	4.51	756	1.00	0.00
12   49	|	7	0.05	5.23	147	1.00	0.00
12   50	|	9	0.16	4.96	56	1.00	0.00
12   52	|	12	0.04	5.21	271	1.00	0.00
12   53	|	38	0.05	5.12	141	0.19	0.81

13   1	|	476	0.93	0.14	510	1.00	0.00
13   2	|	40	0.91	0.14	44	1.00	0.00
13   3	|	844	0.88	0.31	662	0.69	0.31
13   4	|	25	0.61	1.24	25	0.61	0.39
13   5	|	17	0.52	1.73	33	1.00	0.00
13   6	|	18	0.72	0.88	25	1.00	0.00
13   7	|	398	0.76	0.72	172	0.33	0.94
13   8	|	11	0.50	2.32	5	0.23	1.14
13   9	|	269	0.68	1.08	398	1.00	0.00
13   10	|	9	0.26	2.49	35	1.00	0.00
13   11	|	19	1.00	0.00	19	1.00	0.00
13   12	|	215	0.46	2.19	220	0.47	0.53
13   13	|	68	0.19	3.54	94	0.27	0.73
13   14	|	59	0.48	2.12	48	0.39	0.61
13   15	|	29	0.19	3.83	52	0.34	0.66
13   16	|	2	0.67	1.33	2	0.67	0.33
13   17	|	4	0.50	1.75	1	0.13	1.25
13   18	|	6	0.20	4.43	11	0.37	0.63
13   22	|	35	0.07	4.62	477	1.00	0.00
13   23	|	28	0.03	5.20	956	1.00	0.00
13   24	|	32	0.10	4.88	331	1.00	0.00
13   28	|	1	0.03	5.25	32	1.00	0.00
13   29	|	1	0.08	5.08	12	1.00	0.00
13   30	|	4	0.09	4.94	8	0.17	0.83
13   32	|	81	0.60	1.14	80	0.59	0.41
13   33	|	17	0.59	1.72	24	0.83	0.17
13   34	|	277	0.63	1.24	138	0.31	0.92
13   35	|	60	0.42	2.15	31	0.22	1.10
13   36	|	145	0.46	1.95	318	1.00	0.00
13   37	|	72	0.26	3.03	273	1.00	0.00
13   38	|	12	0.48	2.12	25	1.00	0.00
13   39	|	16	0.28	3.11	57	1.00	0.00
13   40	|	134	0.36	2.63	107	0.28	0.72
13   41	|	481	0.37	2.48	450	0.35	0.65
13   42	|	99	0.15	3.75	204	0.32	0.68
13   43	|	33	0.25	3.38	35	0.27	0.73
13   44	|	18	0.42	2.26	15	0.35	0.65
13   48	|	29	0.05	5.18	547	1.00	0.00
13   49	|	5	0.04	5.37	123	1.00	0.00
13   50	|	5	0.09	4.65	55	1.00	0.00
13   52	|	5	0.02	5.26	246	1.00	0.00
13   53	|	20	0.04	5.26	77	0.16	0.84

14   1	|	317	0.95	0.12	286	0.86	0.14
14   2	|	8	0.67	1.00	8	0.67	0.33
14   3	|	565	0.87	0.37	347	0.53	0.59
14   4	|	12	0.80	0.60	8	0.53	0.73
14   5	|	12	0.43	2.54	13	0.46	0.54
14   6	|	14	0.70	1.15	10	0.50	0.50
14   7	|	246	0.73	0.96	87	0.26	1.31
14   8	|	3	0.21	3.00	1	0.07	1.64
14   9	|	162	0.60	1.44	157	0.58	0.42
14   10	|	4	0.36	3.00	3	0.27	0.73
14   11	|	13	0.62	1.48	12	0.57	0.43
14   12	|	155	0.39	2.48	102	0.26	1.15
14   13	|	34	0.12	4.21	12	0.04	1.57
14   14	|	36	0.38	3.16	16	0.17	1.20
14   15	|	20	0.16	4.02	9	0.07	1.51
14   16	|	2	0.50	1.25	1	0.25	1.25
14   18	|	4	0.11	4.75	3	0.08	1.61
14   22	|	30	0.06	4.86	114	0.24	0.76
14   23	|	20	0.02	5.64	182	0.18	0.82
14   24	|	27	0.08	4.93	67	0.19	0.81
14   28	|	3	0.13	4.87	6	0.26	0.74
14   29	|	1	0.09	5.18	4	0.36	0.64
14   30	|	2	0.06	4.50	1	0.03	1.56
14   32	|	75	0.57	1.33	27	0.20	1.06
14   33	|	7	0.54	1.08	3	0.23	1.00
14   34	|	252	0.62	1.32	80	0.20	1.54
14   35	|	27	0.29	2.70	8	0.09	1.85
14   36	|	118	0.43	2.30	118	0.43	0.57
14   37	|	42	0.18	3.38	70	0.30	0.70
14   38	|	13	0.59	2.18	11	0.50	0.50
14   39	|	10	0.23	3.77	13	0.30	0.70
14   40	|	103	0.27	3.01	57	0.15	1.30
14   41	|	316	0.30	2.99	185	0.17	1.28
14   42	|	70	0.11	4.19	38	0.06	1.54
14   43	|	21	0.15	4.11	18	0.13	1.46
14   44	|	11	0.42	3.12	5	0.19	1.19
14   48	|	27	0.03	5.18	142	0.18	0.82
14   49	|	5	0.03	5.76	30	0.18	0.82
14   50	|	5	0.09	4.84	8	0.14	0.86
14   52	|	4	0.02	5.57	30	0.16	0.84
14   53	|	16	0.04	5.50	11	0.03	1.62

15   1	|	108	1.00	0.00	108	1.00	0.00
15   2	|	10	1.00	0.00	10	1.00	0.00
15   3	|	174	0.98	0.04	126	0.71	0.29
15   4	|	3	1.00	0.00	2	0.67	0.33
15   5	|	5	0.83	0.17	6	1.00	0.00
15   6	|	4	1.00	0.00	4	1.00	0.00
15   7	|	70	0.96	0.05	28	0.38	0.78
15   9	|	63	0.85	0.42	74	1.00	0.00
15   11	|	3	1.00	0.00	3	1.00	0.00
15   12	|	38	0.79	0.46	33	0.69	0.31
15   13	|	4	0.44	2.11	0	0.00	1.00
15   14	|	7	0.64	1.36	5	0.45	0.55
15   15	|	5	0.83	0.33	4	0.67	0.33
15   16	|	1	1.00	0.00	1	1.00	0.00
15   22	|	8	0.44	1.94	18	1.00	0.00
15   23	|	3	0.16	2.32	19	1.00	0.00
15   24	|	2	0.22	2.67	9	1.00	0.00
15   32	|	20	0.95	0.05	14	0.67	0.33
15   33	|	5	1.00	0.00	5	1.00	0.00
15   34	|	49	0.91	0.28	21	0.39	0.70
15   35	|	5	0.63	1.00	1	0.13	1.00
15   36	|	35	0.85	0.34	41	1.00	0.00
15   37	|	4	0.67	2.17	6	1.00	0.00
15   38	|	1	1.00	0.00	1	1.00	0.00
15   39	|	1	1.00	0.00	1	1.00	0.00
15   40	|	19	0.70	0.74	12	0.44	0.56
15   41	|	81	0.72	0.58	60	0.53	0.47
15   42	|	9	0.60	1.60	5	0.33	0.67
15   43	|	2	1.00	0.00	0	0.00	1.00
15   44	|	5	1.00	0.00	1	0.20	0.80
15   48	|	4	0.24	2.24	17	1.00	0.00
15   49	|	2	0.33	2.00	6	1.00	0.00
15   50	|	1	1.00	0.00	1	1.00	0.00
15   53	|	2	0.22	3.67	0	0.00	1.00

16   1	|	356	0.97	0.06	311	0.85	0.15
16   2	|	35	0.90	0.26	29	0.74	0.26
16   3	|	605	0.88	0.30	357	0.52	0.65
16   4	|	63	0.77	0.77	24	0.29	0.99
16   5	|	25	0.35	1.68	31	0.43	0.57
16   6	|	17	0.85	0.30	14	0.70	0.30
16   7	|	338	0.68	0.84	81	0.16	1.62
16   8	|	91	0.77	0.73	22	0.19	1.66
16   9	|	232	0.51	1.39	210	0.46	0.54
16   10	|	51	0.48	1.68	45	0.42	0.58
16   11	|	19	0.86	0.18	17	0.77	0.23
16   12	|	248	0.37	2.04	116	0.17	1.30
16   13	|	460	0.41	1.87	231	0.21	1.21
16   14	|	49	0.35	2.18	23	0.16	1.27
16   15	|	93	0.30	2.38	57	0.18	1.31
16   16	|	5	0.28	2.72	2	0.11	1.50
16   17	|	2	0.14	2.29	0	0.00	2.43
16   18	|	7	0.10	4.33	6	0.09	1.39
16   22	|	82	0.10	3.71	245	0.28	0.72
16   23	|	303	0.15	3.64	615	0.31	0.69
16   24	|	33	0.07	4.06	136	0.28	0.72
16   28	|	11	0.17	3.51	20	0.32	0.68
16   29	|	3	0.10	3.72	8	0.28	0.72
16   30	|	18	0.18	3.10	11	0.11	1.46
16   32	|	115	0.68	0.91	52	0.31	0.91
16   33	|	55	0.81	0.56	35	0.51	0.66
16   34	|	298	0.60	1.04	89	0.18	1.55
16   35	|	220	0.65	1.04	45	0.13	1.64
16   36	|	190	0.35	1.85	220	0.41	0.59
16   37	|	475	0.55	1.50	442	0.51	0.49
16   38	|	27	0.51	1.36	25	0.47	0.53
16   39	|	34	0.35	2.18	33	0.34	0.66
16   40	|	190	0.29	2.14	87	0.13	1.39
16   41	|	561	0.30	2.29	282	0.15	1.30
16   42	|	714	0.42	2.08	314	0.18	1.25
16   43	|	55	0.24	2.56	27	0.12	1.43
16   44	|	13	0.31	2.83	3	0.07	1.50
16   48	|	100	0.09	3.82	332	0.29	0.71
16   49	|	25	0.12	3.84	71	0.33	0.67
16   50	|	1	0.02	4.47	12	0.20	0.80
16   52	|	87	0.17	3.66	154	0.30	0.70
16   53	|	164	0.15	3.64	111	0.10	1.46

17   1	|	53	0.98	0.02	54	1.00	0.00
17   2	|	5	0.83	0.67	6	1.00	0.00
17   3	|	87	0.96	0.04	55	0.60	0.40
17   4	|	5	1.00	0.00	3	0.60	0.40
17   5	|	2	0.67	0.33	3	1.00	0.00
17   6	|	1	1.00	0.00	1	1.00	0.00
17   7	|	34	0.87	0.36	12	0.31	0.90
17   8	|	9	0.82	0.55	5	0.45	0.73
17   9	|	39	0.76	0.53	51	1.00	0.00
17   10	|	6	0.75	0.63	8	1.00	0.00
17   11	|	4	1.00	0.00	4	1.00	0.00
17   12	|	31	0.53	1.07	27	0.46	0.54
17   13	|	53	0.60	1.05	36	0.41	0.59
17   14	|	9	0.69	0.54	6	0.46	0.54
17   15	|	6	0.38	2.00	7	0.44	0.56
17   17	|	1	0.50	0.50	0	0.00	1.50
17   18	|	1	0.50	1.00	2	1.00	0.00
17   22	|	10	0.19	2.66	53	1.00	0.00
17   23	|	29	0.29	2.69	101	1.00	0.00
17   24	|	3	0.20	2.87	15	1.00	0.00
17   32	|	13	0.93	0.07	11	0.79	0.21
17   33	|	8	1.00	0.00	8	1.00	0.00
17   34	|	38	0.90	0.26	14	0.33	0.88
17   35	|	27	0.84	0.47	14	0.44	0.66
17   36	|	22	0.52	1.24	42	1.00	0.00
17   37	|	50	0.68	0.85	73	1.00	0.00
17   38	|	2	1.00	0.00	2	1.00	0.00
17   39	|	7	0.64	1.00	11	1.00	0.00
17   40	|	31	0.55	1.13	23	0.41	0.59
17   41	|	77	0.47	1.33	64	0.39	0.61
17   42	|	64	0.60	1.11	53	0.50	0.50
17   43	|	5	0.50	1.60	1	0.10	0.90
17   44	|	3	0.43	1.43	4	0.57	0.43
17   48	|	3	0.09	2.78	32	1.00	0.00
17   49	|	5	0.50	2.40	10	1.00	0.00
17   52	|	11	0.35	2.42	31	1.00	0.00
17   53	|	10	0.19	2.75	16	0.30	0.70

18   1	|	122	1.00	0.00	114	0.93	0.07
18   2	|	4	1.00	0.00	4	1.00	0.00
18   3	|	178	0.95	0.07	123	0.65	0.36
18   4	|	11	1.00	0.00	7	0.64	0.36
18   5	|	2	1.00	0.00	1	0.50	0.50
18   6	|	6	1.00	0.00	6	1.00	0.00
18   7	|	66	0.93	0.14	29	0.41	0.85
18   9	|	39	0.80	0.45	47	0.96	0.04
18   10	|	1	0.33	1.67	2	0.67	0.33
18   11	|	8	1.00	0.00	7	0.88	0.13
18   12	|	51	0.72	0.72	38	0.54	0.52
18   13	|	6	0.60	0.60	3	0.30	0.70
18   14	|	11	0.85	0.46	6	0.46	0.69
18   15	|	1	0.17	2.67	2	0.33	1.00
18   16	|	1	1.00	0.00	1	1.00	0.00
18   17	|	1	1.00	0.00	0	0.00	2.00
18   18	|	2	1.00	0.00	2	1.00	0.00
18   22	|	12	0.43	1.79	24	0.86	0.14
18   23	|	3	0.12	3.88	10	0.38	0.62
18   24	|	1	0.09	2.64	7	0.64	0.36
18   32	|	15	0.79	0.84	10	0.53	0.58
18   34	|	58	0.94	0.18	26	0.42	0.87
18   35	|	2	0.50	2.25	1	0.25	1.50
18   36	|	41	0.66	0.69	55	0.89	0.11
18   37	|	8	0.50	1.19	13	0.81	0.19
18   38	|	6	0.86	0.43	6	0.86	0.14
18   39	|	3	1.00	0.00	3	1.00	0.00
18   40	|	29	0.76	0.53	18	0.47	0.55
18   41	|	99	0.66	0.91	63	0.42	0.67
18   42	|	3	0.18	2.59	5	0.29	0.82
18   43	|	5	0.63	1.13	3	0.38	0.75
18   44	|	4	0.80	0.20	2	0.40	0.80
18   48	|	4	0.14	3.25	17	0.61	0.39
18   49	|	1	0.25	2.25	4	1.00	0.00
18   52	|	3	0.21	3.71	8	0.57	0.43
18   53	|	3	0.27	2.64	1	0.09	1.09

20   1	|	116	0.98	0.02	118	1.00	0.00
20   2	|	4	1.00	0.00	4	1.00	0.00
20   3	|	170	0.93	0.15	130	0.71	0.29
20   4	|	4	0.67	1.00	4	0.67	0.33
20   5	|	3	0.38	2.50	8	1.00	0.00
20   6	|	5	1.00	0.00	5	1.00	0.00
20   7	|	70	0.76	0.48	30	0.33	0.96
20   8	|	3	0.75	0.50	0	0.00	1.50
20   9	|	79	0.81	0.48	97	1.00	0.00
20   11	|	5	1.00	0.00	5	1.00	0.00
20   12	|	123	0.67	1.02	107	0.58	0.42
20   13	|	9	0.24	2.68	10	0.26	0.74
20   14	|	10	0.59	1.53	6	0.35	0.65
20   15	|	9	0.36	2.16	6	0.24	0.76
20   16	|	1	0.50	3.50	1	0.50	0.50
20   17	|	3	1.00	0.00	1	0.33	1.00
20   18	|	1	0.20	2.60	4	0.80	0.20
20   22	|	17	0.16	3.60	106	1.00	0.00
20   23	|	6	0.05	4.49	111	1.00	0.00
20   24	|	9	0.23	3.31	39	1.00	0.00
20   29	|	1	0.33	3.00	3	1.00	0.00
20   30	|	2	0.18	3.82	3	0.27	0.73
20   31	|	36	0.92	0.26	28	0.72	0.31
20   32	|	23	0.66	0.91	24	0.69	0.31
20   33	|	4	0.67	0.50	6	1.00	0.00
20   34	|	40	0.63	1.16	26	0.41	0.81
20   35	|	9	0.50	1.11	5	0.28	0.89
20   36	|	49	0.68	0.93	72	1.00	0.00
20   37	|	24	0.43	2.29	56	1.00	0.00
20   38	|	10	1.00	0.00	10	1.00	0.00
20   39	|	9	0.64	1.21	14	1.00	0.00
20   40	|	72	0.64	1.13	54	0.48	0.52
20   41	|	145	0.48	1.83	117	0.39	0.61
20   42	|	37	0.24	2.81	48	0.31	0.69
20   43	|	13	0.41	2.53	14	0.44	0.56
20   44	|	6	0.67	2.00	3	0.33	0.67
20   48	|	20	0.11	4.19	180	1.00	0.00
20   49	|	3	0.04	4.56	82	1.00	0.00
20   50	|	5	0.14	4.19	36	1.00	0.00
20   52	|	7	0.15	3.76	46	1.00	0.00
20   53	|	17	0.10	4.34	37	0.21	0.79

21   1	|	1086	0.98	0.02	1103	1.00	0.00
21   2	|	68	0.96	0.06	71	1.00	0.00
21   3	|	1719	0.95	0.10	1334	0.74	0.26
21   4	|	35	0.81	0.23	25	0.58	0.42
21   5	|	42	0.75	0.82	56	1.00	0.00
21   6	|	93	0.98	0.07	95	1.00	0.00
21   7	|	644	0.84	0.38	300	0.39	0.86
21   8	|	13	0.68	0.58	4	0.21	1.32
21   9	|	919	0.88	0.32	1050	1.00	0.00
21   10	|	15	0.63	1.08	24	1.00	0.00
21   11	|	66	0.96	0.16	69	1.00	0.00
21   12	|	911	0.81	0.56	741	0.66	0.34
21   13	|	61	0.32	2.46	42	0.22	0.78
21   14	|	128	0.81	0.63	76	0.48	0.52
21   15	|	77	0.46	2.01	56	0.33	0.67
21   16	|	18	0.95	0.37	10	0.53	0.47
21   17	|	10	0.77	0.38	3	0.23	1.31
21   18	|	41	0.51	2.16	41	0.51	0.49
21   22	|	180	0.41	2.53	441	1.00	0.00
21   23	|	26	0.07	4.23	398	1.00	0.00
21   24	|	62	0.27	3.09	229	1.00	0.00
21   28	|	6	0.21	3.03	29	1.00	0.00
21   29	|	7	0.47	2.13	15	1.00	0.00
21   30	|	11	0.30	2.92	6	0.16	0.84
21   31	|	279	0.86	0.35	215	0.66	0.36
21   32	|	200	0.83	0.33	176	0.73	0.27
21   33	|	16	0.94	0.12	13	0.76	0.24
21   34	|	363	0.73	0.61	168	0.34	0.92
21   35	|	50	0.54	1.14	27	0.29	1.02
21   36	|	350	0.72	0.84	489	1.00	0.00
21   37	|	89	0.42	1.91	210	1.00	0.00
21   38	|	109	0.96	0.09	114	1.00	0.00
21   39	|	62	0.67	1.04	92	1.00	0.00
21   40	|	495	0.72	0.82	372	0.54	0.46
21   41	|	1034	0.65	1.07	792	0.50	0.50
21   42	|	113	0.22	2.96	136	0.26	0.74
21   43	|	115	0.57	1.45	91	0.45	0.55
21   44	|	48	0.81	0.90	32	0.54	0.46
21   48	|	120	0.17	3.88	712	1.00	0.00
21   49	|	15	0.05	4.60	323	1.00	0.00
21   50	|	27	0.15	3.91	179	1.00	0.00
21   52	|	18	0.09	4.24	197	1.00	0.00
21   53	|	43	0.07	4.34	127	0.21	0.79

22   1	|	291	0.89	0.30	252	0.77	0.23
22   2	|	19	0.86	0.18	16	0.73	0.27
22   3	|	446	0.72	0.72	277	0.45	0.79
22   4	|	14	0.54	1.23	4	0.15	1.23
22   5	|	20	0.33	2.47	20	0.33	0.67
22   6	|	9	0.60	2.20	10	0.67	0.33
22   7	|	222	0.47	1.48	60	0.13	1.81
22   8	|	8	0.30	2.63	3	0.11	1.70
22   9	|	243	0.51	1.72	242	0.51	0.49
22   10	|	9	0.23	3.45	12	0.30	0.70
22   11	|	15	0.71	0.76	14	0.67	0.33
22   12	|	237	0.30	2.55	121	0.15	1.33
22   13	|	73	0.13	3.46	52	0.09	1.45
22   14	|	36	0.27	2.70	15	0.11	1.45
22   15	|	74	0.17	3.33	48	0.11	1.39
22   16	|	3	0.27	3.36	1	0.09	1.09
22   17	|	3	0.33	2.78	0	0.00	2.44
22   18	|	21	0.13	4.55	24	0.14	1.37
22   22	|	63	0.06	4.56	284	0.27	0.73
22   23	|	50	0.02	4.96	467	0.22	0.78
22   24	|	46	0.06	4.52	157	0.21	0.79
22   28	|	5	0.06	4.71	19	0.22	0.78
22   29	|	4	0.16	4.32	6	0.24	0.76
22   30	|	7	0.08	4.52	3	0.03	1.52
22   31	|	93	0.37	2.76	51	0.20	1.10
22   32	|	108	0.40	1.59	46	0.17	1.19
22   33	|	19	0.41	1.91	15	0.33	0.87
22   34	|	153	0.33	1.91	38	0.08	1.90
22   35	|	48	0.20	2.53	16	0.07	1.98
22   36	|	111	0.21	2.98	177	0.33	0.67
22   37	|	130	0.17	3.13	220	0.28	0.72
22   38	|	28	0.60	1.36	25	0.53	0.47
22   39	|	20	0.14	3.39	38	0.27	0.73
22   40	|	162	0.23	3.05	94	0.13	1.38
22   41	|	368	0.20	3.06	225	0.12	1.40
22   42	|	308	0.13	3.50	227	0.09	1.45
22   43	|	50	0.11	3.76	29	0.06	1.51
22   44	|	23	0.29	2.70	4	0.05	1.50
22   48	|	154	0.05	4.72	760	0.23	0.77
22   49	|	77	0.03	4.87	501	0.22	0.78
22   50	|	47	0.05	4.76	211	0.23	0.77
22   52	|	68	0.07	4.67	246	0.24	0.76
22   53	|	139	0.05	4.74	189	0.07	1.55

23   1	|	424	0.84	0.35	373	0.74	0.26
23   2	|	29	0.88	0.24	30	0.91	0.09
23   3	|	761	0.66	0.80	458	0.39	0.86
23   4	|	26	0.59	0.98	12	0.27	1.11
23   5	|	24	0.41	2.17	18	0.31	0.69
23   6	|	36	0.73	1.02	30	0.61	0.39
23   7	|	342	0.43	1.46	104	0.13	1.76
23   8	|	12	0.30	2.08	5	0.13	1.88
23   9	|	364	0.48	1.71	361	0.48	0.52
23   10	|	11	0.20	2.76	17	0.31	0.69
23   11	|	30	0.73	0.68	23	0.56	0.44
23   12	|	410	0.41	2.12	251	0.25	1.19
23   13	|	99	0.13	3.36	47	0.06	1.58
23   14	|	44	0.26	2.83	19	0.11	1.43
23   15	|	56	0.18	3.19	24	0.08	1.46
23   16	|	9	0.45	2.00	2	0.10	1.40
23   17	|	1	0.06	4.44	0	0.00	2.56
23   18	|	10	0.16	4.06	8	0.13	1.36
23   22	|	96	0.07	4.52	284	0.20	0.80
23   23	|	30	0.02	4.91	165	0.14	0.86
23   24	|	33	0.08	4.46	88	0.21	0.79
23   28	|	5	0.05	4.93	28	0.27	0.73
23   30	|	13	0.09	4.59	5	0.03	1.62
23   31	|	126	0.45	2.04	88	0.31	0.95
23   32	|	98	0.34	1.50	47	0.16	1.31
23   33	|	8	0.22	2.44	5	0.14	1.31
23   34	|	280	0.32	1.82	68	0.08	1.96
23   35	|	36	0.18	2.24	10	0.05	2.06
23   36	|	215	0.27	2.62	264	0.33	0.67
23   37	|	43	0.11	3.28	80	0.21	0.79
23   38	|	20	0.45	1.75	23	0.52	0.48
23   39	|	14	0.18	3.24	16	0.21	0.79
23   40	|	270	0.25	2.87	155	0.14	1.36
23   41	|	626	0.22	2.89	332	0.12	1.41
23   42	|	32	0.09	3.61	21	0.06	1.56
23   43	|	14	0.15	3.38	8	0.08	1.54
23   44	|	14	0.33	2.74	9	0.21	1.30
23   48	|	12	0.04	4.57	63	0.20	0.80
23   52	|	15	0.05	4.73	55	0.17	0.83
23   53	|	23	0.04	4.77	11	0.02	1.72

24   1	|	196	0.86	0.30	227	1.00	0.00
24   2	|	12	0.86	0.36	14	1.00	0.00
24   3	|	296	0.64	1.07	266	0.57	0.43
24   4	|	8	0.35	1.87	9	0.39	0.61
24   5	|	6	0.24	4.00	25	1.00	0.00
24   6	|	14	0.88	0.44	16	1.00	0.00
24   7	|	136	0.39	2.12	67	0.19	1.18
24   8	|	1	0.06	4.00	0	0.00	1.59
24   9	|	148	0.46	2.53	321	1.00	0.00
24   10	|	5	0.14	3.81	36	1.00	0.00
24   11	|	5	0.63	1.25	8	1.00	0.00
24   12	|	135	0.30	3.28	160	0.36	0.64
24   13	|	36	0.08	4.48	119	0.26	0.74
24   14	|	14	0.16	3.96	24	0.27	0.73
24   15	|	12	0.08	4.71	35	0.24	0.76
24   16	|	3	0.25	3.75	7	0.58	0.42
24   17	|	4	0.22	4.67	4	0.22	1.50
24   18	|	6	0.19	4.72	20	0.63	0.38
24   22	|	23	0.04	5.57	541	1.00	0.00
24   23	|	7	0.01	5.89	685	1.00	0.00
24   24	|	9	0.05	6.01	188	1.00	0.00
24   28	|	1	0.02	6.23	47	1.00	0.00
24   29	|	4	0.17	5.00	23	1.00	0.00
24   30	|	1	0.02	5.98	9	0.16	0.84
24   31	|	35	0.53	1.98	27	0.41	0.62
24   32	|	29	0.31	1.96	53	0.56	0.44
24   33	|	3	0.38	1.50	5	0.63	0.38
24   34	|	76	0.23	2.83	45	0.14	1.27
24   35	|	15	0.13	3.49	13	0.11	1.30
24   36	|	66	0.19	3.58	350	1.00	0.00
24   37	|	21	0.13	4.30	157	1.00	0.00
24   38	|	10	0.40	3.04	25	1.00	0.00
24   39	|	5	0.16	3.16	31	1.00	0.00
24   40	|	101	0.22	3.79	138	0.30	0.70
24   41	|	174	0.13	4.14	396	0.29	0.71
24   42	|	16	0.07	4.52	58	0.26	0.74
24   43	|	7	0.13	4.94	16	0.31	0.69
24   44	|	4	0.17	4.04	9	0.38	0.63
24   48	|	3	0.02	5.58	130	1.00	0.00
24   52	|	4	0.03	5.69	138	1.00	0.00
24   53	|	4	0.02	5.76	47	0.21	0.79

25   1	|	88	1.00	0.00	88	1.00	0.00
25   2	|	6	1.00	0.00	6	1.00	0.00
25   3	|	149	0.94	0.17	116	0.73	0.27
25   4	|	5	0.71	1.29	3	0.43	0.57
25   5	|	4	0.57	1.29	7	1.00	0.00
25   6	|	6	0.86	0.14	7	1.00	0.00
25   7	|	50	0.82	0.57	23	0.38	0.90
25   8	|	1	1.00	0.00	0	0.00	2.00
25   9	|	58	0.87	0.40	67	1.00	0.00
25   10	|	1	1.00	0.00	1	1.00	0.00
25   11	|	7	1.00	0.00	7	1.00	0.00
25   12	|	64	0.76	0.85	47	0.56	0.44
25   13	|	6	0.24	2.08	7	0.28	0.72
25   14	|	13	0.72	0.83	13	0.72	0.28
25   15	|	8	0.47	1.88	8	0.47	0.53
25   16	|	1	1.00	0.00	1	1.00	0.00
25   17	|	2	1.00	0.00	0	0.00	1.00
25   18	|	2	0.29	3.57	4	0.57	0.43
25   22	|	14	0.32	3.00	44	1.00	0.00
25   23	|	15	0.22	3.94	68	1.00	0.00
25   24	|	2	0.10	4.43	21	1.00	0.00
25   28	|	2	0.67	2.33	3	1.00	0.00
25   30	|	2	0.67	2.33	1	0.33	0.67
25   32	|	7	0.50	1.14	8	0.57	0.43
25   34	|	25	0.81	0.58	11	0.35	0.84
25   35	|	8	0.67	1.17	1	0.08	1.08
25   36	|	28	0.72	1.08	39	1.00	0.00
25   37	|	16	0.47	1.59	34	1.00	0.00
25   38	|	8	1.00	0.00	8	1.00	0.00
25   39	|	3	0.50	1.50	6	1.00	0.00
25   40	|	44	0.69	0.95	29	0.45	0.55
25   41	|	73	0.54	1.63	67	0.49	0.51
25   42	|	22	0.23	2.95	28	0.30	0.70
25   43	|	11	0.46	2.04	9	0.38	0.63
25   44	|	4	0.67	2.33	3	0.50	0.50
25   48	|	12	0.13	3.89	91	1.00	0.00
25   49	|	10	0.20	3.74	50	1.00	0.00
25   50	|	6	0.25	3.92	24	1.00	0.00
25   52	|	7	0.18	4.03	38	1.00	0.00
25   53	|	17	0.18	3.95	28	0.30	0.70

26   1	|	67	0.93	0.17	61	0.85	0.15
26   2	|	6	0.86	0.43	6	0.86	0.14
26   3	|	108	0.79	0.49	68	0.50	0.70
26   4	|	3	1.00	0.00	2	0.67	0.67
26   5	|	4	0.57	0.86	5	0.71	0.29
26   6	|	3	0.75	1.50	3	0.75	0.25
26   7	|	46	0.59	1.10	21	0.27	1.47
26   9	|	48	0.60	1.50	47	0.59	0.41
26   10	|	2	0.40	2.80	1	0.20	0.80
26   11	|	3	1.00	0.00	3	1.00	0.00
26   12	|	56	0.52	1.84	26	0.24	1.23
26   13	|	15	0.18	3.22	10	0.12	1.44
26   14	|	7	0.32	3.09	3	0.14	1.36
26   15	|	15	0.23	3.12	3	0.05	1.51
26   16	|	1	0.25	2.50	1	0.25	1.25
26   17	|	1	0.33	2.67	0	0.00	2.67
26   18	|	2	0.07	5.03	1	0.03	1.40
26   22	|	16	0.10	4.56	34	0.20	0.80
26   23	|	26	0.07	4.55	62	0.17	0.83
26   24	|	3	0.03	4.65	14	0.14	0.86
26   28	|	1	0.08	3.85	0	0.00	1.00
26   30	|	2	0.13	5.31	1	0.06	1.38
26   32	|	23	0.50	1.28	14	0.30	1.11
26   33	|	3	0.75	1.00	2	0.50	0.50
26   34	|	28	0.32	1.89	8	0.09	1.89
26   35	|	5	0.18	2.75	0	0.00	2.25
26   36	|	33	0.34	2.34	38	0.40	0.60
26   37	|	21	0.20	3.33	23	0.22	0.78
26   38	|	8	0.80	0.20	8	0.80	0.20
26   39	|	5	0.26	2.11	6	0.32	0.68
26   40	|	39	0.40	2.15	18	0.18	1.30
26   41	|	99	0.32	2.42	48	0.15	1.37
26   42	|	36	0.13	3.39	14	0.05	1.54
26   43	|	6	0.12	3.62	4	0.08	1.52
26   44	|	9	0.53	1.59	6	0.35	0.94
26   48	|	21	0.07	4.45	46	0.16	0.84
26   49	|	5	0.09	4.86	6	0.11	0.89
26   52	|	11	0.09	4.83	20	0.17	0.83
26   53	|	16	0.06	4.50	12	0.05	1.65

30   1	|	248	0.99	0.01	251	1.00	0.00
30   2	|	8	1.00	0.00	8	1.00	0.00
30   3	|	378	0.96	0.07	322	0.82	0.18
30   4	|	8	1.00	0.00	3	0.38	0.63
30   5	|	8	1.00	0.00	8	1.00	0.00
30   6	|	22	1.00	0.00	22	1.00	0.00
30   7	|	144	0.88	0.17	80	0.49	0.74
30   8	|	6	1.00	0.00	0	0.00	1.67
30   9	|	233	0.94	0.11	247	1.00	0.00
30   11	|	17	1.00	0.00	17	1.00	0.00
30   12	|	101	0.81	0.40	85	0.69	0.31
30   13	|	31	0.86	0.42	11	0.31	0.69
30   14	|	22	0.96	0.17	7	0.30	0.70
30   15	|	11	0.92	0.17	6	0.50	0.50
30   16	|	1	1.00	0.00	1	1.00	0.00
30   17	|	1	1.00	0.00	0	0.00	2.00
30   18	|	3	0.60	2.00	3	0.60	0.40
30   19	|	161	0.61	0.97	48	0.18	1.26
30   20	|	15	0.56	1.26	0	0.00	1.63
30   21	|	13	0.87	0.27	2	0.13	1.40
30   22	|	21	0.55	1.58	38	1.00	0.00
30   23	|	2	0.10	3.30	20	1.00	0.00
30   24	|	10	0.59	1.18	17	1.00	0.00
30   25	|	40	0.53	1.26	34	0.45	0.55
30   26	|	2	0.22	2.11	0	0.00	1.00
30   27	|	2	0.14	3.57	2	0.14	0.86
30   28	|	1	0.50	0.50	2	1.00	0.00
30   29	|	3	1.00	0.00	3	1.00	0.00
30   30	|	2	0.50	1.50	1	0.25	0.75
30   32	|	40	0.93	0.12	35	0.81	0.19
30   33	|	2	1.00	0.00	0	0.00	1.00
30   34	|	67	0.83	0.23	45	0.56	0.57
30   35	|	4	0.50	1.00	1	0.13	1.25
30   36	|	97	0.94	0.19	103	1.00	0.00
30   37	|	10	0.67	0.73	15	1.00	0.00
30   38	|	8	1.00	0.00	8	1.00	0.00
30   39	|	10	1.00	0.00	10	1.00	0.00
30   40	|	82	0.80	0.44	57	0.56	0.44
30   41	|	130	0.68	0.88	103	0.54	0.46
30   42	|	9	0.43	1.05	8	0.38	0.62
30   43	|	15	0.79	0.74	13	0.68	0.32
30   44	|	5	1.00	0.00	3	0.60	0.40
30   45	|	79	0.46	1.80	39	0.23	1.22
30   46	|	9	0.38	2.04	0	0.00	1.79
30   47	|	4	0.57	2.14	1	0.14	1.29
30   48	|	11	0.46	1.79	24	1.00	0.00
30   51	|	15	0.25	2.66	17	0.28	0.72
30   52	|	2	0.40	1.60	5	1.00	0.00
30   53	|	3	0.19	3.19	2	0.13	0.88

31   1	|	427	0.99	0.04	391	0.91	0.09
31   2	|	20	0.95	0.05	20	0.95	0.05
31   3	|	572	0.96	0.06	443	0.75	0.29
31   4	|	6	0.67	0.33	4	0.44	0.89
31   5	|	15	0.94	0.13	12	0.75	0.25
31   6	|	13	0.93	0.07	12	0.86	0.14
31   7	|	267	0.93	0.12	148	0.51	0.69
31   8	|	5	1.00	0.00	2	0.40	1.20
31   9	|	416	0.93	0.15	397	0.88	0.12
31   10	|	1	0.33	1.00	1	0.33	0.67
31   11	|	30	1.00	0.00	28	0.93	0.07
31   12	|	221	0.84	0.39	160	0.61	0.45
31   13	|	25	0.57	1.05	3	0.07	1.16
31   14	|	43	0.91	0.26	14	0.30	0.85
31   15	|	18	0.64	1.75	6	0.21	0.96
31   17	|	1	0.33	1.33	0	0.00	2.00
31   18	|	8	0.67	1.42	6	0.50	0.83
31   19	|	309	0.56	1.36	85	0.16	1.56
31   20	|	23	0.41	1.64	1	0.02	1.91
31   21	|	36	0.82	0.59	3	0.07	1.57
31   22	|	42	0.51	1.71	59	0.72	0.28
31   23	|	4	0.08	4.32	26	0.49	0.51
31   24	|	9	0.21	3.23	26	0.60	0.40
31   25	|	53	0.38	2.52	45	0.32	0.92
31   26	|	7	0.20	3.71	0	0.00	1.54
31   27	|	11	0.34	2.06	2	0.06	1.09
31   29	|	2	1.00	0.00	2	1.00	0.00
31   30	|	3	0.43	1.71	3	0.43	0.71
31   32	|	60	0.90	0.19	40	0.60	0.51
31   34	|	103	0.74	0.43	58	0.41	0.89
31   35	|	19	0.79	0.50	7	0.29	1.08
31   36	|	138	0.87	0.27	139	0.88	0.12
31   37	|	14	0.52	1.52	19	0.70	0.30
31   38	|	21	1.00	0.00	19	0.90	0.10
31   39	|	15	0.88	0.24	14	0.82	0.18
31   40	|	104	0.70	0.79	68	0.46	0.67
31   41	|	221	0.64	1.04	139	0.40	0.76
31   42	|	11	0.24	2.38	8	0.18	1.36
31   43	|	18	0.62	1.07	8	0.28	0.76
31   44	|	14	0.93	0.40	4	0.27	0.87
31   45	|	149	0.34	2.44	44	0.10	1.87
31   46	|	24	0.29	2.85	6	0.07	1.93
31   47	|	10	0.43	2.35	1	0.04	2.09
31   48	|	20	0.29	3.50	32	0.46	0.54
31   50	|	5	0.63	2.25	6	0.75	0.25
31   51	|	34	0.15	3.77	29	0.13	1.31
31   52	|	6	0.35	3.35	8	0.47	0.53
31   53	|	6	0.07	4.22	5	0.06	1.44

32   1	|	333	0.99	0.01	335	1.00	0.00
32   2	|	18	1.00	0.00	18	1.00	0.00
32   3	|	414	0.95	0.09	350	0.81	0.19
32   4	|	11	0.92	0.17	9	0.75	0.25
32   5	|	5	0.71	1.29	7	1.00	0.00
32   6	|	11	0.92	0.67	12	1.00	0.00
32   7	|	191	0.86	0.22	117	0.53	0.63
32   8	|	4	0.80	0.20	0	0.00	1.60
32   9	|	294	0.93	0.19	316	1.00	0.00
32   10	|	1	1.00	0.00	1	1.00	0.00
32   11	|	20	0.95	0.48	21	1.00	0.00
32   12	|	173	0.83	0.47	134	0.64	0.36
32   13	|	22	0.52	1.88	6	0.14	0.86
32   14	|	25	0.83	0.77	21	0.70	0.30
32   15	|	6	0.38	2.25	3	0.19	0.81
32   16	|	1	1.00	0.00	1	1.00	0.00
32   18	|	4	0.67	1.33	3	0.50	0.50
32   19	|	209	0.56	1.51	74	0.20	1.26
32   20	|	22	0.50	1.66	1	0.02	1.66
32   21	|	15	0.63	2.21	4	0.17	1.25
32   22	|	17	0.37	2.37	46	1.00	0.00
32   23	|	5	0.10	4.76	49	1.00	0.00
32   24	|	9	0.20	3.45	44	1.00	0.00
32   25	|	37	0.47	2.16	32	0.41	0.59
32   26	|	4	0.17	4.30	2	0.09	0.91
32   27	|	10	0.34	2.69	4	0.14	0.86
32   30	|	1	0.33	2.00	0	0.00	1.00
32   32	|	42	0.78	0.41	41	0.76	0.24
32   34	|	84	0.80	0.37	40	0.38	0.85
32   35	|	6	0.67	0.67	2	0.22	1.00
32   36	|	118	0.86	0.33	137	1.00	0.00
32   37	|	6	0.43	2.29	14	1.00	0.00
32   38	|	8	1.00	0.00	8	1.00	0.00
32   39	|	11	0.85	0.46	13	1.00	0.00
32   40	|	102	0.84	0.47	82	0.67	0.33
32   41	|	160	0.63	1.18	123	0.48	0.52
32   42	|	8	0.26	3.23	12	0.39	0.61
32   43	|	10	0.71	1.00	4	0.29	0.71
32   44	|	5	0.63	0.88	2	0.25	0.75
32   45	|	90	0.29	2.98	46	0.15	1.37
32   46	|	8	0.15	3.76	2	0.04	1.62
32   47	|	18	0.55	1.97	5	0.15	1.39
32   48	|	8	0.21	3.95	39	1.00	0.00
32   49	|	2	0.20	4.70	10	1.00	0.00
32   50	|	2	0.20	5.00	10	1.00	0.00
32   51	|	14	0.09	4.91	32	0.20	0.80
32   52	|	3	0.20	4.53	15	1.00	0.00
32   53	|	7	0.16	5.07	12	0.27	0.73

33   1	|	78	0.96	0.06	81	1.00	0.00
33   2	|	3	1.00	0.00	3	1.00	0.00
33   3	|	113	0.96	0.05	102	0.86	0.14
33   4	|	1	1.00	0.00	1	1.00	0.00
33   5	|	2	0.67	0.67	3	1.00	0.00
33   6	|	3	1.00	0.00	3	1.00	0.00
33   7	|	48	0.91	0.11	27	0.51	0.70
33   8	|	1	1.00	0.00	0	0.00	2.00
33   9	|	75	0.87	0.44	86	1.00	0.00
33   10	|	1	0.50	2.50	2	1.00	0.00
33   11	|	3	0.75	1.00	4	1.00	0.00
33   12	|	35	0.63	1.27	31	0.55	0.45
33   13	|	6	0.35	2.00	2	0.12	0.88
33   14	|	8	0.89	0.33	5	0.56	0.44
33   16	|	1	1.00	0.00	1	1.00	0.00
33   18	|	1	0.33	2.33	1	0.33	0.67
33   19	|	45	0.37	2.56	10	0.08	1.50
33   20	|	6	0.30	3.85	0	0.00	1.70
33   21	|	3	0.75	2.50	0	0.00	1.75
33   22	|	5	0.28	3.06	18	1.00	0.00
33   24	|	2	0.13	4.88	16	1.00	0.00
33   25	|	10	0.26	3.47	12	0.32	0.68
33   27	|	3	0.20	4.93	2	0.13	0.87
33   30	|	1	0.33	6.33	0	0.00	1.00
33   32	|	11	0.85	0.69	7	0.54	0.46
33   34	|	24	0.75	0.56	11	0.34	1.03
33   35	|	3	0.60	1.60	1	0.20	1.00
33   36	|	27	0.82	0.85	33	1.00	0.00
33   37	|	1	0.17	3.17	6	1.00	0.00
33   38	|	1	0.33	1.33	3	1.00	0.00
33   39	|	1	0.50	3.00	2	1.00	0.00
33   40	|	17	0.68	0.64	10	0.40	0.60
33   41	|	35	0.54	1.78	33	0.51	0.49
33   42	|	2	0.13	4.13	2	0.13	0.88
33   43	|	3	0.50	1.00	3	0.50	0.50
33   44	|	2	1.00	0.00	1	0.50	0.50
33   45	|	30	0.17	3.87	15	0.09	1.48
33   46	|	7	0.13	4.33	5	0.09	1.53
33   47	|	4	0.29	3.50	0	0.00	1.79
33   51	|	5	0.05	5.51	17	0.18	0.82

34   1	|	3	1.00	0.00	1	0.33	0.67
34   3	|	9	1.00	0.00	5	0.56	0.44
34   4	|	1	1.00	0.00	0	0.00	1.00
34   7	|	14	0.93	0.47	5	0.33	1.13
34   9	|	2	0.67	0.67	3	1.00	0.00
34   12	|	11	0.73	0.53	5	0.33	0.80
34   13	|	3	0.50	2.50	1	0.17	1.00
34   15	|	1	0.50	2.00	0	0.00	1.00
34   19	|	15	0.37	2.39	2	0.05	2.02
34   20	|	1	0.17	3.00	0	0.00	2.33
34   21	|	1	0.20	3.20	1	0.20	2.40
34   22	|	2	0.18	3.91	4	0.36	0.64
34   23	|	3	0.19	4.31	0	0.00	1.00
34   30	|	1	0.33	2.00	0	0.00	2.00
34   32	|	1	0.33	3.00	1	0.33	0.67
34   34	|	1	0.25	2.00	0	0.00	1.75
34   35	|	1	1.00	0.00	0	0.00	2.00
34   36	|	2	0.50	1.50	3	0.75	0.25
34   37	|	2	1.00	0.00	1	0.50	0.50
34   39	|	1	1.00	0.00	1	1.00	0.00
34   40	|	5	0.71	1.00	2	0.29	0.86
34   41	|	9	0.41	2.55	6	0.27	1.14
34   42	|	2	0.18	3.00	1	0.09	1.55
34   45	|	9	0.10	3.67	1	0.01	2.45
34   46	|	2	0.17	2.67	0	0.00	2.50
34   47	|	3	0.38	2.88	0	0.00	2.50
34   48	|	1	0.09	4.27	1	0.09	0.91
34   51	|	1	0.02	5.00	2	0.05	1.64
34   53	|	1	0.08	5.38	0	0.00	1.62

35   1	|	35	1.00	0.00	30	0.86	0.14
35   3	|	54	0.92	0.19	35	0.59	0.53
35   4	|	3	1.00	0.00	2	0.67	0.33
35   5	|	3	1.00	0.00	1	0.33	0.67
35   6	|	2	0.67	0.33	2	0.67	0.33
35   7	|	95	0.84	0.36	52	0.46	0.79
35   8	|	1	1.00	0.00	0	0.00	1.00
35   9	|	42	0.86	0.35	38	0.78	0.22
35   10	|	1	0.50	3.00	1	0.50	0.50
35   11	|	7	0.88	0.25	5	0.63	0.38
35   12	|	71	0.68	0.87	58	0.56	0.63
35   13	|	16	0.52	1.48	1	0.03	1.52
35   14	|	17	0.74	1.00	6	0.26	1.04
35   15	|	6	0.30	2.55	1	0.05	1.20
35   18	|	2	0.50	2.25	1	0.25	1.00
35   19	|	108	0.42	1.96	33	0.13	1.88
35   20	|	16	0.47	1.94	1	0.03	2.15
35   21	|	12	0.71	1.35	0	0.00	1.76
35   22	|	17	0.31	3.15	19	0.35	0.65
35   23	|	4	0.05	4.34	15	0.21	0.79
35   24	|	6	0.19	3.87	10	0.32	0.68
35   25	|	27	0.25	3.40	13	0.12	1.42
35   26	|	2	0.07	4.59	0	0.00	1.74
35   27	|	5	0.29	2.41	1	0.06	1.47
35   28	|	1	1.00	0.00	1	1.00	0.00
35   32	|	27	0.84	0.19	20	0.63	0.50
35   34	|	37	0.66	0.59	21	0.38	1.21
35   35	|	8	0.73	1.18	3	0.27	1.27
35   36	|	24	0.73	0.52	21	0.64	0.36
35   37	|	3	0.30	3.10	4	0.40	0.60
35   39	|	5	0.71	0.71	2	0.29	0.71
35   40	|	46	0.78	0.83	27	0.46	0.86
35   41	|	101	0.56	1.48	56	0.31	1.04
35   42	|	10	0.21	3.17	4	0.08	1.52
35   43	|	15	0.58	2.00	5	0.19	1.31
35   44	|	7	1.00	0.00	3	0.43	0.71
35   45	|	71	0.16	3.32	23	0.05	2.27
35   46	|	15	0.13	3.58	0	0.00	2.41
35   47	|	5	0.21	2.75	1	0.04	2.25
35   48	|	15	0.15	4.12	20	0.20	0.80
35   51	|	22	0.08	4.33	14	0.05	1.68
35   52	|	2	0.15	3.46	1	0.08	0.92
35   53	|	4	0.05	4.91	3	0.04	1.65

36   1	|	21	0.88	0.17	19	0.79	0.33
36   2	|	1	1.00	0.00	1	1.00	0.00
36   3	|	18	0.62	0.41	11	0.38	1.31
36   7	|	39	0.57	0.94	14	0.20	1.99
36   9	|	24	0.48	1.84	19	0.38	0.96
36   10	|	1	0.33	2.67	0	0.00	1.67
36   11	|	2	1.00	0.00	1	0.50	1.00
36   12	|	18	0.24	2.74	11	0.14	1.99
36   13	|	5	0.09	3.56	1	0.02	2.47
36   14	|	4	0.36	2.91	2	0.18	2.27
36   15	|	4	0.15	3.04	0	0.00	2.54
36   18	|	1	0.33	2.00	1	0.33	1.67
36   19	|	53	0.09	3.76	11	0.02	3.30
36   20	|	7	0.09	3.79	0	0.00	3.44
36   21	|	1	0.05	3.63	0	0.00	3.37
36   22	|	2	0.02	4.48	5	0.04	1.65
36   23	|	1	0.02	5.46	0	0.00	1.82
36   25	|	13	0.07	4.74	5	0.03	2.45
36   27	|	2	0.13	4.27	0	0.00	2.73
36   30	|	1	0.06	4.33	0	0.00	2.67
36   32	|	9	0.43	1.38	4	0.19	1.67
36   34	|	20	0.26	2.08	6	0.08	2.56
36   36	|	10	0.18	2.91	5	0.09	1.65
36   37	|	1	0.08	3.75	1	0.08	1.67
36   38	|	1	1.00	0.00	1	1.00	0.00
36   40	|	21	0.19	3.06	3	0.03	2.25
36   41	|	37	0.14	3.22	10	0.04	2.35
36   44	|	2	0.50	1.50	2	0.50	1.25
36   45	|	5	0.12	4.15	1	0.02	3.32
36   46	|	1	0.14	5.00	0	0.00	3.43
36   52	|	1	0.25	3.75	0	0.00	2.00
36   53	|	1	0.04	4.26	0	0.00	2.57

37   1	|	10	1.00	0.00	8	0.80	0.30
37   3	|	15	0.65	1.22	9	0.39	1.13
37   7	|	19	0.46	1.63	5	0.12	2.32
37   9	|	10	0.50	1.25	10	0.50	0.75
37   11	|	1	1.00	0.00	1	1.00	0.00
37   12	|	19	0.25	2.83	9	0.12	2.12
37   13	|	1	0.02	3.89	1	0.02	2.55
37   14	|	4	0.22	3.22	0	0.00	2.39
37   15	|	3	0.12	3.31	0	0.00	2.31
37   17	|	1	0.50	1.00	0	0.00	2.00
37   19	|	42	0.10	3.83	11	0.03	3.26
37   20	|	6	0.12	3.57	1	0.02	3.18
37   21	|	6	0.16	3.73	1	0.03	3.05
37   22	|	3	0.03	5.28	2	0.02	1.66
37   23	|	4	0.01	5.07	8	0.02	1.73
37   24	|	8	0.05	4.64	8	0.05	1.69
37   25	|	7	0.04	5.01	5	0.03	2.48
37   26	|	4	0.05	4.96	0	0.00	2.67
37   27	|	2	0.04	4.92	0	0.00	2.60
37   28	|	1	0.33	2.00	0	0.00	1.33
37   32	|	5	0.28	2.50	4	0.22	1.61
37   34	|	12	0.33	1.78	6	0.17	2.50
37   35	|	4	0.15	2.27	0	0.00	2.92
37   36	|	2	0.08	3.52	3	0.12	1.60
37   37	|	5	0.13	3.13	4	0.11	1.47
37   40	|	9	0.30	2.10	4	0.13	2.13
37   41	|	18	0.09	3.69	5	0.03	2.35
37   42	|	14	0.07	3.90	1	0.01	2.50
37   43	|	3	0.05	4.05	0	0.00	2.53
37   44	|	2	0.40	3.60	0	0.00	2.20
37   45	|	80	0.06	3.99	5	0.00	3.33
37   46	|	19	0.05	4.11	1	0.00	3.38
37   47	|	6	0.08	4.18	0	0.00	3.38
37   48	|	11	0.03	4.87	6	0.02	1.72
37   50	|	1	0.01	5.00	1	0.01	1.78
37   51	|	26	0.02	4.95	2	0.00	2.58
37   52	|	1	0.02	5.30	0	0.00	1.69
37   53	|	5	0.01	5.12	0	0.00	2.57

38   1	|	3	0.75	1.00	3	0.75	0.25
38   3	|	12	0.67	1.28	10	0.56	0.83
38   5	|	1	0.50	0.50	0	0.00	1.00
38   7	|	20	0.51	1.74	10	0.26	1.62
38   9	|	5	0.29	2.88	7	0.41	0.59
38   11	|	2	1.00	0.00	2	1.00	0.00
38   12	|	7	0.17	4.38	4	0.10	1.55
38   14	|	1	0.25	3.75	0	0.00	2.00
38   15	|	1	0.11	4.00	0	0.00	1.67
38   16	|	1	1.00	0.00	0	0.00	1.00
38   19	|	16	0.05	4.82	5	0.02	2.46
38   20	|	1	0.03	4.92	0	0.00	2.45
38   22	|	1	0.02	5.33	8	0.13	0.87
38   25	|	4	0.04	5.96	3	0.03	1.63
38   26	|	1	0.03	5.85	3	0.08	1.68
38   30	|	1	0.09	5.64	0	0.00	1.91
38   34	|	5	0.17	3.07	3	0.10	2.07
38   37	|	1	0.25	4.25	0	0.00	1.00
38   40	|	8	0.19	4.07	5	0.12	1.55
38   41	|	11	0.08	4.51	7	0.05	1.64

39   1	|	1	1.00	0.00	1	1.00	0.00
39   3	|	2	1.00	0.00	2	1.00	0.00
39   7	|	6	0.67	0.78	4	0.44	0.89
39   9	|	3	1.00	0.00	3	1.00	0.00
39   12	|	2	0.50	2.75	1	0.25	1.25
39   15	|	2	0.50	2.00	0	0.00	1.75
39   17	|	1	1.00	0.00	0	0.00	3.00
39   18	|	1	0.50	1.00	0	0.00	1.50
39   19	|	8	0.29	2.93	1	0.04	2.11
39   20	|	1	0.14	3.86	0	0.00	2.43
39   21	|	1	1.00	0.00	0	0.00	1.00
39   22	|	1	0.17	3.50	1	0.17	0.83
39   24	|	1	0.17	3.83	1	0.17	0.83
39   26	|	1	0.09	4.91	0	0.00	1.73
39   32	|	2	1.00	0.00	1	0.50	0.50
39   34	|	4	0.80	0.60	0	0.00	1.40
39   36	|	5	1.00	0.00	2	0.40	0.60
39   37	|	2	0.40	2.80	1	0.20	0.80
39   38	|	1	1.00	0.00	1	1.00	0.00
39   41	|	5	0.29	2.82	3	0.18	1.41
39   42	|	1	0.07	3.13	0	0.00	1.73
39   44	|	1	1.00	0.00	0	0.00	1.00
39   45	|	6	0.07	3.63	2	0.02	2.33
39   46	|	3	0.08	3.38	0	0.00	2.24
39   48	|	1	0.05	3.84	1	0.05	0.95
39   49	|	1	0.11	5.56	1	0.11	0.89
39   50	|	1	0.25	2.75	0	0.00	1.00
39   51	|	3	0.04	4.81	3	0.04	1.71
39   52	|	1	0.20	5.00	0	0.00	1.00
39   53	|	3	0.16	4.53	0	0.00	1.68

40   1	|	87	1.00	0.00	74	0.85	0.15
40   2	|	3	1.00	0.00	3	1.00	0.00
40   3	|	113	0.98	0.03	74	0.64	0.44
40   4	|	2	0.67	2.00	2	0.67	0.67
40   5	|	5	1.00	0.00	4	0.80	0.20
40   6	|	3	1.00	0.00	3	1.00	0.00
40   7	|	165	0.95	0.10	72	0.41	0.84
40   8	|	2	0.67	2.00	1	0.33	2.00
40   9	|	89	0.95	0.09	76	0.81	0.19
40   11	|	8	1.00	0.00	5	0.63	0.38
40   12	|	99	0.85	0.47	59	0.50	0.64
40   14	|	30	0.77	0.51	9	0.23	1.03
40   17	|	1	1.00	0.00	0	0.00	1.00
40   18	|	1	0.50	1.50	1	0.50	1.00
40   22	|	20	0.47	1.98	19	0.44	0.56
40   29	|	1	1.00	0.00	1	1.00	0.00
40   32	|	35	1.00	0.00	23	0.66	0.46
40   34	|	70	0.95	0.08	39	0.53	0.84
40   36	|	49	0.86	0.37	43	0.75	0.25
40   37	|	4	0.80	0.20	5	1.00	0.00
40   38	|	4	1.00	0.00	4	1.00	0.00
40   39	|	1	0.33	1.33	2	0.67	0.33
40   40	|	54	0.75	0.58	27	0.38	0.81
40   41	|	129	0.74	0.64	70	0.40	0.84

41   1	|	154	0.99	0.01	126	0.81	0.20
41   2	|	17	1.00	0.00	14	0.82	0.24
41   3	|	190	0.98	0.04	113	0.58	0.54
41   6	|	5	1.00	0.00	5	1.00	0.00
41   7	|	330	0.94	0.15	121	0.34	1.18
41   9	|	152	0.93	0.17	112	0.69	0.37
41   11	|	18	0.90	0.45	11	0.55	0.50
41   17	|	2	1.00	0.00	0	0.00	2.50
41   18	|	2	0.67	0.67	3	1.00	0.00
41   29	|	2	0.67	2.00	1	0.33	1.00
41   33	|	2	0.67	0.33	1	0.33	1.67
41   36	|	77	0.77	0.72	58	0.58	0.63
41   38	|	9	1.00	0.00	4	0.44	0.78
41   40	|	114	0.70	1.01	50	0.31	1.25
41   44	|	15	0.83	0.67	3	0.17	1.39

42   1	|	115	0.99	0.05	100	0.86	0.14
42   2	|	8	1.00	0.00	6	0.75	0.25
42   3	|	156	0.93	0.18	101	0.60	0.47
42   7	|	240	0.88	0.34	117	0.43	0.92
42   8	|	2	1.00	0.00	1	0.50	1.00
42   9	|	110	0.89	0.26	95	0.77	0.23
42   10	|	2	0.67	2.00	0	0.00	1.00
42   11	|	12	1.00	0.00	10	0.83	0.17
42   16	|	1	1.00	0.00	0	0.00	1.00
42   30	|	3	0.27	4.82	1	0.09	1.36
42   32	|	38	0.88	0.26	29	0.67	0.42
42   36	|	71	0.76	1.07	58	0.62	0.38
42   38	|	2	0.50	1.50	1	0.25	0.75
42   39	|	3	0.43	2.29	2	0.29	0.71
42   40	|	78	0.61	1.40	37	0.29	1.05

43   1	|	34	1.00	0.00	28	0.82	0.18
43   2	|	4	1.00	0.00	3	0.75	0.25
43   3	|	35	0.90	0.36	23	0.59	0.46
43   5	|	2	0.67	1.33	1	0.33	0.67
43   9	|	28	0.74	0.89	24	0.63	0.37
43   11	|	4	0.80	0.60	4	0.80	0.20
43   44	|	4	0.67	1.50	1	0.17	0.83

44   1	|	20	0.95	0.05	17	0.81	0.19
44   3	|	40	0.87	0.28	24	0.52	0.59
44   4	|	2	1.00	0.00	1	0.50	1.50
44   9	|	23	0.74	0.74	16	0.52	0.81
44   11	|	1	1.00	0.00	1	1.00	0.00
44   14	|	9	0.43	2.86	4	0.19	1.71
44   35	|	4	0.40	1.90	1	0.10	2.40
44   37	|	3	0.27	4.45	0	0.00	1.73
44   38	|	1	1.00	0.00	1	1.00	0.00
44   44	|	3	0.60	0.60	2	0.40	1.20

45   1	|	7	1.00	0.00	7	1.00	0.00
45   3	|	12	1.00	0.00	10	0.83	0.17
45   9	|	8	0.89	0.44	9	1.00	0.00
45   22	|	3	0.75	0.75	3	0.75	0.25
45   24	|	1	1.00	0.00	0	0.00	1.00
45   34	|	7	1.00	0.00	2	0.29	1.43
45   36	|	4	1.00	0.00	4	1.00	0.00
45   37	|	1	0.50	1.00	2	1.00	0.00
45   40	|	7	1.00	0.00	5	0.71	0.43
45   41	|	10	0.83	0.92	3	0.25	1.17
45   42	|	2	0.50	1.50	0	0.00	1.25

46   1	|	18	1.00	0.00	15	0.83	0.17
46   11	|	3	1.00	0.00	3	1.00	0.00
46   16	|	2	1.00	0.00	0	0.00	3.00
46   37	|	19	0.49	1.74	5	0.13	1.44

47   1	|	2	1.00	0.00	2	1.00	0.00
47   3	|	10	1.00	0.00	4	0.40	0.70
47   7	|	12	0.86	0.14	7	0.50	0.93
47   22	|	2	0.40	2.20	0	0.00	1.00
47   35	|	3	0.75	1.50	0	0.00	1.75
47   37	|	2	1.00	0.00	1	0.50	0.50
47   42	|	2	0.29	1.86	1	0.14	1.14
47   48	|	1	0.50	1.00	0	0.00	1.00

48   1	|	9	1.00	0.00	9	1.00	0.00
48   3	|	8	0.89	0.67	5	0.56	0.67
48   7	|	16	0.89	0.22	4	0.22	1.06
48   9	|	3	1.00	0.00	3	1.00	0.00
48   12	|	7	0.88	0.88	6	0.75	0.63
48   14	|	5	1.00	0.00	1	0.20	1.00
48   22	|	2	0.50	2.25	2	0.50	1.00
48   40	|	2	0.50	1.75	1	0.25	1.25
48   41	|	9	0.82	0.18	3	0.27	1.09
48   44	|	2	1.00	0.00	1	0.50	0.50

50   1	|	306	0.99	0.01	266	0.86	0.14
50   2	|	21	1.00	0.00	21	1.00	0.00
50   3	|	395	0.99	0.02	230	0.57	0.53
50   5	|	14	0.88	0.25	11	0.69	0.31
50   6	|	3	1.00	0.00	2	0.67	0.33
50   7	|	205	0.93	0.16	86	0.39	0.98
50   8	|	7	0.64	0.73	0	0.00	1.91
50   9	|	266	0.93	0.17	240	0.84	0.16
50   10	|	6	1.00	0.00	5	0.83	0.17
50   12	|	98	0.75	0.60	53	0.40	0.81
50   14	|	59	0.82	0.39	16	0.22	0.99
50   30	|	1	0.13	3.88	1	0.13	1.00
50   32	|	51	0.98	0.04	30	0.58	0.46
50   33	|	2	1.00	0.00	2	1.00	0.00
50   34	|	116	0.83	0.35	42	0.30	1.12
50   36	|	83	0.82	0.40	68	0.67	0.33
50   38	|	10	1.00	0.00	10	1.00	0.00
50   40	|	90	0.64	0.84	46	0.33	0.86
50   43	|	18	0.82	0.50	6	0.27	1.09
50   44	|	16	0.89	0.17	1	0.06	1.17

51   1	|	581	0.98	0.04	432	0.73	0.31
51   2	|	32	0.97	0.06	25	0.76	0.27
51   3	|	817	0.93	0.20	353	0.40	0.85
51   9	|	468	0.81	0.53	338	0.58	0.53
51   10	|	13	0.43	2.03	7	0.23	1.13
51   11	|	55	0.93	0.17	32	0.54	0.56
51   14	|	101	0.69	1.14	16	0.11	1.65
51   29	|	4	0.25	3.44	3	0.19	1.06
51   33	|	7	0.64	0.64	0	0.00	1.82

52   1	|	407	0.98	0.04	362	0.87	0.13
52   2	|	13	1.00	0.00	13	1.00	0.00
52   3	|	511	0.89	0.31	315	0.55	0.57
52   5	|	16	0.64	1.28	18	0.72	0.28
52   9	|	308	0.84	0.61	300	0.82	0.18
52   10	|	5	0.38	3.31	7	0.54	0.46
52   11	|	26	0.96	0.07	22	0.81	0.19
52   16	|	1	0.33	2.67	0	0.00	1.00
52   18	|	6	0.38	3.31	4	0.25	0.94
52   38	|	10	0.71	1.29	13	0.93	0.07
52   44	|	19	0.70	1.22	7	0.26	0.93

53   1	|	104	0.96	0.14	94	0.87	0.13
53   6	|	3	0.43	3.14	6	0.86	0.14
53   11	|	9	0.90	0.80	7	0.70	0.30
53   16	|	2	0.50	1.25	2	0.50	0.75
53   36	|	48	0.35	2.85	82	0.60	0.40
53   44	|	9	0.69	1.23	2	0.15	1.08

54   1	|	71	0.92	0.30	53	0.69	0.34
54   43	|	6	0.15	4.41	1	0.02	2.17

55   1	|	21	1.00	0.00	13	0.62	0.38
55   3	|	29	0.94	0.10	21	0.68	0.52
55   4	|	1	1.00	0.00	1	1.00	0.00
55   7	|	14	0.88	0.50	4	0.25	1.19
55   9	|	24	1.00	0.00	20	0.83	0.17
55   11	|	2	1.00	0.00	2	1.00	0.00
55   18	|	1	1.00	0.00	0	0.00	1.00
55   34	|	6	0.75	0.63	1	0.13	1.25
55   43	|	1	1.00	0.00	0	0.00	1.00
55   52	|	1	1.00	0.00	0	0.00	1.00


57   1	|	8	1.00	0.00	6	0.75	0.25
57   8	|	4	1.00	0.00	0	0.00	1.75
57   10	|	3	0.75	0.25	2	0.50	0.50

58   1	|	16	1.00	0.00	9	0.56	0.44
58   3	|	38	1.00	0.00	19	0.50	0.68
58   8	|	1	1.00	0.00	0	0.00	1.00
58   13	|	2	0.50	2.00	1	0.25	1.50
58   14	|	4	0.80	0.60	0	0.00	1.40
58   33	|	1	1.00	0.00	0	0.00	1.00
58   38	|	1	1.00	0.00	1	1.00	0.00
58   48	|	1	0.20	3.40	0	0.00	1.40

60   1	|	4	0.80	0.20	5	1.00	0.00
60   2	|	3	1.00	0.00	3	1.00	0.00
60   3	|	3	0.75	1.25	1	0.25	0.75
60   5	|	3	1.00	0.00	3	1.00	0.00
60   6	|	4	1.00	0.00	4	1.00	0.00
60   7	|	2	0.67	1.33	0	0.00	1.67
60   9	|	2	0.50	1.50	4	1.00	0.00
60   12	|	5	0.26	2.00	5	0.26	0.74
60   13	|	4	0.24	2.35	3	0.18	0.82
60   14	|	5	0.50	0.60	4	0.40	0.60
60   15	|	12	0.63	1.84	8	0.42	0.58
60   18	|	1	0.33	3.67	3	1.00	0.00
60   22	|	5	0.38	3.38	13	1.00	0.00
60   23	|	2	0.05	4.74	39	1.00	0.00
60   24	|	1	0.06	4.69	16	1.00	0.00
60   28	|	2	0.33	3.17	6	1.00	0.00
60   29	|	1	1.00	0.00	1	1.00	0.00
60   32	|	2	0.67	0.33	3	1.00	0.00
60   33	|	2	1.00	0.00	2	1.00	0.00
60   34	|	4	0.40	1.20	2	0.20	1.10
60   36	|	3	0.30	1.10	10	1.00	0.00
60   37	|	4	0.33	2.58	12	1.00	0.00
60   39	|	1	0.50	1.50	2	1.00	0.00
60   40	|	1	0.33	2.33	0	0.00	1.00
60   41	|	29	0.30	1.69	31	0.32	0.68
60   42	|	9	0.23	2.50	11	0.28	0.73
60   43	|	5	0.33	2.27	5	0.33	0.67
60   44	|	1	0.50	3.00	0	0.00	1.00
60   48	|	2	0.05	4.30	40	1.00	0.00
60   49	|	1	0.07	4.29	14	1.00	0.00
60   52	|	4	0.18	3.00	22	1.00	0.00
60   53	|	12	0.17	3.76	15	0.21	0.79

61   1	|	6	1.00	0.00	6	1.00	0.00
61   2	|	4	1.00	0.00	4	1.00	0.00
61   3	|	7	1.00	0.00	5	0.71	0.29
61   4	|	1	1.00	0.00	1	1.00	0.00
61   5	|	2	1.00	0.00	2	1.00	0.00
61   7	|	3	1.00	0.00	0	0.00	1.33
61   9	|	1	0.50	1.00	2	1.00	0.00
61   10	|	1	1.00	0.00	1	1.00	0.00
61   12	|	3	0.30	2.80	1	0.10	0.90
61   13	|	3	0.43	1.86	1	0.14	0.86
61   14	|	1	0.33	3.33	1	0.33	0.67
61   15	|	8	0.73	0.91	3	0.27	0.73
61   18	|	1	1.00	0.00	1	1.00	0.00
61   23	|	6	0.32	3.63	19	1.00	0.00
61   28	|	4	0.67	0.50	6	1.00	0.00
61   30	|	4	0.40	3.10	3	0.30	0.70
61   32	|	3	0.43	1.57	4	0.57	0.43
61   33	|	5	0.83	0.17	5	0.83	0.17
61   34	|	4	0.50	1.75	1	0.13	1.38
61   35	|	1	0.50	0.50	0	0.00	1.50
61   36	|	4	0.27	1.93	15	1.00	0.00
61   37	|	7	0.70	1.30	10	1.00	0.00
61   39	|	3	0.60	1.60	5	1.00	0.00
61   40	|	1	0.33	1.00	1	0.33	0.67
61   41	|	23	0.38	2.05	16	0.27	0.73
61   42	|	8	0.44	2.11	4	0.22	0.78
61   43	|	6	0.75	0.38	4	0.50	0.50
61   49	|	1	0.06	4.88	16	1.00	0.00
61   52	|	1	0.07	5.27	15	1.00	0.00
61   53	|	11	0.26	3.95	12	0.29	0.71

71   2	|	1	1.00	0.00	0	0.00	1.00
71   5	|	1	1.00	0.00	1	1.00	0.00
71   12	|	3	0.38	3.00	1	0.13	1.25
71   13	|	3	0.18	2.59	3	0.18	1.00
71   14	|	4	0.57	2.29	2	0.29	0.86
71   15	|	7	0.78	0.78	3	0.33	0.78
71   22	|	4	0.25	2.44	11	0.69	0.31
71   23	|	1	0.03	4.75	18	0.56	0.44
71   24	|	2	0.17	3.92	8	0.67	0.33
71   28	|	3	0.75	0.75	3	0.75	0.25
71   30	|	1	0.20	1.60	1	0.20	0.80
71   34	|	1	0.33	1.33	0	0.00	1.00
71   35	|	1	0.50	0.50	0	0.00	2.50
71   36	|	11	0.46	1.58	14	0.58	0.42
71   37	|	6	0.60	2.30	7	0.70	0.30
71   39	|	1	0.50	0.50	2	1.00	0.00
71   40	|	2	0.25	2.13	1	0.13	1.13
71   41	|	25	0.42	1.50	10	0.17	1.05
71   42	|	2	0.11	3.61	2	0.11	1.22
71   43	|	3	0.50	1.83	2	0.33	1.00
71   44	|	1	1.00	0.00	0	0.00	1.00
71   48	|	1	0.03	4.53	17	0.57	0.43
71   52	|	4	0.40	2.80	9	0.90	0.10
71   53	|	4	0.13	4.23	4	0.13	1.13

72   3	|	1	1.00	0.00	1	1.00	0.00
72   12	|	3	0.50	1.00	0	0.00	1.33
72   15	|	2	0.50	0.50	0	0.00	1.00
72   22	|	4	0.27	2.93	11	0.73	0.27
72   24	|	1	0.13	5.00	5	0.63	0.38
72   28	|	3	0.60	1.00	3	0.60	0.40
72   30	|	1	0.50	1.00	1	0.50	0.50
72   33	|	1	1.00	0.00	0	0.00	1.00
72   35	|	1	0.50	1.00	1	0.50	1.50
72   36	|	5	0.56	0.56	9	1.00	0.00
72   37	|	1	0.25	3.25	3	0.75	0.25
72   38	|	1	1.00	0.00	1	1.00	0.00
72   40	|	2	0.67	1.33	0	0.00	1.00
72   41	|	9	0.32	1.75	5	0.18	1.18
72   42	|	2	0.17	3.08	1	0.08	1.33
72   48	|	2	0.13	4.07	8	0.53	0.47
72   52	|	1	1.00	0.00	1	1.00	0.00
72   53	|	1	0.06	3.65	3	0.18	1.06

80   1	|	48	0.94	0.14	43	0.84	0.16
80   2	|	3	1.00	0.00	2	0.67	0.33
80   3	|	69	0.92	0.31	52	0.69	0.36
80   4	|	2	0.67	1.33	2	0.67	0.33
80   5	|	1	1.00	0.00	1	1.00	0.00
80   6	|	1	1.00	0.00	1	1.00	0.00
80   7	|	27	0.77	0.51	17	0.49	0.71
80   9	|	43	0.91	0.26	40	0.85	0.15
80   12	|	17	0.63	1.59	11	0.41	0.85
80   13	|	4	0.40	2.60	1	0.10	1.20
80   14	|	4	0.80	1.00	2	0.40	0.80
80   15	|	2	0.29	4.57	2	0.29	1.14
80   17	|	1	1.00	0.00	0	0.00	1.00
80   18	|	1	0.50	5.00	1	0.50	0.50
80   19	|	35	0.33	2.98	10	0.09	2.09
80   20	|	3	0.25	3.08	0	0.00	2.58
80   21	|	5	0.71	1.14	0	0.00	2.14
80   22	|	9	0.28	3.59	10	0.31	0.69
80   23	|	1	0.02	5.98	9	0.19	0.81
80   24	|	1	0.08	5.23	4	0.31	0.69
80   25	|	7	0.21	4.27	5	0.15	1.33
80   30	|	1	1.00	0.00	0	0.00	1.00
80   32	|	8	1.00	0.00	5	0.63	0.38
80   34	|	16	0.52	1.23	8	0.26	1.35
80   35	|	3	0.75	1.00	0	0.00	1.75
80   36	|	6	0.46	2.46	5	0.38	0.62
80   37	|	2	0.40	2.60	2	0.40	0.60
80   38	|	1	0.50	1.00	2	1.00	0.00
80   39	|	2	0.50	2.25	2	0.50	0.50
80   40	|	16	0.80	0.95	12	0.60	0.60
80   41	|	33	0.43	2.45	20	0.26	1.07
80   42	|	2	0.08	4.42	3	0.12	1.54
80   43	|	1	0.13	3.38	0	0.00	1.75
80   44	|	2	1.00	0.00	0	0.00	1.50
80   45	|	15	0.08	4.64	3	0.02	2.32
80   46	|	2	0.03	5.27	0	0.00	2.44
80   48	|	3	0.08	5.22	9	0.24	0.76
80   49	|	1	0.20	5.40	1	0.20	0.80
80   51	|	5	0.04	5.45	5	0.04	1.61
80   53	|	1	0.03	6.18	1	0.03	1.70

81   1	|	18	1.00	0.00	18	1.00	0.00
81   2	|	1	1.00	0.00	1	1.00	0.00
81   3	|	28	1.00	0.00	19	0.68	0.32
81   7	|	10	1.00	0.00	9	0.90	0.20
81   9	|	16	0.94	0.06	17	1.00	0.00
81   11	|	3	1.00	0.00	3	1.00	0.00
81   12	|	12	0.86	0.36	10	0.71	0.29
81   14	|	2	1.00	0.00	0	0.00	1.00
81   15	|	1	1.00	0.00	1	1.00	0.00
81   19	|	15	0.45	1.39	7	0.21	1.18
81   20	|	1	1.00	0.00	0	0.00	1.00
81   22	|	1	1.00	0.00	1	1.00	0.00
81   24	|	1	1.00	0.00	1	1.00	0.00
81   25	|	4	0.67	1.33	4	0.67	0.33
81   27	|	1	0.25	2.50	1	0.25	0.75
81   28	|	1	1.00	0.00	1	1.00	0.00
81   32	|	2	1.00	0.00	2	1.00	0.00
81   33	|	1	1.00	0.00	1	1.00	0.00
81   34	|	9	0.90	0.20	5	0.50	0.60
81   35	|	1	1.00	0.00	1	1.00	0.00
81   36	|	3	0.75	0.25	4	1.00	0.00
81   38	|	2	1.00	0.00	2	1.00	0.00
81   39	|	1	1.00	0.00	1	1.00	0.00
81   40	|	5	1.00	0.00	4	0.80	0.20
81   41	|	10	0.71	0.86	12	0.86	0.14
81   44	|	1	1.00	0.00	1	1.00	0.00
81   45	|	6	0.50	1.42	3	0.25	1.25

82   1	|	58	0.97	0.08	49	0.82	0.18
82   2	|	4	1.00	0.00	4	1.00	0.00
82   3	|	72	0.95	0.18	47	0.62	0.42
82   4	|	2	1.00	0.00	1	0.50	0.50
82   5	|	1	1.00	0.00	1	1.00	0.00
82   6	|	2	1.00	0.00	2	1.00	0.00
82   7	|	22	0.79	0.61	8	0.29	1.25
82   9	|	41	0.91	0.33	39	0.87	0.13
82   11	|	2	0.67	2.67	2	0.67	0.33
82   12	|	17	0.50	1.44	10	0.29	1.03
82   13	|	1	0.06	3.71	2	0.12	1.41
82   14	|	7	0.78	1.44	4	0.44	0.67
82   15	|	2	0.29	1.71	2	0.29	1.29
82   18	|	1	1.00	0.00	1	1.00	0.00
82   19	|	34	0.29	2.34	12	0.10	1.78
82   20	|	4	0.29	2.21	0	0.00	2.14
82   21	|	7	0.78	0.56	1	0.11	1.44
82   22	|	6	0.27	3.91	11	0.50	0.50
82   23	|	3	0.07	4.12	10	0.23	0.77
82   25	|	7	0.23	3.03	7	0.23	1.19
82   26	|	1	0.08	4.42	0	0.00	1.58
82   27	|	2	0.22	3.11	1	0.11	1.56
82   32	|	12	0.92	0.23	9	0.69	0.31
82   33	|	1	1.00	0.00	1	1.00	0.00
82   34	|	16	0.64	0.68	7	0.28	1.04
82   35	|	1	0.50	3.00	1	0.50	1.50
82   36	|	25	0.68	0.97	31	0.84	0.16
82   37	|	5	0.36	2.14	5	0.36	0.64
82   38	|	1	0.50	2.00	2	1.00	0.00
82   39	|	2	0.40	2.80	4	0.80	0.20
82   40	|	17	0.59	1.31	13	0.45	0.72
82   41	|	34	0.45	1.96	23	0.31	1.03
82   42	|	2	0.07	3.45	1	0.03	1.69
82   43	|	3	0.43	2.43	2	0.29	1.14
82   44	|	3	1.00	0.00	3	1.00	0.00
82   45	|	36	0.18	3.35	9	0.05	2.23
82   46	|	3	0.07	3.98	0	0.00	2.20
82   47	|	8	0.40	2.40	0	0.00	2.20
82   48	|	4	0.09	4.35	12	0.28	0.72
82   49	|	2	0.12	3.65	3	0.18	0.82
82   50	|	1	0.10	4.10	3	0.30	0.70
82   51	|	6	0.05	4.56	5	0.05	1.53
82   53	|	3	0.08	4.63	4	0.10	1.50

83   1	|	9	1.00	0.00	9	1.00	0.00
83   2	|	1	1.00	0.00	1	1.00	0.00
83   3	|	12	1.00	0.00	10	0.83	0.17
83   4	|	1	1.00	0.00	1	1.00	0.00
83   7	|	13	1.00	0.00	7	0.54	0.62
83   9	|	12	0.86	0.21	14	1.00	0.00
83   11	|	1	1.00	0.00	1	1.00	0.00
83   12	|	2	1.00	0.00	2	1.00	0.00
83   14	|	2	0.67	2.33	2	0.67	0.33
83   15	|	1	0.33	2.67	0	0.00	1.00
83   19	|	11	0.73	0.93	5	0.33	0.93
83   22	|	1	1.00	0.00	1	1.00	0.00
83   23	|	1	0.50	3.00	2	1.00	0.00
83   25	|	1	0.33	3.67	1	0.33	0.67
83   34	|	3	0.75	0.25	2	0.50	0.50
83   35	|	1	0.50	2.50	0	0.00	1.50
83   36	|	5	1.00	0.00	5	1.00	0.00
83   38	|	1	1.00	0.00	1	1.00	0.00
83   40	|	1	1.00	0.00	1	1.00	0.00
83   41	|	8	0.73	0.82	4	0.36	0.64
83   42	|	1	1.00	0.00	1	1.00	0.00
83   45	|	3	0.50	1.33	1	0.17	1.33
83   46	|	1	0.33	2.33	0	0.00	1.67
83   47	|	2	1.00	0.00	0	0.00	1.50
83   48	|	1	0.33	4.67	3	1.00	0.00
83   51	|	2	0.33	4.17	0	0.00	1.00

84   1	|	22	1.00	0.00	20	0.91	0.09
84   2	|	1	1.00	0.00	1	1.00	0.00
84   3	|	33	0.97	0.06	28	0.82	0.18
84   4	|	1	1.00	0.00	1	1.00	0.00
84   5	|	1	1.00	0.00	1	1.00	0.00
84   6	|	2	1.00	0.00	2	1.00	0.00
84   7	|	10	0.83	0.25	4	0.33	0.83
84   9	|	13	0.93	0.21	14	1.00	0.00
84   12	|	7	0.88	0.13	6	0.75	0.25
84   13	|	3	1.00	0.00	0	0.00	1.00
84   14	|	1	1.00	0.00	0	0.00	1.00
84   19	|	14	0.64	1.14	4	0.18	1.45
84   20	|	1	1.00	0.00	0	0.00	1.00
84   21	|	2	1.00	0.00	0	0.00	1.50
84   25	|	1	0.25	2.75	3	0.75	0.50
84   32	|	1	1.00	0.00	1	1.00	0.00
84   34	|	9	0.90	0.10	5	0.50	0.70
84   35	|	1	1.00	0.00	1	1.00	0.00
84   36	|	4	1.00	0.00	4	1.00	0.00
84   37	|	1	0.33	1.33	3	1.00	0.00
84   38	|	2	1.00	0.00	2	1.00	0.00
84   40	|	9	0.75	0.50	4	0.33	0.75
84   41	|	11	0.79	0.36	6	0.43	0.57
84   45	|	8	0.67	0.67	3	0.25	1.08
84   46	|	1	0.50	2.00	0	0.00	2.00
84   47	|	3	1.00	0.00	1	0.33	1.33
84   51	|	1	0.25	3.00	1	0.25	1.00

86   1	|	2	1.00	0.00	1	0.50	0.50
86   3	|	5	1.00	0.00	4	0.80	0.20
86   7	|	6	0.75	0.75	1	0.13	2.38
86   9	|	2	0.50	2.75	2	0.50	0.75
86   12	|	7	0.44	1.63	5	0.31	1.63
86   13	|	5	0.21	2.17	1	0.04	2.42
86   14	|	1	0.14	4.71	0	0.00	2.43
86   15	|	1	0.17	3.83	0	0.00	2.33
86   19	|	7	0.06	3.83	0	0.00	3.44
86   20	|	1	0.04	4.30	1	0.04	3.48
86   22	|	2	0.06	4.94	1	0.03	1.85
86   23	|	5	0.07	5.22	0	0.00	1.81
86   25	|	1	0.02	5.23	1	0.02	2.77
86   26	|	1	0.05	4.64	0	0.00	2.91
86   30	|	1	0.11	4.22	0	0.00	2.67
86   32	|	1	0.50	0.50	1	0.50	0.50
86   36	|	1	0.17	2.17	1	0.17	1.50
86   37	|	1	0.10	3.80	1	0.10	1.50
86   40	|	2	0.13	3.47	1	0.07	2.27
86   41	|	4	0.07	3.74	1	0.02	2.36
86   43	|	1	0.25	4.25	0	0.00	2.25
86   45	|	10	0.06	4.11	1	0.01	3.30
86   46	|	1	0.02	3.65	0	0.00	3.42
86   47	|	1	0.20	4.60	0	0.00	3.20
86   48	|	2	0.06	4.91	0	0.00	1.66
86   51	|	3	0.03	4.80	0	0.00	2.60
86   53	|	1	0.02	5.48	0	0.00	2.65

