0   1	|	59	1.00	0.00	59	1.00	0.00
0   2	|	369	1.00	0.00	369	1.00	0.00
0   3	|	43	0.81	0.36	21	0.40	0.60
0   4	|	117	0.99	0.01	95	0.81	0.19
0   5	|	82	0.93	0.07	88	1.00	0.00
0   7	|	54	0.90	0.23	12	0.20	1.17
0   8	|	21	0.75	0.43	4	0.14	1.32
0   9	|	21	0.23	1.07	91	1.00	0.00
0   10	|	147	0.86	0.26	170	1.00	0.00
0   12	|	16	0.30	1.28	12	0.23	0.77
0   13	|	87	0.60	0.83	57	0.40	0.60
0   15	|	44	0.75	0.53	32	0.54	0.46
0   22	|	3	0.06	3.34	47	1.00	0.00
0   23	|	17	0.39	2.30	44	1.00	0.00
0   24	|	1	0.14	3.00	7	1.00	0.00
0   28	|	2	0.22	3.33	9	1.00	0.00
0   30	|	6	0.32	2.47	10	0.53	0.47
0   32	|	6	0.67	0.89	1	0.11	0.89
0   33	|	17	0.89	0.63	11	0.58	0.42
0   34	|	10	0.43	1.78	2	0.09	1.39
0   35	|	25	0.89	0.36	10	0.36	0.89
0   36	|	6	0.14	1.65	43	1.00	0.00
0   37	|	104	0.84	0.50	124	1.00	0.00
0   38	|	1	0.33	1.33	3	1.00	0.00
0   40	|	14	0.21	1.59	32	0.47	0.53
0   41	|	15	0.11	2.74	34	0.24	0.76
0   43	|	1	0.50	2.00	0	0.00	1.00
0   52	|	14	0.67	1.24	21	1.00	0.00
0   53	|	7	0.41	1.94	4	0.24	0.76

1   1	|	74	1.00	0.00	74	1.00	0.00
1   2	|	469	1.00	0.00	469	1.00	0.00
1   3	|	78	0.91	0.17	37	0.43	0.57
1   4	|	171	0.99	0.01	137	0.80	0.20
1   5	|	124	0.89	0.16	139	1.00	0.00
1   6	|	2	0.50	1.75	4	1.00	0.00
1   7	|	88	0.77	0.43	25	0.22	1.17
1   8	|	34	0.81	0.38	10	0.24	1.05
1   9	|	30	0.22	1.09	138	1.00	0.00
1   10	|	222	0.91	0.18	244	1.00	0.00
1   12	|	30	0.35	1.46	24	0.28	0.72
1   13	|	154	0.58	1.03	127	0.48	0.52
1   14	|	2	0.20	2.80	1	0.10	0.90
1   15	|	86	0.73	0.58	69	0.58	0.42
1   16	|	1	0.50	0.50	1	0.50	0.50
1   17	|	1	1.00	0.00	0	0.00	2.00
1   18	|	1	0.20	2.40	4	0.80	0.20
1   23	|	31	0.44	2.10	71	1.00	0.00
1   24	|	1	0.14	4.00	7	1.00	0.00
1   28	|	10	0.53	1.47	19	1.00	0.00
1   29	|	1	0.33	4.00	3	1.00	0.00
1   30	|	4	0.36	1.82	4	0.36	0.64
1   32	|	10	0.67	1.20	7	0.47	0.53
1   33	|	17	0.85	0.45	10	0.50	0.50
1   34	|	20	0.54	1.00	4	0.11	1.32
1   35	|	46	0.85	0.56	15	0.28	1.09
1   36	|	8	0.16	1.78	51	1.00	0.00
1   37	|	134	0.86	0.35	156	1.00	0.00
1   40	|	30	0.25	1.61	50	0.41	0.59
1   41	|	38	0.22	2.03	51	0.30	0.70
1   43	|	3	0.43	1.71	1	0.14	0.86
1   44	|	1	1.00	0.00	0	0.00	1.00
1   52	|	19	0.53	1.36	36	1.00	0.00
1   53	|	3	0.16	2.74	6	0.32	0.68

10   1	|	1590	1.00	0.00	1594	1.00	0.00
10   2	|	144	0.99	0.01	145	1.00	0.00
10   3	|	2825	0.98	0.04	2071	0.72	0.28
10   4	|	103	0.96	0.10	57	0.53	0.47
10   5	|	38	0.75	0.71	51	1.00	0.00
10   6	|	67	0.99	0.04	68	1.00	0.00
10   7	|	1150	0.93	0.15	530	0.43	0.76
10   8	|	50	0.94	0.17	19	0.36	0.96
10   9	|	841	0.88	0.22	953	1.00	0.00
10   10	|	23	0.64	0.67	36	1.00	0.00
10   11	|	81	0.99	0.02	82	1.00	0.00
10   12	|	708	0.81	0.47	552	0.63	0.37
10   13	|	179	0.53	1.28	117	0.35	0.65
10   14	|	177	0.83	0.38	69	0.32	0.68
10   15	|	83	0.63	0.98	41	0.31	0.69
10   16	|	16	0.94	0.18	9	0.53	0.47
10   17	|	9	0.90	0.20	4	0.40	0.90
10   18	|	28	0.62	1.73	30	0.67	0.33
10   22	|	132	0.36	2.07	362	1.00	0.00
10   23	|	61	0.15	3.34	416	1.00	0.00
10   24	|	70	0.35	2.11	199	1.00	0.00
10   28	|	8	0.30	2.15	27	1.00	0.00
10   29	|	3	0.50	2.67	6	1.00	0.00
10   30	|	11	0.28	2.50	8	0.20	0.80
10   32	|	287	0.97	0.06	176	0.59	0.41
10   33	|	40	0.91	0.25	30	0.68	0.32
10   34	|	865	0.92	0.19	411	0.44	0.71
10   35	|	110	0.81	0.59	48	0.36	0.90
10   36	|	554	0.80	0.40	690	1.00	0.00
10   37	|	179	0.71	0.90	253	1.00	0.00
10   38	|	67	0.93	0.17	72	1.00	0.00
10   39	|	55	0.81	0.59	68	1.00	0.00
10   40	|	456	0.71	0.64	317	0.49	0.51
10   41	|	1394	0.72	0.70	996	0.51	0.49
10   42	|	215	0.54	1.42	144	0.36	0.64
10   43	|	90	0.63	1.10	57	0.40	0.60
10   44	|	50	0.89	0.27	24	0.43	0.57
10   48	|	86	0.28	2.62	303	1.00	0.00
10   49	|	8	0.20	3.00	41	1.00	0.00
10   50	|	3	0.18	4.00	17	1.00	0.00
10   52	|	21	0.18	2.66	120	1.00	0.00
10   53	|	46	0.18	3.11	56	0.22	0.78

11   1	|	2909	0.99	0.02	2602	0.89	0.11
11   2	|	237	0.98	0.05	214	0.88	0.12
11   3	|	5244	0.96	0.09	3300	0.61	0.48
11   4	|	123	0.88	0.40	52	0.37	0.83
11   5	|	76	0.72	0.82	60	0.57	0.43
11   6	|	137	0.98	0.06	121	0.86	0.14
11   7	|	2266	0.90	0.26	808	0.32	1.11
11   8	|	69	0.84	0.56	16	0.20	1.48
11   9	|	1706	0.85	0.37	1614	0.80	0.20
11   10	|	41	0.61	0.94	32	0.48	0.52
11   11	|	153	0.99	0.05	134	0.86	0.14
11   12	|	1335	0.73	0.82	838	0.46	0.73
11   13	|	326	0.44	1.86	84	0.11	1.29
11   14	|	312	0.77	0.80	118	0.29	0.97
11   15	|	192	0.53	1.63	52	0.14	1.26
11   16	|	25	0.89	0.43	12	0.43	0.75
11   17	|	19	0.90	0.57	2	0.10	1.62
11   18	|	57	0.46	2.40	36	0.29	1.06
11   22	|	295	0.24	2.98	544	0.44	0.56
11   23	|	143	0.09	3.96	428	0.26	0.74
11   24	|	162	0.22	3.16	290	0.39	0.61
11   28	|	10	0.19	3.75	21	0.40	0.60
11   29	|	9	0.31	3.00	6	0.21	0.79
11   30	|	22	0.21	3.46	6	0.06	1.49
11   32	|	521	0.89	0.32	235	0.40	0.81
11   33	|	53	0.84	0.59	34	0.54	0.63
11   34	|	1738	0.88	0.32	595	0.30	1.16
11   35	|	198	0.72	0.81	45	0.16	1.54
11   36	|	1001	0.71	0.83	1001	0.71	0.29
11   37	|	265	0.49	1.77	218	0.40	0.60
11   38	|	109	0.89	0.37	88	0.72	0.28
11   39	|	74	0.60	1.34	72	0.59	0.41
11   40	|	883	0.62	1.19	463	0.33	0.94
11   41	|	2956	0.64	1.07	1572	0.34	0.91
11   42	|	424	0.35	2.42	141	0.12	1.38
11   43	|	188	0.55	1.71	65	0.19	1.21
11   44	|	130	0.84	0.64	44	0.28	1.00
11   48	|	221	0.14	3.66	521	0.33	0.67
11   49	|	14	0.07	4.27	42	0.20	0.80
11   50	|	9	0.08	4.30	34	0.32	0.68
11   52	|	42	0.09	3.94	117	0.26	0.74
11   53	|	134	0.12	3.90	78	0.07	1.49

12   1	|	2137	0.99	0.03	2163	1.00	0.00
12   2	|	149	0.97	0.06	153	1.00	0.00
12   3	|	3732	0.95	0.10	2763	0.70	0.30
12   4	|	90	0.91	0.24	56	0.57	0.43
12   5	|	45	0.75	0.62	60	1.00	0.00
12   6	|	73	0.97	0.03	75	1.00	0.00
12   7	|	1526	0.87	0.37	673	0.38	0.84
12   8	|	27	0.61	1.59	6	0.14	1.34
12   9	|	1190	0.85	0.44	1393	1.00	0.00
12   10	|	16	0.41	2.15	39	1.00	0.00
12   11	|	104	0.95	0.10	109	1.00	0.00
12   12	|	878	0.69	1.07	720	0.57	0.43
12   13	|	180	0.34	2.75	116	0.22	0.78
12   14	|	190	0.64	1.29	113	0.38	0.62
12   15	|	73	0.32	3.19	63	0.27	0.73
12   16	|	16	0.89	0.67	9	0.50	0.50
12   17	|	7	0.37	3.26	0	0.00	1.68
12   18	|	16	0.25	4.16	29	0.46	0.54
12   22	|	187	0.24	3.76	795	1.00	0.00
12   23	|	35	0.03	5.20	1155	1.00	0.00
12   24	|	94	0.16	4.45	581	1.00	0.00
12   28	|	4	0.07	5.05	56	1.00	0.00
12   29	|	10	0.48	3.00	21	1.00	0.00
12   30	|	10	0.14	5.20	12	0.16	0.84
12   32	|	306	0.76	0.63	243	0.60	0.40
12   33	|	34	0.81	0.50	30	0.71	0.29
12   34	|	1174	0.82	0.59	558	0.39	0.81
12   35	|	83	0.46	2.22	33	0.18	1.18
12   36	|	648	0.69	1.10	945	1.00	0.00
12   37	|	118	0.33	2.80	357	1.00	0.00
12   38	|	75	0.83	0.63	90	1.00	0.00
12   39	|	42	0.50	2.06	84	1.00	0.00
12   40	|	574	0.60	1.55	393	0.41	0.59
12   41	|	1916	0.60	1.49	1464	0.46	0.54
12   42	|	165	0.20	3.66	243	0.29	0.71
12   43	|	106	0.35	3.03	92	0.31	0.69
12   44	|	70	0.77	0.82	39	0.43	0.57
12   48	|	100	0.11	4.60	917	1.00	0.00
12   49	|	9	0.05	5.17	180	1.00	0.00
12   50	|	11	0.14	4.90	77	1.00	0.00
12   52	|	4	0.01	5.52	296	1.00	0.00
12   53	|	46	0.05	5.07	177	0.21	0.79

13   1	|	570	0.94	0.14	605	1.00	0.00
13   2	|	39	0.91	0.14	43	1.00	0.00
13   3	|	968	0.88	0.28	747	0.68	0.32
13   4	|	34	0.76	0.69	23	0.51	0.49
13   5	|	17	0.41	2.20	41	1.00	0.00
13   6	|	28	0.76	0.95	37	1.00	0.00
13   7	|	442	0.75	0.75	174	0.29	0.96
13   8	|	18	0.53	2.41	9	0.26	1.06
13   9	|	308	0.65	1.21	476	1.00	0.00
13   10	|	10	0.26	3.03	39	1.00	0.00
13   11	|	25	0.86	0.45	29	1.00	0.00
13   12	|	226	0.41	2.35	226	0.41	0.59
13   13	|	91	0.22	3.42	114	0.27	0.73
13   14	|	61	0.44	2.27	62	0.45	0.55
13   15	|	41	0.22	3.35	68	0.36	0.64
13   16	|	3	0.30	3.20	3	0.30	0.70
13   17	|	3	0.50	2.50	0	0.00	1.33
13   18	|	14	0.26	3.96	19	0.35	0.65
13   22	|	40	0.07	4.73	563	1.00	0.00
13   23	|	19	0.02	5.38	1142	1.00	0.00
13   24	|	32	0.08	4.89	398	1.00	0.00
13   28	|	2	0.04	4.96	46	1.00	0.00
13   29	|	1	0.09	5.55	11	1.00	0.00
13   30	|	5	0.10	4.46	9	0.18	0.82
13   32	|	97	0.57	1.17	104	0.61	0.39
13   33	|	17	0.52	1.52	28	0.85	0.15
13   34	|	345	0.62	1.22	193	0.35	0.90
13   35	|	68	0.39	2.36	39	0.22	1.05
13   36	|	176	0.43	2.11	412	1.00	0.00
13   37	|	84	0.24	3.02	343	1.00	0.00
13   38	|	14	0.47	2.10	30	1.00	0.00
13   39	|	16	0.21	3.47	76	1.00	0.00
13   40	|	171	0.36	2.70	157	0.33	0.67
13   41	|	555	0.37	2.49	585	0.39	0.61
13   42	|	123	0.15	3.80	254	0.31	0.69
13   43	|	32	0.19	3.77	50	0.30	0.70
13   44	|	23	0.43	2.32	14	0.26	0.74
13   48	|	27	0.04	5.08	730	1.00	0.00
13   49	|	5	0.03	5.51	159	1.00	0.00
13   50	|	4	0.07	5.02	54	1.00	0.00
13   52	|	8	0.03	4.97	288	1.00	0.00
13   53	|	16	0.03	5.32	107	0.18	0.82

14   1	|	377	0.97	0.07	347	0.89	0.11
14   2	|	17	0.85	0.50	16	0.80	0.20
14   3	|	726	0.88	0.30	433	0.52	0.60
14   4	|	16	0.70	1.04	14	0.61	0.70
14   5	|	11	0.46	2.71	14	0.58	0.42
14   6	|	20	0.83	0.63	15	0.63	0.38
14   7	|	310	0.69	1.07	98	0.22	1.38
14   8	|	3	0.25	3.67	0	0.00	2.33
14   9	|	200	0.58	1.60	207	0.60	0.40
14   10	|	5	0.38	2.62	2	0.15	0.85
14   11	|	19	0.76	0.96	15	0.60	0.40
14   12	|	200	0.39	2.69	124	0.24	1.15
14   13	|	38	0.12	4.07	21	0.07	1.53
14   14	|	44	0.39	2.84	21	0.19	1.22
14   15	|	26	0.16	3.95	14	0.09	1.51
14   16	|	5	0.50	2.00	0	0.00	1.70
14   17	|	1	0.13	3.50	0	0.00	2.88
14   18	|	6	0.11	4.55	4	0.08	1.49
14   22	|	31	0.06	4.98	128	0.23	0.77
14   23	|	30	0.02	5.53	223	0.18	0.82
14   24	|	25	0.06	5.08	102	0.23	0.77
14   28	|	2	0.08	5.36	7	0.28	0.72
14   29	|	1	0.07	5.67	3	0.20	0.80
14   30	|	1	0.03	5.40	0	0.00	1.63
14   32	|	103	0.56	1.49	47	0.25	1.02
14   33	|	13	0.57	1.22	5	0.22	0.96
14   34	|	282	0.60	1.38	98	0.21	1.56
14   35	|	30	0.27	2.82	8	0.07	1.88
14   36	|	144	0.42	2.38	164	0.48	0.52
14   37	|	47	0.16	3.57	83	0.28	0.72
14   38	|	12	0.57	1.95	9	0.43	0.57
14   39	|	15	0.25	3.76	21	0.36	0.64
14   40	|	112	0.26	3.09	57	0.13	1.36
14   41	|	443	0.33	2.80	260	0.19	1.25
14   42	|	80	0.10	4.32	45	0.06	1.53
14   43	|	28	0.17	3.97	14	0.08	1.44
14   44	|	17	0.53	1.97	7	0.22	1.13
14   48	|	37	0.04	5.27	201	0.20	0.80
14   49	|	3	0.01	5.72	37	0.16	0.84
14   50	|	4	0.05	5.43	14	0.19	0.81
14   52	|	6	0.02	5.57	41	0.15	0.85
14   53	|	24	0.04	5.16	25	0.04	1.60

15   1	|	130	1.00	0.00	130	1.00	0.00
15   2	|	10	1.00	0.00	10	1.00	0.00
15   3	|	217	0.97	0.06	159	0.71	0.29
15   4	|	2	1.00	0.00	2	1.00	0.00
15   5	|	3	0.60	0.80	5	1.00	0.00
15   6	|	5	1.00	0.00	5	1.00	0.00
15   7	|	87	0.97	0.03	37	0.41	0.78
15   8	|	1	1.00	0.00	1	1.00	0.00
15   9	|	67	0.91	0.28	74	1.00	0.00
15   10	|	2	1.00	0.00	2	1.00	0.00
15   11	|	4	1.00	0.00	4	1.00	0.00
15   12	|	67	0.84	0.39	57	0.71	0.29
15   13	|	13	0.68	0.74	4	0.21	0.79
15   14	|	13	0.76	0.94	7	0.41	0.59
15   15	|	7	0.88	0.25	4	0.50	0.50
15   18	|	1	1.00	0.00	1	1.00	0.00
15   22	|	11	0.39	1.57	28	1.00	0.00
15   24	|	2	0.13	2.53	15	1.00	0.00
15   30	|	1	0.50	1.00	1	0.50	0.50
15   32	|	21	0.95	0.05	14	0.64	0.36
15   33	|	4	1.00	0.00	4	1.00	0.00
15   34	|	49	0.92	0.17	24	0.45	0.68
15   35	|	10	0.83	0.58	2	0.17	0.92
15   36	|	37	0.79	0.40	47	1.00	0.00
15   37	|	15	0.83	0.78	18	1.00	0.00
15   38	|	1	1.00	0.00	1	1.00	0.00
15   39	|	2	0.67	1.33	3	1.00	0.00
15   40	|	29	0.76	0.42	22	0.58	0.42
15   41	|	85	0.75	0.60	65	0.58	0.42
15   42	|	9	0.56	1.69	10	0.63	0.38
15   43	|	8	0.89	0.22	4	0.44	0.56
15   44	|	7	1.00	0.00	1	0.14	0.86
15   48	|	7	0.29	2.33	24	1.00	0.00
15   49	|	1	0.50	1.00	2	1.00	0.00
15   52	|	2	0.17	2.92	12	1.00	0.00
15   53	|	2	0.18	2.73	1	0.09	0.91

16   1	|	384	0.98	0.05	334	0.85	0.15
16   2	|	34	0.92	0.22	26	0.70	0.30
16   3	|	735	0.87	0.29	410	0.49	0.66
16   4	|	80	0.77	0.75	31	0.30	0.98
16   5	|	32	0.41	1.64	37	0.47	0.53
16   6	|	18	0.75	0.67	17	0.71	0.29
16   7	|	375	0.69	0.81	95	0.17	1.56
16   8	|	92	0.71	1.15	16	0.12	1.87
16   9	|	289	0.52	1.33	255	0.46	0.54
16   10	|	63	0.51	1.41	57	0.46	0.54
16   11	|	19	0.83	0.22	18	0.78	0.22
16   12	|	317	0.39	1.94	149	0.18	1.28
16   13	|	531	0.42	1.87	259	0.21	1.24
16   14	|	65	0.36	2.17	28	0.16	1.28
16   15	|	121	0.31	2.43	67	0.17	1.28
16   16	|	4	0.21	2.53	3	0.16	1.37
16   17	|	2	0.12	2.94	1	0.06	2.18
16   18	|	11	0.15	4.51	9	0.12	1.37
16   22	|	100	0.10	3.71	285	0.28	0.72
16   23	|	346	0.15	3.65	727	0.32	0.68
16   24	|	52	0.09	4.03	153	0.26	0.74
16   28	|	16	0.17	3.67	29	0.31	0.69
16   29	|	3	0.08	4.21	8	0.21	0.79
16   30	|	21	0.17	3.01	11	0.09	1.50
16   32	|	115	0.67	0.81	58	0.34	0.84
16   33	|	66	0.84	0.42	38	0.48	0.66
16   34	|	347	0.61	1.01	97	0.17	1.56
16   35	|	255	0.62	1.09	57	0.14	1.63
16   36	|	206	0.34	1.85	249	0.42	0.59
16   37	|	606	0.55	1.48	551	0.50	0.50
16   38	|	25	0.49	1.57	21	0.41	0.59
16   39	|	31	0.34	2.23	34	0.37	0.63
16   40	|	257	0.30	2.08	104	0.12	1.39
16   41	|	667	0.30	2.24	369	0.16	1.27
16   42	|	846	0.41	2.08	411	0.20	1.22
16   43	|	55	0.21	2.85	37	0.14	1.37
16   44	|	22	0.40	2.05	9	0.16	1.33
16   48	|	122	0.09	3.79	405	0.30	0.70
16   49	|	30	0.12	4.13	77	0.31	0.69
16   50	|	4	0.05	4.23	19	0.26	0.74
16   52	|	83	0.14	3.70	175	0.30	0.70
16   53	|	186	0.14	3.71	124	0.09	1.46

17   1	|	51	0.98	0.02	52	1.00	0.00
17   2	|	6	1.00	0.00	6	1.00	0.00
17   3	|	119	0.96	0.06	85	0.69	0.31
17   4	|	5	0.83	0.17	3	0.50	0.50
17   5	|	6	0.75	0.25	8	1.00	0.00
17   6	|	2	1.00	0.00	2	1.00	0.00
17   7	|	58	0.88	0.23	18	0.27	1.02
17   8	|	7	0.88	0.25	4	0.50	0.75
17   9	|	42	0.75	0.52	56	1.00	0.00
17   10	|	10	0.77	0.62	13	1.00	0.00
17   11	|	5	1.00	0.00	5	1.00	0.00
17   12	|	33	0.47	1.46	29	0.41	0.59
17   13	|	71	0.63	0.85	47	0.42	0.58
17   14	|	10	0.63	0.75	9	0.56	0.44
17   15	|	18	0.53	1.29	17	0.50	0.50
17   17	|	1	0.50	0.50	0	0.00	1.50
17   18	|	1	0.20	4.40	4	0.80	0.20
17   22	|	12	0.22	1.98	54	1.00	0.00
17   23	|	32	0.30	2.59	108	1.00	0.00
17   24	|	3	0.13	3.33	24	1.00	0.00
17   28	|	1	0.20	1.40	5	1.00	0.00
17   30	|	2	0.33	2.33	2	0.33	0.67
17   32	|	17	0.89	0.11	12	0.63	0.37
17   33	|	6	0.67	1.22	8	0.89	0.11
17   34	|	53	0.87	0.28	16	0.26	1.07
17   35	|	27	0.77	0.66	12	0.34	0.86
17   36	|	27	0.56	0.96	48	1.00	0.00
17   37	|	57	0.65	1.05	88	1.00	0.00
17   38	|	8	0.73	1.18	11	1.00	0.00
17   39	|	4	0.44	2.67	9	1.00	0.00
17   40	|	31	0.51	1.13	19	0.31	0.69
17   41	|	71	0.44	1.56	62	0.38	0.62
17   42	|	72	0.61	1.24	49	0.42	0.58
17   43	|	5	0.56	2.00	3	0.33	0.67
17   44	|	2	0.33	1.83	3	0.50	0.50
17   48	|	6	0.11	2.79	53	1.00	0.00
17   49	|	9	0.64	1.86	14	1.00	0.00
17   52	|	13	0.39	2.48	33	1.00	0.00
17   53	|	11	0.20	2.93	15	0.28	0.72

18   1	|	111	1.00	0.00	104	0.94	0.06
18   2	|	4	1.00	0.00	4	1.00	0.00
18   3	|	224	0.96	0.09	164	0.70	0.32
18   4	|	11	1.00	0.00	7	0.64	0.36
18   5	|	1	0.50	2.00	1	0.50	0.50
18   6	|	6	1.00	0.00	6	1.00	0.00
18   7	|	71	0.95	0.09	33	0.44	0.88
18   8	|	1	1.00	0.00	0	0.00	1.00
18   9	|	64	0.84	0.33	70	0.92	0.08
18   10	|	2	0.40	1.00	3	0.60	0.40
18   11	|	8	1.00	0.00	8	1.00	0.00
18   12	|	54	0.75	0.79	42	0.58	0.49
18   13	|	10	0.56	1.17	3	0.17	0.94
18   14	|	16	0.89	0.33	7	0.39	0.78
18   15	|	2	0.50	1.75	0	0.00	1.50
18   16	|	2	1.00	0.00	0	0.00	1.50
18   17	|	2	1.00	0.00	1	0.50	1.00
18   18	|	2	0.67	0.33	2	0.67	0.33
18   22	|	9	0.31	1.79	26	0.90	0.10
18   23	|	5	0.17	3.43	14	0.47	0.53
18   24	|	3	0.21	1.93	11	0.79	0.21
18   30	|	2	0.50	1.25	0	0.00	1.25
18   32	|	19	0.90	0.19	16	0.76	0.33
18   34	|	55	0.93	0.08	22	0.37	0.83
18   35	|	6	1.00	0.00	2	0.33	0.67
18   36	|	46	0.82	0.45	49	0.88	0.13
18   37	|	6	0.50	1.58	10	0.83	0.17
18   38	|	6	0.86	0.43	6	0.86	0.14
18   39	|	5	0.71	0.43	7	1.00	0.00
18   40	|	25	0.71	0.74	16	0.46	0.63
18   41	|	128	0.74	0.76	81	0.47	0.62
18   42	|	9	0.36	2.40	9	0.36	0.80
18   43	|	5	0.36	2.50	8	0.57	0.57
18   44	|	7	1.00	0.00	4	0.57	0.43
18   48	|	7	0.25	2.96	16	0.57	0.43
18   49	|	2	0.40	3.20	2	0.40	0.60
18   52	|	3	0.33	2.33	6	0.67	0.33
18   53	|	2	0.11	3.39	4	0.22	1.06

20   1	|	145	0.98	0.03	148	1.00	0.00
20   2	|	8	1.00	0.00	8	1.00	0.00
20   3	|	185	0.92	0.15	145	0.72	0.28
20   4	|	9	0.82	0.55	9	0.82	0.18
20   5	|	5	0.45	1.27	11	1.00	0.00
20   6	|	14	1.00	0.00	14	1.00	0.00
20   7	|	96	0.76	0.50	48	0.38	0.87
20   8	|	1	0.50	0.50	0	0.00	1.50
20   9	|	106	0.83	0.46	127	1.00	0.00
20   10	|	4	0.80	0.20	5	1.00	0.00
20   11	|	7	1.00	0.00	7	1.00	0.00
20   12	|	132	0.72	0.90	106	0.58	0.42
20   13	|	12	0.20	3.22	17	0.28	0.72
20   14	|	17	0.61	1.14	12	0.43	0.57
20   15	|	13	0.33	2.25	15	0.38	0.63
20   16	|	2	1.00	0.00	2	1.00	0.00
20   17	|	5	1.00	0.00	2	0.40	1.00
20   18	|	8	0.62	1.62	8	0.62	0.38
20   22	|	28	0.25	3.19	113	1.00	0.00
20   23	|	10	0.09	4.20	115	1.00	0.00
20   24	|	11	0.16	3.25	67	1.00	0.00
20   30	|	2	0.25	3.25	1	0.13	0.88
20   31	|	42	0.93	0.31	33	0.73	0.29
20   32	|	24	0.67	0.72	25	0.69	0.31
20   33	|	3	0.60	0.80	5	1.00	0.00
20   34	|	56	0.69	0.79	28	0.35	0.90
20   35	|	5	0.29	1.47	3	0.18	1.06
20   36	|	59	0.68	1.03	87	1.00	0.00
20   37	|	28	0.44	1.89	64	1.00	0.00
20   38	|	13	0.93	0.29	14	1.00	0.00
20   39	|	15	0.68	1.55	22	1.00	0.00
20   40	|	80	0.58	1.36	66	0.48	0.52
20   41	|	161	0.47	1.76	134	0.39	0.61
20   42	|	56	0.35	2.48	58	0.36	0.64
20   43	|	14	0.31	2.84	14	0.31	0.69
20   44	|	6	0.50	1.83	7	0.58	0.42
20   48	|	28	0.13	4.17	214	1.00	0.00
20   49	|	4	0.04	4.40	95	1.00	0.00
20   50	|	5	0.13	4.36	39	1.00	0.00
20   52	|	9	0.14	3.89	64	1.00	0.00
20   53	|	23	0.11	4.43	47	0.22	0.78

21   1	|	1271	0.98	0.03	1300	1.00	0.00
21   2	|	72	0.96	0.07	75	1.00	0.00
21   3	|	2071	0.94	0.12	1600	0.73	0.27
21   4	|	48	0.83	0.29	33	0.57	0.43
21   5	|	37	0.73	0.82	51	1.00	0.00
21   6	|	110	0.96	0.12	114	1.00	0.00
21   7	|	754	0.85	0.33	334	0.38	0.86
21   8	|	19	0.83	0.26	4	0.17	1.17
21   9	|	1062	0.88	0.33	1209	1.00	0.00
21   10	|	19	0.53	1.08	36	1.00	0.00
21   11	|	71	0.95	0.19	75	1.00	0.00
21   12	|	1047	0.80	0.54	874	0.67	0.33
21   13	|	92	0.38	2.21	57	0.23	0.77
21   14	|	135	0.76	0.75	70	0.39	0.61
21   15	|	73	0.42	2.05	65	0.37	0.63
21   16	|	14	0.93	0.13	7	0.47	0.53
21   17	|	12	0.80	0.60	5	0.33	0.87
21   18	|	42	0.44	2.34	41	0.43	0.57
21   22	|	215	0.39	2.56	557	1.00	0.00
21   23	|	33	0.07	4.38	481	1.00	0.00
21   24	|	69	0.26	3.24	263	1.00	0.00
21   28	|	6	0.21	2.93	28	1.00	0.00
21   29	|	12	0.52	1.74	23	1.00	0.00
21   30	|	16	0.36	3.14	7	0.16	0.84
21   31	|	365	0.90	0.26	275	0.68	0.35
21   32	|	214	0.80	0.42	190	0.71	0.29
21   33	|	21	0.81	0.73	21	0.81	0.19
21   34	|	431	0.72	0.60	212	0.35	0.89
21   35	|	55	0.53	1.28	31	0.30	1.02
21   36	|	449	0.75	0.71	599	1.00	0.00
21   37	|	111	0.42	1.93	263	1.00	0.00
21   38	|	116	0.95	0.20	122	1.00	0.00
21   39	|	69	0.67	1.17	103	1.00	0.00
21   40	|	596	0.71	0.81	445	0.53	0.47
21   41	|	1216	0.65	1.03	939	0.51	0.49
21   42	|	159	0.25	2.79	199	0.31	0.69
21   43	|	128	0.51	1.75	107	0.43	0.57
21   44	|	52	0.75	0.87	36	0.52	0.48
21   48	|	155	0.18	3.76	863	1.00	0.00
21   49	|	21	0.05	4.57	414	1.00	0.00
21   50	|	46	0.20	3.84	226	1.00	0.00
21   52	|	25	0.10	4.34	253	1.00	0.00
21   53	|	60	0.08	4.37	141	0.19	0.81

22   1	|	331	0.91	0.29	281	0.77	0.23
22   2	|	22	0.92	0.08	18	0.75	0.25
22   3	|	549	0.73	0.67	339	0.45	0.75
22   4	|	13	0.46	1.43	6	0.21	1.18
22   5	|	27	0.36	2.21	30	0.39	0.61
22   6	|	18	0.72	1.36	15	0.60	0.40
22   7	|	240	0.48	1.44	77	0.15	1.73
22   8	|	14	0.30	2.41	9	0.20	1.59
22   9	|	260	0.47	1.85	251	0.45	0.55
22   10	|	11	0.20	3.35	13	0.24	0.76
22   11	|	22	0.81	0.44	21	0.78	0.22
22   12	|	321	0.31	2.55	183	0.18	1.29
22   13	|	89	0.13	3.49	68	0.10	1.42
22   14	|	50	0.28	2.71	20	0.11	1.41
22   15	|	81	0.15	3.41	63	0.12	1.35
22   16	|	5	0.36	2.71	3	0.21	1.43
22   17	|	3	0.17	3.22	0	0.00	2.61
22   18	|	23	0.11	4.66	27	0.13	1.38
22   22	|	91	0.07	4.47	333	0.26	0.74
22   23	|	68	0.03	4.93	599	0.22	0.78
22   24	|	49	0.06	4.58	204	0.24	0.76
22   28	|	6	0.07	4.71	19	0.23	0.77
22   29	|	5	0.15	4.26	11	0.32	0.68
22   30	|	6	0.05	4.47	8	0.06	1.46
22   31	|	96	0.35	2.78	59	0.21	1.11
22   32	|	114	0.43	1.54	58	0.22	1.09
22   33	|	19	0.37	1.83	18	0.35	0.79
22   34	|	189	0.35	1.86	45	0.08	1.92
22   35	|	59	0.19	2.43	19	0.06	1.96
22   36	|	168	0.26	2.65	219	0.34	0.66
22   37	|	158	0.17	3.06	273	0.29	0.71
22   38	|	25	0.45	2.11	26	0.47	0.53
22   39	|	34	0.19	3.13	59	0.32	0.68
22   40	|	197	0.22	3.08	113	0.13	1.40
22   41	|	480	0.21	3.02	287	0.13	1.39
22   42	|	357	0.13	3.61	287	0.10	1.44
22   43	|	80	0.13	3.74	52	0.08	1.44
22   44	|	26	0.25	3.08	6	0.06	1.49
22   48	|	186	0.05	4.75	924	0.23	0.77
22   49	|	86	0.03	4.91	589	0.22	0.78
22   50	|	40	0.04	4.78	248	0.24	0.76
22   52	|	77	0.06	4.83	309	0.24	0.76
22   53	|	148	0.05	4.72	203	0.06	1.56

23   1	|	500	0.84	0.30	460	0.77	0.23
23   2	|	32	0.82	0.49	27	0.69	0.31
23   3	|	880	0.67	0.74	545	0.41	0.83
23   4	|	34	0.64	1.11	17	0.32	1.02
23   5	|	25	0.33	2.53	25	0.33	0.67
23   6	|	48	0.76	1.02	40	0.63	0.37
23   7	|	418	0.45	1.40	130	0.14	1.72
23   8	|	18	0.31	2.42	6	0.10	2.00
23   9	|	465	0.50	1.76	469	0.51	0.49
23   10	|	11	0.16	3.25	10	0.15	0.85
23   11	|	41	0.69	0.95	36	0.61	0.39
23   12	|	483	0.40	2.14	279	0.23	1.23
23   13	|	116	0.13	3.43	60	0.07	1.54
23   14	|	53	0.26	2.74	22	0.11	1.47
23   15	|	56	0.15	3.38	22	0.06	1.51
23   16	|	11	0.48	1.52	2	0.09	1.35
23   17	|	3	0.13	3.65	0	0.00	2.48
23   18	|	11	0.13	4.18	10	0.12	1.36
23   22	|	119	0.07	4.50	327	0.20	0.80
23   23	|	33	0.02	4.90	229	0.16	0.84
23   24	|	32	0.07	4.55	90	0.19	0.81
23   28	|	6	0.05	4.82	37	0.29	0.71
23   29	|	7	0.11	4.89	17	0.27	0.73
23   30	|	10	0.06	4.58	7	0.04	1.57
23   31	|	133	0.45	2.13	97	0.33	0.93
23   32	|	142	0.39	1.29	49	0.13	1.31
23   33	|	10	0.26	2.10	6	0.15	1.18
23   34	|	360	0.34	1.70	94	0.09	1.94
23   35	|	39	0.18	2.50	12	0.06	2.04
23   36	|	246	0.27	2.60	305	0.34	0.66
23   37	|	55	0.12	3.32	103	0.23	0.77
23   38	|	36	0.58	1.42	32	0.52	0.48
23   39	|	25	0.25	2.73	29	0.29	0.71
23   40	|	336	0.26	2.80	180	0.14	1.38
23   41	|	759	0.22	2.91	415	0.12	1.42
23   42	|	35	0.08	3.50	25	0.06	1.53
23   43	|	17	0.19	3.07	11	0.13	1.39
23   44	|	15	0.28	2.89	8	0.15	1.28
23   48	|	22	0.06	4.58	71	0.18	0.82
23   52	|	22	0.06	4.85	64	0.16	0.84
23   53	|	32	0.05	4.88	20	0.03	1.69

24   1	|	265	0.87	0.29	303	1.00	0.00
24   2	|	20	0.83	0.29	24	1.00	0.00
24   3	|	355	0.65	1.09	323	0.59	0.41
24   4	|	11	0.50	1.50	11	0.50	0.50
24   5	|	11	0.31	3.34	35	1.00	0.00
24   6	|	17	0.81	0.76	21	1.00	0.00
24   7	|	179	0.44	1.97	80	0.20	1.20
24   8	|	2	0.11	3.68	1	0.05	1.47
24   9	|	193	0.48	2.35	402	1.00	0.00
24   10	|	3	0.09	4.09	33	1.00	0.00
24   11	|	7	0.54	1.77	13	1.00	0.00
24   12	|	154	0.30	3.28	178	0.35	0.65
24   13	|	31	0.06	4.63	127	0.24	0.76
24   14	|	22	0.19	3.77	35	0.30	0.70
24   15	|	15	0.09	4.60	42	0.24	0.76
24   16	|	3	0.23	4.15	4	0.31	0.69
24   17	|	3	0.14	4.77	1	0.05	1.77
24   18	|	5	0.10	5.17	22	0.46	0.54
24   22	|	33	0.05	5.53	646	1.00	0.00
24   23	|	7	0.01	5.86	815	1.00	0.00
24   24	|	11	0.05	5.73	235	1.00	0.00
24   28	|	1	0.02	6.03	66	1.00	0.00
24   29	|	5	0.24	4.48	21	1.00	0.00
24   30	|	2	0.03	6.01	16	0.24	0.76
24   31	|	55	0.59	1.83	52	0.56	0.46
24   32	|	43	0.34	2.22	73	0.58	0.42
24   33	|	2	0.18	3.36	5	0.45	0.55
24   34	|	102	0.24	2.77	63	0.15	1.26
24   35	|	17	0.13	3.35	17	0.13	1.21
24   36	|	82	0.20	3.56	419	1.00	0.00
24   37	|	26	0.12	4.31	222	1.00	0.00
24   38	|	12	0.39	2.55	31	1.00	0.00
24   39	|	4	0.11	3.91	35	1.00	0.00
24   40	|	119	0.21	3.96	169	0.29	0.71
24   41	|	218	0.13	4.10	481	0.29	0.71
24   42	|	20	0.07	4.80	86	0.29	0.71
24   43	|	10	0.20	4.20	12	0.24	0.76
24   44	|	10	0.31	3.63	9	0.28	0.72
24   48	|	1	0.01	5.84	135	1.00	0.00
24   52	|	4	0.02	5.68	174	1.00	0.00
24   53	|	9	0.03	5.86	50	0.18	0.82

25   1	|	102	0.99	0.01	103	1.00	0.00
25   2	|	9	1.00	0.00	9	1.00	0.00
25   3	|	155	0.95	0.14	113	0.69	0.31
25   4	|	6	0.75	1.25	5	0.63	0.38
25   5	|	3	0.33	2.00	9	1.00	0.00
25   6	|	7	1.00	0.00	7	1.00	0.00
25   7	|	54	0.79	0.59	29	0.43	0.82
25   8	|	2	1.00	0.00	0	0.00	2.00
25   9	|	72	0.91	0.19	79	1.00	0.00
25   10	|	1	1.00	0.00	1	1.00	0.00
25   11	|	4	0.80	0.40	5	1.00	0.00
25   12	|	88	0.77	0.85	67	0.58	0.42
25   13	|	9	0.33	2.07	10	0.37	0.63
25   14	|	12	0.57	1.57	12	0.57	0.43
25   15	|	10	0.50	1.75	12	0.60	0.40
25   16	|	1	1.00	0.00	1	1.00	0.00
25   17	|	3	1.00	0.00	0	0.00	1.33
25   18	|	2	0.33	3.33	5	0.83	0.17
25   22	|	16	0.35	2.98	46	1.00	0.00
25   23	|	13	0.19	4.10	69	1.00	0.00
25   24	|	2	0.06	4.90	31	1.00	0.00
25   28	|	1	0.33	3.67	3	1.00	0.00
25   32	|	14	0.78	0.56	15	0.83	0.17
25   33	|	1	0.50	1.50	2	1.00	0.00
25   34	|	24	0.62	1.10	13	0.33	0.90
25   35	|	6	0.38	2.06	3	0.19	1.00
25   36	|	32	0.70	1.07	46	1.00	0.00
25   37	|	22	0.45	1.96	49	1.00	0.00
25   38	|	8	1.00	0.00	8	1.00	0.00
25   39	|	4	0.44	2.11	9	1.00	0.00
25   40	|	54	0.73	0.93	37	0.50	0.50
25   41	|	97	0.57	1.56	91	0.54	0.46
25   42	|	45	0.34	2.54	58	0.44	0.56
25   43	|	14	0.54	1.42	11	0.42	0.58
25   48	|	15	0.12	4.06	127	1.00	0.00
25   49	|	5	0.08	4.32	62	1.00	0.00
25   50	|	5	0.21	3.25	24	1.00	0.00
25   52	|	10	0.22	3.89	45	1.00	0.00
25   53	|	21	0.16	4.15	38	0.29	0.71

26   1	|	83	0.94	0.10	73	0.83	0.17
26   2	|	4	0.80	0.60	4	0.80	0.20
26   3	|	123	0.74	0.67	85	0.51	0.66
26   4	|	4	0.67	0.50	2	0.33	1.00
26   5	|	5	0.63	2.00	4	0.50	0.50
26   6	|	2	0.67	1.00	2	0.67	0.33
26   7	|	62	0.58	1.14	27	0.25	1.43
26   8	|	2	0.29	2.14	0	0.00	2.00
26   9	|	63	0.62	1.31	65	0.64	0.36
26   10	|	4	0.67	2.00	3	0.50	0.50
26   11	|	4	1.00	0.00	4	1.00	0.00
26   12	|	81	0.51	1.83	46	0.29	1.08
26   13	|	23	0.21	3.14	13	0.12	1.41
26   14	|	8	0.29	3.18	6	0.21	1.25
26   15	|	21	0.25	3.27	5	0.06	1.46
26   18	|	2	0.08	4.88	2	0.08	1.33
26   22	|	18	0.09	4.32	38	0.19	0.81
26   23	|	29	0.07	4.56	76	0.18	0.82
26   24	|	8	0.06	4.50	27	0.20	0.80
26   28	|	2	0.17	4.17	0	0.00	1.00
26   30	|	2	0.09	5.35	0	0.00	1.65
26   32	|	28	0.51	1.18	14	0.25	1.13
26   33	|	7	0.58	1.17	4	0.33	0.83
26   34	|	36	0.34	1.98	15	0.14	1.81
26   35	|	4	0.16	2.52	0	0.00	2.20
26   36	|	39	0.38	2.28	36	0.35	0.65
26   37	|	27	0.21	3.20	32	0.25	0.75
26   38	|	6	0.86	0.29	4	0.57	0.43
26   39	|	12	0.48	1.76	13	0.52	0.48
26   40	|	56	0.41	2.40	28	0.21	1.29
26   41	|	113	0.31	2.66	54	0.15	1.37
26   42	|	39	0.12	3.38	16	0.05	1.53
26   43	|	7	0.10	3.66	5	0.07	1.58
26   44	|	3	0.25	2.58	3	0.25	1.00
26   48	|	19	0.06	4.75	52	0.15	0.85
26   49	|	7	0.10	4.88	11	0.16	0.84
26   52	|	10	0.07	4.97	21	0.15	0.85
26   53	|	27	0.08	4.46	18	0.06	1.63

30   1	|	323	0.99	0.01	325	1.00	0.00
30   2	|	18	1.00	0.00	18	1.00	0.00
30   3	|	443	0.98	0.04	374	0.83	0.17
30   4	|	13	0.93	0.14	9	0.64	0.36
30   5	|	8	1.00	0.00	8	1.00	0.00
30   6	|	22	1.00	0.00	22	1.00	0.00
30   7	|	190	0.89	0.15	121	0.57	0.58
30   8	|	3	1.00	0.00	0	0.00	1.33
30   9	|	298	0.95	0.13	315	1.00	0.00
30   11	|	29	0.97	0.03	30	1.00	0.00
30   12	|	146	0.85	0.32	118	0.69	0.31
30   13	|	20	0.56	1.22	8	0.22	0.78
30   14	|	28	1.00	0.00	8	0.29	0.71
30   15	|	15	0.83	0.33	4	0.22	0.78
30   16	|	2	1.00	0.00	2	1.00	0.00
30   18	|	2	0.50	2.50	2	0.50	0.50
30   19	|	198	0.63	0.97	75	0.24	1.17
30   20	|	18	0.55	1.45	0	0.00	1.70
30   21	|	12	0.86	0.43	0	0.00	1.57
30   22	|	27	0.64	1.26	42	1.00	0.00
30   23	|	5	0.20	3.20	25	1.00	0.00
30   24	|	11	0.61	1.28	18	1.00	0.00
30   25	|	35	0.42	1.67	29	0.35	0.65
30   26	|	3	0.19	2.44	3	0.19	0.81
30   27	|	4	0.27	2.53	3	0.20	0.80
30   28	|	2	0.67	0.33	3	1.00	0.00
30   29	|	3	1.00	0.00	3	1.00	0.00
30   30	|	2	0.33	2.17	1	0.17	0.83
30   32	|	44	0.96	0.09	39	0.85	0.15
30   33	|	2	0.67	0.33	1	0.33	0.67
30   34	|	84	0.88	0.19	50	0.52	0.63
30   35	|	6	0.55	1.55	3	0.27	1.09
30   36	|	110	0.90	0.24	122	1.00	0.00
30   37	|	13	0.68	1.37	19	1.00	0.00
30   38	|	13	1.00	0.00	13	1.00	0.00
30   39	|	11	0.85	0.77	13	1.00	0.00
30   40	|	83	0.82	0.38	59	0.58	0.42
30   41	|	159	0.67	0.74	135	0.56	0.44
30   42	|	9	0.53	0.88	5	0.29	0.71
30   43	|	14	0.78	0.78	10	0.56	0.44
30   44	|	15	1.00	0.00	6	0.40	0.60
30   45	|	79	0.41	1.78	38	0.20	1.27
30   46	|	9	0.29	2.48	1	0.03	1.61
30   47	|	8	0.73	1.55	2	0.18	1.55
30   48	|	8	0.40	2.75	20	1.00	0.00
30   50	|	2	1.00	0.00	2	1.00	0.00
30   51	|	23	0.28	2.80	24	0.29	0.71
30   53	|	4	0.14	3.39	6	0.21	0.79

31   1	|	536	0.99	0.04	494	0.91	0.09
31   2	|	27	1.00	0.00	25	0.93	0.07
31   3	|	696	0.97	0.06	540	0.75	0.29
31   4	|	13	0.93	0.07	8	0.57	0.57
31   5	|	17	0.89	0.21	15	0.79	0.21
31   6	|	20	0.95	0.05	19	0.90	0.10
31   7	|	331	0.91	0.17	175	0.48	0.76
31   8	|	6	1.00	0.00	1	0.17	1.67
31   9	|	543	0.94	0.11	519	0.90	0.10
31   10	|	4	0.57	1.57	6	0.86	0.14
31   11	|	39	1.00	0.00	34	0.87	0.13
31   12	|	247	0.84	0.41	173	0.59	0.48
31   13	|	28	0.58	1.13	11	0.23	1.00
31   14	|	50	0.77	0.89	20	0.31	0.83
31   15	|	20	0.69	1.28	6	0.21	0.93
31   16	|	1	1.00	0.00	0	0.00	1.00
31   18	|	7	0.64	1.09	5	0.45	0.73
31   19	|	349	0.54	1.41	111	0.17	1.51
31   20	|	31	0.48	1.34	1	0.02	1.92
31   21	|	34	0.72	0.89	2	0.04	1.89
31   22	|	49	0.45	2.00	76	0.70	0.30
31   23	|	5	0.08	4.00	26	0.43	0.57
31   24	|	17	0.26	3.30	39	0.59	0.41
31   25	|	68	0.37	2.41	58	0.32	0.97
31   26	|	7	0.17	3.39	2	0.05	1.39
31   27	|	12	0.30	2.35	2	0.05	1.15
31   28	|	2	0.50	4.25	3	0.75	0.25
31   29	|	4	1.00	0.00	4	1.00	0.00
31   30	|	3	0.27	2.64	4	0.36	1.00
31   32	|	68	0.89	0.13	53	0.70	0.36
31   33	|	1	0.50	1.00	1	0.50	0.50
31   34	|	151	0.77	0.41	85	0.44	0.89
31   35	|	19	0.73	0.65	7	0.27	1.04
31   36	|	168	0.86	0.31	170	0.87	0.13
31   37	|	16	0.55	1.24	20	0.69	0.31
31   38	|	18	1.00	0.00	18	1.00	0.00
31   39	|	15	0.94	0.13	14	0.88	0.13
31   40	|	141	0.75	0.74	104	0.55	0.54
31   41	|	302	0.69	0.90	205	0.47	0.68
31   42	|	13	0.25	2.49	6	0.12	1.27
31   43	|	25	0.63	1.13	14	0.35	0.68
31   44	|	8	0.80	0.40	4	0.40	0.70
31   45	|	190	0.36	2.42	60	0.11	1.84
31   46	|	32	0.34	2.65	7	0.07	2.02
31   47	|	14	0.50	2.14	4	0.14	1.61
31   48	|	17	0.20	3.71	39	0.46	0.54
31   50	|	5	0.50	2.70	6	0.60	0.40
31   51	|	46	0.17	3.64	39	0.15	1.27
31   52	|	6	0.25	3.92	12	0.50	0.50
31   53	|	10	0.12	4.04	8	0.09	1.36

32   1	|	385	0.99	0.01	387	1.00	0.00
32   2	|	18	1.00	0.00	18	1.00	0.00
32   3	|	501	0.97	0.05	418	0.81	0.19
32   4	|	15	1.00	0.00	13	0.87	0.13
32   5	|	8	0.89	0.33	9	1.00	0.00
32   6	|	16	0.94	0.47	17	1.00	0.00
32   7	|	235	0.89	0.22	131	0.50	0.68
32   8	|	2	0.67	0.33	0	0.00	1.67
32   9	|	366	0.92	0.22	397	1.00	0.00
32   11	|	25	1.00	0.00	25	1.00	0.00
32   12	|	204	0.83	0.47	167	0.68	0.32
32   13	|	24	0.56	1.65	9	0.21	0.79
32   14	|	45	0.88	0.49	27	0.53	0.47
32   15	|	6	0.32	2.74	8	0.42	0.58
32   16	|	2	1.00	0.00	2	1.00	0.00
32   18	|	3	0.60	1.20	2	0.40	0.60
32   19	|	237	0.52	1.80	88	0.19	1.25
32   20	|	26	0.51	1.86	0	0.00	1.65
32   21	|	22	0.61	2.44	6	0.17	1.31
32   22	|	35	0.45	2.40	78	1.00	0.00
32   23	|	3	0.04	5.11	72	1.00	0.00
32   24	|	15	0.31	3.27	48	1.00	0.00
32   25	|	39	0.42	2.30	37	0.40	0.60
32   26	|	7	0.32	3.27	3	0.14	0.86
32   27	|	12	0.46	2.73	4	0.15	0.85
32   29	|	1	1.00	0.00	1	1.00	0.00
32   30	|	1	0.33	5.00	0	0.00	1.00
32   32	|	60	0.85	0.20	56	0.79	0.21
32   34	|	96	0.83	0.37	46	0.40	0.82
32   35	|	7	0.64	0.36	2	0.18	0.91
32   36	|	118	0.86	0.40	138	1.00	0.00
32   37	|	13	0.57	1.83	23	1.00	0.00
32   38	|	12	1.00	0.00	12	1.00	0.00
32   39	|	15	0.79	0.58	19	1.00	0.00
32   40	|	110	0.76	0.65	86	0.60	0.40
32   41	|	196	0.67	1.12	142	0.48	0.52
32   42	|	13	0.28	3.60	12	0.26	0.74
32   43	|	16	0.76	0.90	7	0.33	0.67
32   44	|	5	0.63	1.00	4	0.50	0.50
32   45	|	117	0.28	3.00	52	0.12	1.39
32   46	|	9	0.16	3.97	1	0.02	1.55
32   47	|	19	0.56	1.68	5	0.15	1.32
32   48	|	13	0.27	3.86	49	1.00	0.00
32   49	|	2	0.20	5.10	10	1.00	0.00
32   50	|	2	0.17	4.75	12	1.00	0.00
32   51	|	22	0.12	4.58	35	0.18	0.82
32   52	|	6	0.21	4.14	28	1.00	0.00
32   53	|	6	0.11	5.51	16	0.30	0.70

33   1	|	86	0.97	0.06	89	1.00	0.00
33   2	|	8	1.00	0.00	8	1.00	0.00
33   3	|	134	0.96	0.04	111	0.79	0.21
33   4	|	3	1.00	0.00	3	1.00	0.00
33   5	|	1	0.33	1.33	3	1.00	0.00
33   6	|	6	1.00	0.00	6	1.00	0.00
33   7	|	74	0.88	0.39	44	0.52	0.70
33   8	|	1	1.00	0.00	0	0.00	2.00
33   9	|	101	0.89	0.22	113	1.00	0.00
33   11	|	4	0.80	0.80	5	1.00	0.00
33   12	|	43	0.73	1.10	34	0.58	0.42
33   13	|	5	0.31	2.81	1	0.06	0.94
33   14	|	9	0.82	1.00	5	0.45	0.55
33   15	|	5	0.36	2.07	5	0.36	0.64
33   16	|	1	1.00	0.00	1	1.00	0.00
33   19	|	61	0.36	2.54	24	0.14	1.39
33   20	|	5	0.24	3.29	0	0.00	1.81
33   21	|	9	0.82	0.64	0	0.00	1.82
33   22	|	8	0.30	3.30	27	1.00	0.00
33   24	|	5	0.26	4.68	19	1.00	0.00
33   25	|	5	0.12	4.38	16	0.38	0.62
33   27	|	5	0.56	2.11	4	0.44	0.56
33   28	|	1	0.33	5.00	3	1.00	0.00
33   30	|	1	0.33	5.00	0	0.00	1.00
33   32	|	14	0.74	0.95	12	0.63	0.37
33   34	|	16	0.57	1.21	8	0.29	1.00
33   35	|	2	0.40	2.00	2	0.40	0.60
33   36	|	34	0.79	0.86	43	1.00	0.00
33   37	|	4	0.50	1.88	8	1.00	0.00
33   38	|	2	0.67	0.67	3	1.00	0.00
33   39	|	3	1.00	0.00	3	1.00	0.00
33   40	|	20	0.67	1.07	20	0.67	0.33
33   41	|	37	0.43	2.63	36	0.41	0.59
33   42	|	2	0.10	4.48	6	0.29	0.71
33   43	|	1	0.14	3.71	3	0.43	0.57
33   44	|	3	1.00	0.00	1	0.33	0.67
33   45	|	37	0.17	3.97	19	0.09	1.54
33   46	|	7	0.14	4.31	5	0.10	1.51
33   47	|	5	0.33	3.07	1	0.07	1.60
33   48	|	2	0.07	5.47	30	1.00	0.00
33   51	|	5	0.05	5.54	16	0.14	0.86
33   52	|	2	0.12	5.65	17	1.00	0.00
33   53	|	5	0.14	4.59	9	0.24	0.76

34   1	|	2	0.67	0.33	3	1.00	0.00
34   3	|	7	0.88	0.13	5	0.63	0.50
34   7	|	14	0.93	0.13	3	0.20	1.00
34   9	|	4	1.00	0.00	4	1.00	0.00
34   12	|	8	0.62	0.77	6	0.46	0.85
34   13	|	3	0.75	1.25	2	0.50	0.50
34   14	|	4	1.00	0.00	3	0.75	0.25
34   15	|	1	0.50	4.00	0	0.00	1.50
34   19	|	17	0.30	2.54	7	0.13	1.89
34   22	|	4	0.22	3.44	7	0.39	0.61
34   23	|	2	0.11	4.42	1	0.05	0.95
34   24	|	1	0.17	3.83	1	0.17	0.83
34   25	|	2	0.10	3.45	2	0.10	1.50
34   26	|	1	0.33	3.33	0	0.00	1.33
34   27	|	1	1.00	0.00	0	0.00	2.00
34   29	|	1	1.00	0.00	1	1.00	0.00
34   30	|	1	0.33	2.00	0	0.00	2.00
34   32	|	1	0.33	3.33	1	0.33	0.67
34   34	|	5	0.71	1.00	1	0.14	1.43
34   35	|	2	0.67	0.33	1	0.33	1.33
34   36	|	1	0.50	3.00	1	0.50	0.50
34   37	|	2	1.00	0.00	1	0.50	0.50
34   40	|	7	0.78	0.56	3	0.33	0.78
34   41	|	15	0.48	1.45	10	0.32	1.03
34   42	|	1	0.06	2.94	1	0.06	1.59
34   43	|	1	0.50	1.50	0	0.00	1.50
34   45	|	13	0.12	3.48	3	0.03	2.38
34   46	|	2	0.09	3.41	0	0.00	2.59
34   48	|	1	0.05	5.19	4	0.19	0.81
34   51	|	2	0.03	4.71	2	0.03	1.63
34   53	|	1	0.05	4.75	0	0.00	1.55

35   1	|	44	0.98	0.02	40	0.89	0.11
35   3	|	70	0.90	0.13	49	0.63	0.46
35   4	|	3	0.75	0.25	2	0.50	0.50
35   5	|	2	1.00	0.00	1	0.50	0.50
35   6	|	5	0.83	0.17	5	0.83	0.17
35   7	|	97	0.82	0.32	63	0.53	0.79
35   8	|	2	0.40	1.40	0	0.00	1.60
35   9	|	54	0.87	0.26	49	0.79	0.21
35   11	|	8	0.80	0.60	6	0.60	0.40
35   12	|	81	0.69	0.81	64	0.54	0.66
35   13	|	11	0.44	1.72	0	0.00	1.40
35   14	|	20	0.71	0.79	10	0.36	0.86
35   15	|	8	0.50	1.13	3	0.19	1.06
35   18	|	4	0.44	2.00	3	0.33	1.00
35   19	|	126	0.39	2.08	23	0.07	2.04
35   20	|	14	0.29	2.57	1	0.02	2.33
35   21	|	8	0.40	2.55	0	0.00	2.05
35   22	|	22	0.32	2.99	27	0.40	0.60
35   23	|	3	0.04	4.56	15	0.18	0.82
35   24	|	6	0.19	3.94	8	0.25	0.75
35   25	|	18	0.20	3.43	14	0.15	1.38
35   26	|	6	0.14	4.00	0	0.00	1.66
35   27	|	7	0.28	3.08	3	0.12	1.28
35   28	|	1	0.50	1.00	2	1.00	0.00
35   29	|	1	1.00	0.00	0	0.00	1.00
35   32	|	24	0.86	0.14	21	0.75	0.36
35   33	|	1	0.50	1.50	1	0.50	0.50
35   34	|	46	0.68	0.68	18	0.26	1.34
35   35	|	6	0.67	1.44	1	0.11	1.33
35   36	|	24	0.65	1.11	20	0.54	0.46
35   37	|	4	0.50	1.38	4	0.50	0.50
35   38	|	1	0.33	2.67	1	0.33	0.67
35   39	|	4	0.50	1.63	4	0.50	0.50
35   40	|	45	0.71	0.89	23	0.37	0.94
35   41	|	102	0.55	1.51	64	0.35	0.99
35   42	|	6	0.13	4.15	5	0.11	1.57
35   43	|	10	0.48	1.90	5	0.24	1.24
35   44	|	3	0.60	1.40	1	0.20	1.20
35   45	|	84	0.16	3.33	35	0.07	2.23
35   46	|	13	0.10	3.70	2	0.02	2.45
35   47	|	12	0.31	2.85	2	0.05	2.31
35   48	|	12	0.11	4.29	25	0.23	0.77
35   49	|	2	0.05	5.03	7	0.18	0.82
35   50	|	2	0.13	4.69	3	0.19	0.81
35   51	|	23	0.07	4.42	20	0.06	1.63
35   53	|	5	0.05	4.63	3	0.03	1.69

36   1	|	16	0.89	0.17	13	0.72	0.39
36   2	|	3	1.00	0.00	2	0.67	0.33
36   3	|	22	0.55	0.73	14	0.35	1.38
36   4	|	1	0.33	2.67	1	0.33	2.00
36   5	|	3	1.00	0.00	1	0.33	1.00
36   7	|	47	0.48	1.27	13	0.13	2.24
36   8	|	3	0.50	1.67	0	0.00	2.83
36   9	|	22	0.41	1.98	19	0.35	1.04
36   10	|	1	0.25	4.50	0	0.00	1.75
36   11	|	1	1.00	0.00	1	1.00	0.00
36   12	|	25	0.27	2.62	9	0.10	2.01
36   13	|	8	0.11	3.35	2	0.03	2.42
36   14	|	3	0.23	4.08	2	0.15	2.38
36   15	|	5	0.19	3.19	0	0.00	2.52
36   16	|	1	0.33	2.00	1	0.33	2.00
36   18	|	1	0.20	2.20	1	0.20	2.40
36   19	|	80	0.12	3.48	10	0.02	3.33
36   20	|	8	0.09	3.62	0	0.00	3.43
36   22	|	5	0.04	4.57	5	0.04	1.77
36   23	|	1	0.01	5.05	0	0.00	1.79
36   25	|	11	0.05	4.88	4	0.02	2.51
36   32	|	10	0.50	1.00	7	0.35	1.50
36   34	|	17	0.21	2.48	5	0.06	2.63
36   35	|	2	0.20	2.50	0	0.00	3.30
36   36	|	11	0.20	3.24	6	0.11	1.60
36   37	|	2	0.15	3.54	1	0.08	1.69
36   39	|	3	0.43	2.29	1	0.14	1.29
36   40	|	34	0.26	3.11	10	0.08	2.22
36   41	|	47	0.15	3.27	13	0.04	2.38
36   44	|	1	0.33	2.67	0	0.00	2.33
36   45	|	3	0.07	3.78	0	0.00	3.24
36   46	|	1	0.13	4.13	0	0.00	3.38
36   51	|	1	0.06	4.19	0	0.00	2.81
36   52	|	1	0.08	4.50	0	0.00	1.67
36   53	|	2	0.08	5.24	0	0.00	2.64

37   1	|	12	1.00	0.00	8	0.67	0.58
37   3	|	20	0.67	0.83	13	0.43	0.97
37   6	|	1	1.00	0.00	1	1.00	0.00
37   7	|	16	0.40	2.17	4	0.10	2.45
37   9	|	10	0.59	0.76	9	0.53	0.76
37   11	|	1	1.00	0.00	1	1.00	0.00
37   12	|	23	0.27	2.83	11	0.13	2.15
37   13	|	5	0.08	3.88	0	0.00	2.44
37   14	|	4	0.20	2.95	0	0.00	2.40
37   15	|	5	0.19	3.62	0	0.00	2.35
37   17	|	2	0.67	0.67	0	0.00	3.00
37   19	|	48	0.10	3.65	5	0.01	3.30
37   20	|	5	0.07	3.79	1	0.01	3.30
37   21	|	7	0.22	3.78	1	0.03	2.94
37   22	|	1	0.01	5.30	1	0.01	1.73
37   23	|	7	0.02	5.00	11	0.02	1.72
37   24	|	8	0.05	4.66	7	0.04	1.69
37   25	|	6	0.03	5.04	5	0.02	2.42
37   26	|	2	0.02	4.96	0	0.00	2.68
37   27	|	3	0.04	4.62	0	0.00	2.54
37   32	|	7	0.39	1.78	3	0.17	1.78
37   34	|	14	0.29	1.77	5	0.10	2.65
37   35	|	3	0.12	2.88	1	0.04	3.00
37   36	|	3	0.09	3.47	4	0.13	1.44
37   37	|	9	0.21	3.26	4	0.10	1.55
37   38	|	1	0.25	2.50	1	0.25	1.25
37   40	|	14	0.25	3.16	5	0.09	2.18
37   41	|	32	0.13	3.63	8	0.03	2.39
37   42	|	14	0.06	3.69	3	0.01	2.53
37   43	|	5	0.11	3.54	0	0.00	2.52
37   44	|	3	0.30	2.90	0	0.00	2.50
37   45	|	111	0.06	4.01	4	0.00	3.32
37   46	|	19	0.04	4.10	0	0.00	3.41
37   47	|	5	0.05	4.12	1	0.01	3.38
37   48	|	11	0.03	4.91	7	0.02	1.72
37   50	|	2	0.03	5.09	1	0.01	1.78
37   51	|	29	0.02	5.03	2	0.00	2.58
37   52	|	2	0.03	5.47	0	0.00	1.69
37   53	|	10	0.03	5.18	2	0.01	2.51

38   1	|	8	0.80	0.80	6	0.60	0.40
38   3	|	19	0.76	0.56	15	0.60	0.52
38   7	|	21	0.49	1.67	14	0.33	1.49
38   8	|	2	0.50	2.25	1	0.25	1.75
38   9	|	9	0.50	2.06	8	0.44	0.56
38   11	|	2	1.00	0.00	2	1.00	0.00
38   12	|	13	0.24	3.89	7	0.13	1.49
38   13	|	1	0.02	5.02	1	0.02	1.59
38   19	|	20	0.05	4.78	7	0.02	2.51
38   20	|	1	0.02	5.32	0	0.00	2.40
38   21	|	1	0.14	5.71	0	0.00	2.57
38   22	|	2	0.04	5.53	9	0.16	0.84
38   25	|	3	0.03	5.76	1	0.01	1.77
38   26	|	1	0.02	6.06	3	0.06	1.72
38   30	|	1	0.06	5.88	0	0.00	1.88
38   34	|	6	0.15	3.43	2	0.05	2.33
38   36	|	1	0.04	4.04	6	0.24	0.76
38   37	|	2	0.25	3.50	1	0.13	0.88
38   40	|	6	0.10	4.87	6	0.10	1.56
38   41	|	14	0.09	4.36	7	0.04	1.63

39   1	|	4	1.00	0.00	3	0.75	0.25
39   3	|	7	0.88	0.13	4	0.50	0.75
39   4	|	1	1.00	0.00	1	1.00	0.00
39   7	|	10	0.83	0.42	5	0.42	0.83
39   9	|	6	0.86	0.29	6	0.86	0.14
39   12	|	6	0.75	1.38	6	0.75	0.50
39   15	|	2	1.00	0.00	1	0.50	0.50
39   18	|	1	1.00	0.00	0	0.00	1.00
39   19	|	11	0.24	3.54	2	0.04	2.24
39   20	|	2	0.25	3.75	0	0.00	2.63
39   22	|	1	0.17	5.00	2	0.33	0.67
39   23	|	1	0.05	4.20	4	0.20	0.80
39   24	|	1	0.13	4.00	1	0.13	0.88
39   26	|	1	0.09	4.18	0	0.00	1.82
39   30	|	1	1.00	0.00	1	1.00	0.00
39   32	|	1	1.00	0.00	0	0.00	1.00
39   34	|	2	1.00	0.00	0	0.00	1.50
39   36	|	2	1.00	0.00	2	1.00	0.00
39   39	|	1	1.00	0.00	1	1.00	0.00
39   40	|	2	0.40	1.80	2	0.40	0.80
39   41	|	6	0.50	1.83	2	0.17	1.25
39   44	|	1	1.00	0.00	0	0.00	1.00
39   45	|	9	0.11	3.73	2	0.02	2.35
39   46	|	2	0.06	4.03	0	0.00	2.26
39   48	|	2	0.07	4.25	3	0.11	0.89
39   49	|	1	0.08	5.25	4	0.33	0.67
39   50	|	1	0.25	3.50	0	0.00	1.00
39   51	|	2	0.02	4.64	4	0.05	1.69
39   52	|	1	0.25	1.75	0	0.00	1.00
39   53	|	5	0.17	4.31	1	0.03	1.69

40   1	|	108	1.00	0.00	90	0.83	0.17
40   2	|	5	1.00	0.00	5	1.00	0.00
40   3	|	110	0.95	0.10	74	0.64	0.42
40   4	|	6	1.00	0.00	4	0.67	0.33
40   5	|	3	1.00	0.00	3	1.00	0.00
40   6	|	6	1.00	0.00	6	1.00	0.00
40   7	|	185	0.95	0.08	92	0.47	0.74
40   8	|	1	1.00	0.00	0	0.00	2.00
40   9	|	94	0.98	0.04	84	0.88	0.13
40   11	|	6	0.86	0.14	6	0.86	0.14
40   12	|	121	0.87	0.32	66	0.47	0.68
40   14	|	33	0.75	0.52	8	0.18	1.11
40   16	|	3	1.00	0.00	2	0.67	0.67
40   17	|	1	1.00	0.00	1	1.00	0.00
40   18	|	2	0.50	2.25	1	0.25	1.25
40   22	|	31	0.46	2.22	32	0.47	0.53
40   29	|	3	0.75	0.50	2	0.50	0.50
40   32	|	34	0.94	0.08	20	0.56	0.53
40   34	|	91	0.93	0.10	53	0.54	0.82
40   36	|	53	0.76	0.67	48	0.69	0.31
40   37	|	8	0.67	1.00	9	0.75	0.25
40   38	|	1	1.00	0.00	1	1.00	0.00
40   40	|	65	0.77	0.49	28	0.33	0.83
40   41	|	151	0.75	0.65	79	0.39	0.85

41   1	|	187	0.99	0.01	149	0.79	0.25
41   2	|	14	1.00	0.00	9	0.64	0.43
41   3	|	215	0.97	0.07	115	0.52	0.68
41   6	|	6	1.00	0.00	5	0.83	0.17
41   7	|	370	0.94	0.15	168	0.43	1.05
41   9	|	179	0.95	0.12	135	0.71	0.32
41   10	|	1	1.00	0.00	1	1.00	0.00
41   11	|	19	1.00	0.00	9	0.47	0.74
41   17	|	2	1.00	0.00	0	0.00	2.50
41   18	|	2	0.50	2.50	2	0.50	0.75
41   29	|	3	1.00	0.00	2	0.67	0.33
41   33	|	2	1.00	0.00	1	0.50	1.00
41   36	|	90	0.75	0.77	61	0.51	0.66
41   38	|	5	1.00	0.00	3	0.60	0.40
41   40	|	125	0.67	0.97	63	0.34	1.23
41   44	|	30	0.83	0.50	5	0.14	1.56

42   1	|	157	0.99	0.01	142	0.89	0.11
42   2	|	9	1.00	0.00	8	0.89	0.11
42   3	|	200	0.96	0.07	119	0.57	0.52
42   7	|	299	0.91	0.18	146	0.45	0.84
42   8	|	6	0.86	0.71	2	0.29	1.29
42   9	|	136	0.91	0.21	112	0.75	0.25
42   10	|	1	0.50	4.00	0	0.00	1.00
42   11	|	13	1.00	0.00	11	0.85	0.15
42   16	|	1	1.00	0.00	1	1.00	0.00
42   29	|	1	0.25	5.00	1	0.25	0.75
42   30	|	4	0.21	4.74	1	0.05	1.47
42   32	|	49	0.89	0.22	40	0.73	0.38
42   36	|	80	0.70	1.27	72	0.63	0.37
42   38	|	6	0.75	1.00	4	0.50	0.50
42   39	|	2	0.50	1.75	3	0.75	0.25
42   40	|	89	0.54	1.74	46	0.28	1.11

43   1	|	41	0.98	0.02	34	0.81	0.19
43   2	|	3	1.00	0.00	3	1.00	0.00
43   3	|	44	0.85	0.37	30	0.58	0.52
43   5	|	2	0.50	2.25	1	0.25	0.75
43   9	|	46	0.78	0.78	40	0.68	0.32
43   11	|	7	0.78	0.89	7	0.78	0.22
43   16	|	1	1.00	0.00	1	1.00	0.00
43   44	|	5	0.50	1.60	1	0.10	1.20

44   1	|	32	1.00	0.00	24	0.75	0.28
44   3	|	42	0.88	0.38	25	0.52	0.71
44   4	|	3	1.00	0.00	2	0.67	1.00
44   8	|	2	0.50	3.50	0	0.00	2.50
44   9	|	25	0.83	0.57	16	0.53	0.77
44   11	|	1	1.00	0.00	1	1.00	0.00
44   14	|	6	0.32	2.89	0	0.00	2.00
44   35	|	2	0.20	3.20	1	0.10	2.70
44   37	|	2	0.08	4.40	1	0.04	1.64
44   44	|	4	0.67	1.17	2	0.33	1.50

45   1	|	9	1.00	0.00	9	1.00	0.00
45   3	|	10	1.00	0.00	7	0.70	0.30
45   9	|	10	0.91	0.36	10	0.91	0.09
45   22	|	1	0.33	1.67	2	0.67	0.33
45   24	|	1	0.33	6.00	1	0.33	0.67
45   34	|	10	1.00	0.00	4	0.40	1.00
45   36	|	2	1.00	0.00	2	1.00	0.00
45   37	|	1	1.00	0.00	0	0.00	1.00
45   40	|	7	1.00	0.00	5	0.71	0.43
45   41	|	12	0.92	0.23	4	0.31	1.00

46   1	|	27	1.00	0.00	19	0.70	0.33
46   5	|	1	0.50	1.00	0	0.00	1.50
46   11	|	6	1.00	0.00	5	0.83	0.17
46   16	|	1	1.00	0.00	0	0.00	3.00
46   37	|	16	0.33	2.13	6	0.13	1.50

47   1	|	4	1.00	0.00	4	1.00	0.00
47   3	|	7	1.00	0.00	3	0.43	0.71
47   7	|	10	1.00	0.00	5	0.50	0.70
47   35	|	1	0.50	1.00	0	0.00	2.00
47   37	|	2	0.50	0.75	2	0.50	0.50
47   42	|	2	0.50	1.00	0	0.00	1.25

48   1	|	9	1.00	0.00	9	1.00	0.00
48   3	|	9	0.90	0.60	7	0.70	0.60
48   7	|	19	0.90	0.19	8	0.38	0.86
48   9	|	5	1.00	0.00	3	0.60	0.40
48   12	|	9	0.90	0.50	5	0.50	0.80
48   14	|	4	1.00	0.00	2	0.50	0.75
48   22	|	2	0.40	3.20	2	0.40	0.60
48   40	|	1	0.33	2.33	1	0.33	1.00
48   41	|	15	0.71	0.48	9	0.43	0.81
48   44	|	1	1.00	0.00	0	0.00	1.00

50   1	|	366	1.00	0.00	301	0.82	0.18
50   2	|	23	1.00	0.00	20	0.87	0.13
50   3	|	470	0.97	0.05	282	0.58	0.53
50   5	|	20	0.91	0.27	13	0.59	0.41
50   6	|	13	1.00	0.00	11	0.85	0.15
50   7	|	264	0.94	0.11	104	0.37	1.01
50   9	|	280	0.89	0.29	265	0.85	0.15
50   10	|	4	1.00	0.00	3	0.75	0.25
50   12	|	120	0.71	0.68	60	0.36	0.85
50   14	|	66	0.88	0.35	18	0.24	0.95
50   28	|	2	0.67	1.33	2	0.67	0.33
50   29	|	1	0.25	3.50	3	0.75	0.25
50   30	|	3	0.38	2.88	1	0.13	1.00
50   32	|	58	0.98	0.03	30	0.51	0.59
50   33	|	2	1.00	0.00	2	1.00	0.00
50   34	|	147	0.88	0.25	47	0.28	1.11
50   36	|	113	0.83	0.40	106	0.78	0.22
50   38	|	15	0.94	0.25	14	0.88	0.13
50   40	|	102	0.71	0.66	49	0.34	0.87
50   43	|	19	0.86	0.23	9	0.41	0.86
50   44	|	16	0.84	0.37	2	0.11	1.05

51   1	|	701	0.98	0.05	496	0.69	0.36
51   2	|	35	0.97	0.06	26	0.72	0.31
51   3	|	950	0.94	0.16	438	0.43	0.81
51   9	|	586	0.82	0.50	431	0.61	0.49
51   10	|	16	0.53	2.00	6	0.20	1.17
51   11	|	64	0.89	0.28	42	0.58	0.54
51   14	|	123	0.63	1.31	23	0.12	1.53
51   29	|	3	0.20	3.47	4	0.27	1.00
51   33	|	11	0.61	1.06	2	0.11	1.67

52   1	|	462	0.97	0.06	428	0.90	0.10
52   2	|	21	1.00	0.00	20	0.95	0.05
52   3	|	581	0.91	0.25	357	0.56	0.55
52   5	|	24	0.77	1.00	20	0.65	0.35
52   9	|	346	0.80	0.71	363	0.84	0.16
52   10	|	10	0.50	2.20	10	0.50	0.50
52   11	|	33	0.92	0.42	27	0.75	0.25
52   18	|	7	0.32	3.50	3	0.14	1.18
52   38	|	12	0.60	1.40	19	0.95	0.05
52   44	|	19	0.63	1.87	6	0.20	1.07

53   1	|	156	0.95	0.09	136	0.83	0.17
53   6	|	2	0.67	2.00	3	1.00	0.00
53   11	|	10	0.83	0.50	9	0.75	0.25
53   16	|	4	0.67	1.00	2	0.33	1.00
53   36	|	54	0.33	2.68	98	0.59	0.41
53   44	|	8	0.57	2.14	1	0.07	1.43

54   1	|	88	0.94	0.18	61	0.65	0.38
54   43	|	9	0.18	3.73	0	0.00	2.18

55   1	|	28	1.00	0.00	21	0.75	0.25
55   3	|	39	0.95	0.07	27	0.66	0.49
55   7	|	20	0.91	0.36	7	0.32	1.18
55   9	|	23	0.96	0.04	20	0.83	0.17
55   11	|	1	1.00	0.00	1	1.00	0.00
55   18	|	1	1.00	0.00	0	0.00	1.00
55   34	|	8	1.00	0.00	2	0.25	0.75
55   39	|	1	1.00	0.00	1	1.00	0.00
55   52	|	1	1.00	0.00	0	0.00	1.00
55   53	|	1	0.33	2.33	0	0.00	1.33


57   1	|	8	1.00	0.00	6	0.75	0.25
57   8	|	8	0.80	1.00	1	0.10	1.50
57   10	|	1	1.00	0.00	1	1.00	0.00
57   29	|	1	1.00	0.00	1	1.00	0.00
57   43	|	1	0.25	2.50	0	0.00	1.75

58   1	|	27	1.00	0.00	21	0.78	0.26
58   3	|	35	0.95	0.08	19	0.51	0.62
58   8	|	3	1.00	0.00	0	0.00	1.67
58   13	|	3	0.38	2.00	3	0.38	0.88
58   14	|	4	0.80	0.40	0	0.00	1.20
58   33	|	1	1.00	0.00	0	0.00	1.00
58   48	|	1	0.20	3.20	2	0.40	0.80

60   1	|	9	1.00	0.00	9	1.00	0.00
60   2	|	4	1.00	0.00	4	1.00	0.00
60   3	|	7	1.00	0.00	2	0.29	0.71
60   5	|	3	1.00	0.00	3	1.00	0.00
60   6	|	2	1.00	0.00	2	1.00	0.00
60   7	|	2	1.00	0.00	0	0.00	1.00
60   9	|	2	0.67	1.00	3	1.00	0.00
60   12	|	6	0.29	1.95	4	0.19	0.81
60   13	|	6	0.29	2.24	6	0.29	0.71
60   14	|	6	0.60	0.60	5	0.50	0.50
60   15	|	9	0.60	1.80	10	0.67	0.33
60   17	|	1	1.00	0.00	1	1.00	0.00
60   18	|	1	0.20	3.20	3	0.60	0.40
60   22	|	4	0.24	3.24	17	1.00	0.00
60   23	|	3	0.07	4.69	42	1.00	0.00
60   28	|	4	0.44	2.44	9	1.00	0.00
60   30	|	3	0.33	2.11	3	0.33	0.67
60   32	|	2	0.67	0.33	3	1.00	0.00
60   33	|	3	1.00	0.00	3	1.00	0.00
60   34	|	7	0.54	1.08	1	0.08	1.23
60   35	|	3	0.50	2.00	2	0.33	0.83
60   36	|	3	0.27	1.82	11	1.00	0.00
60   37	|	5	0.33	2.07	15	1.00	0.00
60   38	|	1	1.00	0.00	1	1.00	0.00
60   39	|	1	0.14	2.29	7	1.00	0.00
60   41	|	38	0.38	1.75	25	0.25	0.75
60   42	|	13	0.25	2.70	18	0.34	0.66
60   43	|	6	0.40	2.67	6	0.40	0.60
60   44	|	4	0.67	2.33	1	0.17	0.83
60   48	|	3	0.06	4.46	54	1.00	0.00
60   49	|	2	0.09	4.45	22	1.00	0.00
60   52	|	4	0.17	3.25	24	1.00	0.00
60   53	|	16	0.18	3.49	22	0.25	0.75

61   1	|	4	0.80	0.60	5	1.00	0.00
61   2	|	1	1.00	0.00	1	1.00	0.00
61   3	|	10	0.83	0.25	8	0.67	0.33
61   4	|	2	1.00	0.00	2	1.00	0.00
61   5	|	6	1.00	0.00	6	1.00	0.00
61   7	|	6	0.67	0.67	1	0.11	1.22
61   9	|	3	0.60	1.40	5	1.00	0.00
61   10	|	1	1.00	0.00	1	1.00	0.00
61   12	|	5	0.45	2.09	1	0.09	0.91
61   13	|	1	0.20	2.00	3	0.60	0.40
61   14	|	1	1.00	0.00	0	0.00	1.00
61   15	|	9	0.90	0.60	4	0.40	0.60
61   18	|	1	0.50	3.00	1	0.50	0.50
61   23	|	4	0.18	3.41	22	1.00	0.00
61   28	|	2	0.40	1.20	5	1.00	0.00
61   30	|	3	0.60	2.00	1	0.20	0.80
61   32	|	4	0.67	1.00	5	0.83	0.17
61   33	|	4	1.00	0.00	4	1.00	0.00
61   34	|	9	0.75	0.67	5	0.42	0.67
61   35	|	1	1.00	0.00	0	0.00	1.00
61   36	|	9	0.69	0.69	13	1.00	0.00
61   37	|	9	0.69	1.15	13	1.00	0.00
61   39	|	4	0.80	1.00	5	1.00	0.00
61   41	|	26	0.40	1.98	18	0.28	0.72
61   42	|	14	0.41	1.94	13	0.38	0.62
61   43	|	4	0.50	1.63	4	0.50	0.50
61   48	|	5	0.10	4.10	50	1.00	0.00
61   49	|	1	0.10	4.30	10	1.00	0.00
61   50	|	1	0.17	4.83	6	1.00	0.00
61   52	|	5	0.28	4.22	18	1.00	0.00
61   53	|	13	0.28	3.54	12	0.26	0.74

71   1	|	1	1.00	0.00	0	0.00	1.00
71   2	|	1	1.00	0.00	0	0.00	1.00
71   3	|	2	0.50	2.00	1	0.25	0.75
71   4	|	1	1.00	0.00	0	0.00	1.00
71   5	|	2	1.00	0.00	2	1.00	0.00
71   12	|	2	0.25	2.63	2	0.25	1.00
71   13	|	3	0.20	2.47	2	0.13	1.00
71   14	|	6	0.60	2.60	3	0.30	0.80
71   15	|	16	0.80	0.80	6	0.30	0.85
71   18	|	2	0.50	2.25	2	0.50	0.75
71   22	|	7	0.30	3.13	15	0.65	0.35
71   23	|	1	0.04	5.18	14	0.50	0.50
71   24	|	2	0.12	4.00	11	0.65	0.35
71   28	|	1	0.50	1.00	2	1.00	0.00
71   30	|	2	0.25	2.38	3	0.38	0.75
71   32	|	2	0.67	0.33	1	0.33	1.00
71   33	|	1	1.00	0.00	1	1.00	0.00
71   34	|	3	0.60	0.80	0	0.00	1.40
71   35	|	2	1.00	0.00	0	0.00	2.50
71   36	|	13	0.68	0.89	14	0.74	0.26
71   37	|	4	0.57	2.00	5	0.71	0.29
71   39	|	1	1.00	0.00	1	1.00	0.00
71   40	|	2	0.40	1.80	0	0.00	1.20
71   41	|	19	0.28	1.94	16	0.24	0.99
71   42	|	4	0.20	2.75	3	0.15	1.15
71   43	|	2	0.25	3.25	1	0.13	1.13
71   44	|	1	0.50	1.50	1	0.50	0.50
71   48	|	4	0.13	4.53	14	0.47	0.53
71   52	|	4	0.31	3.31	10	0.77	0.23
71   53	|	11	0.31	2.69	3	0.09	1.11

72   1	|	3	0.75	0.50	2	0.50	0.50
72   3	|	3	1.00	0.00	1	0.33	1.00
72   5	|	1	1.00	0.00	1	1.00	0.00
72   8	|	1	1.00	0.00	0	0.00	2.00
72   12	|	3	0.27	1.73	1	0.09	1.09
72   13	|	3	0.60	1.20	1	0.20	1.00
72   15	|	4	0.67	0.33	1	0.17	0.83
72   22	|	4	0.25	2.44	12	0.75	0.25
72   23	|	3	0.19	4.25	11	0.69	0.31
72   24	|	1	0.14	3.57	5	0.71	0.29
72   32	|	1	0.50	0.50	0	0.00	1.50
72   33	|	1	1.00	0.00	0	0.00	1.00
72   34	|	1	0.50	0.50	1	0.50	1.00
72   35	|	1	0.50	0.50	1	0.50	0.50
72   36	|	5	0.56	1.11	6	0.67	0.33
72   38	|	2	1.00	0.00	2	1.00	0.00
72   39	|	2	1.00	0.00	2	1.00	0.00
72   40	|	1	0.50	4.00	1	0.50	0.50
72   41	|	11	0.31	2.14	10	0.29	0.91
72   42	|	4	0.31	2.46	2	0.15	1.23
72   43	|	2	0.33	1.17	1	0.17	1.17
72   44	|	1	1.00	0.00	0	0.00	1.00
72   48	|	1	0.07	4.33	7	0.47	0.53
72   53	|	2	0.13	2.88	4	0.25	1.13

80   1	|	63	0.97	0.05	59	0.91	0.09
80   2	|	1	1.00	0.00	1	1.00	0.00
80   3	|	79	0.93	0.19	67	0.79	0.25
80   4	|	3	0.75	1.00	2	0.50	0.50
80   5	|	2	1.00	0.00	2	1.00	0.00
80   6	|	1	1.00	0.00	1	1.00	0.00
80   7	|	43	0.86	0.34	24	0.48	0.84
80   9	|	48	0.86	0.41	48	0.86	0.14
80   10	|	1	0.33	5.00	2	0.67	0.33
80   12	|	25	0.61	1.63	19	0.46	0.73
80   13	|	7	0.44	2.81	0	0.00	1.25
80   14	|	8	0.89	0.11	3	0.33	0.67
80   15	|	7	0.58	2.50	3	0.25	1.00
80   19	|	38	0.28	3.36	14	0.10	2.07
80   20	|	6	0.50	2.00	0	0.00	2.17
80   21	|	5	0.63	0.75	0	0.00	1.75
80   22	|	9	0.29	3.58	11	0.35	0.65
80   24	|	1	0.06	6.25	7	0.44	0.56
80   25	|	6	0.21	4.07	2	0.07	1.54
80   27	|	1	0.14	3.86	1	0.14	1.14
80   32	|	8	0.80	0.80	6	0.60	0.40
80   34	|	12	0.48	1.16	8	0.32	1.24
80   35	|	2	0.33	2.00	0	0.00	1.67
80   36	|	16	0.64	1.88	16	0.64	0.36
80   38	|	3	0.60	0.80	4	0.80	0.20
80   39	|	2	0.40	2.40	3	0.60	0.40
80   40	|	18	0.60	1.43	16	0.53	0.67
80   41	|	42	0.48	2.09	33	0.38	0.94
80   42	|	2	0.06	4.24	2	0.06	1.62
80   43	|	2	0.20	3.30	1	0.10	1.60
80   44	|	3	1.00	0.00	0	0.00	1.33
80   45	|	15	0.06	4.74	6	0.03	2.33
80   46	|	4	0.05	4.89	1	0.01	2.37
80   47	|	2	0.18	3.91	0	0.00	2.36
80   48	|	4	0.11	5.51	6	0.17	0.83
80   51	|	7	0.05	5.60	7	0.05	1.60
80   53	|	1	0.02	5.64	0	0.00	1.64

81   1	|	28	1.00	0.00	28	1.00	0.00
81   3	|	32	0.91	0.14	32	0.91	0.09
81   6	|	2	1.00	0.00	2	1.00	0.00
81   7	|	13	0.93	0.07	9	0.64	0.57
81   9	|	16	0.94	0.24	17	1.00	0.00
81   11	|	3	1.00	0.00	3	1.00	0.00
81   12	|	15	0.79	0.26	14	0.74	0.26
81   14	|	2	1.00	0.00	1	0.50	0.50
81   15	|	1	1.00	0.00	1	1.00	0.00
81   19	|	14	0.50	1.29	6	0.21	1.18
81   20	|	1	1.00	0.00	0	0.00	1.00
81   22	|	3	1.00	0.00	3	1.00	0.00
81   25	|	5	0.50	2.60	6	0.60	0.40
81   26	|	1	0.33	2.67	1	0.33	0.67
81   32	|	7	1.00	0.00	6	0.86	0.14
81   34	|	8	0.73	0.36	4	0.36	0.82
81   35	|	1	1.00	0.00	1	1.00	0.00
81   36	|	5	0.83	0.17	6	1.00	0.00
81   38	|	3	1.00	0.00	3	1.00	0.00
81   39	|	2	1.00	0.00	2	1.00	0.00
81   40	|	6	1.00	0.00	4	0.67	0.33
81   41	|	11	0.73	0.80	12	0.80	0.20
81   43	|	2	1.00	0.00	1	0.50	0.50
81   45	|	4	0.31	2.08	1	0.08	1.69
81   47	|	2	1.00	0.00	0	0.00	2.00
81   51	|	2	0.33	2.67	3	0.50	0.50

82   1	|	71	0.99	0.04	62	0.86	0.14
82   2	|	1	1.00	0.00	1	1.00	0.00
82   3	|	85	0.92	0.16	62	0.67	0.37
82   4	|	5	0.83	0.33	3	0.50	0.67
82   5	|	6	1.00	0.00	5	0.83	0.17
82   6	|	4	1.00	0.00	4	1.00	0.00
82   7	|	30	0.81	0.62	13	0.35	0.92
82   8	|	1	0.50	0.50	0	0.00	2.00
82   9	|	59	0.87	0.43	55	0.81	0.19
82   11	|	6	0.86	1.14	6	0.86	0.14
82   12	|	25	0.63	1.30	20	0.50	0.73
82   13	|	3	0.23	3.69	0	0.00	1.69
82   14	|	6	0.60	1.30	4	0.40	0.70
82   15	|	5	0.50	1.50	1	0.10	1.10
82   18	|	2	1.00	0.00	1	0.50	0.50
82   19	|	52	0.36	2.31	12	0.08	1.82
82   20	|	4	0.25	3.44	0	0.00	2.38
82   21	|	4	0.40	2.50	1	0.10	1.80
82   22	|	6	0.21	3.71	12	0.43	0.57
82   23	|	2	0.04	5.00	11	0.22	0.78
82   24	|	1	0.05	4.86	6	0.27	0.73
82   25	|	3	0.09	3.83	5	0.14	1.26
82   26	|	1	0.09	4.73	0	0.00	1.55
82   27	|	1	0.09	4.73	2	0.18	1.45
82   29	|	1	0.50	3.00	1	0.50	0.50
82   32	|	9	0.82	0.55	6	0.55	0.45
82   33	|	2	1.00	0.00	2	1.00	0.00
82   34	|	15	0.56	1.11	6	0.22	1.26
82   35	|	2	0.40	2.20	1	0.20	1.60
82   36	|	25	0.76	0.85	26	0.79	0.21
82   37	|	5	0.36	2.79	6	0.43	0.57
82   38	|	2	1.00	0.00	2	1.00	0.00
82   39	|	1	0.25	2.25	3	0.75	0.25
82   40	|	26	0.67	1.00	16	0.41	0.69
82   41	|	38	0.46	1.93	25	0.30	1.06
82   42	|	2	0.06	3.74	1	0.03	1.62
82   43	|	3	0.43	2.14	0	0.00	1.29
82   44	|	3	1.00	0.00	2	0.67	0.33
82   45	|	36	0.17	3.20	6	0.03	2.19
82   46	|	8	0.12	3.35	4	0.06	2.15
82   47	|	5	0.31	3.00	0	0.00	2.31
82   48	|	7	0.14	4.46	14	0.28	0.72
82   49	|	3	0.17	4.06	8	0.44	0.56
82   50	|	2	0.20	4.70	2	0.20	0.80
82   51	|	7	0.05	4.78	9	0.06	1.54
82   52	|	3	0.19	3.25	5	0.31	0.69
82   53	|	2	0.04	4.78	3	0.06	1.53

83   1	|	16	1.00	0.00	16	1.00	0.00
83   2	|	1	1.00	0.00	1	1.00	0.00
83   3	|	17	1.00	0.00	13	0.76	0.24
83   7	|	16	0.89	0.22	11	0.61	0.44
83   8	|	1	1.00	0.00	0	0.00	1.00
83   9	|	12	0.92	0.15	13	1.00	0.00
83   12	|	8	1.00	0.00	5	0.63	0.38
83   13	|	1	1.00	0.00	1	1.00	0.00
83   14	|	2	1.00	0.00	2	1.00	0.00
83   15	|	1	0.33	2.67	0	0.00	1.00
83   18	|	1	1.00	0.00	1	1.00	0.00
83   19	|	12	0.67	1.17	9	0.50	0.67
83   22	|	2	1.00	0.00	2	1.00	0.00
83   23	|	1	0.20	2.20	5	1.00	0.00
83   25	|	2	0.33	2.17	3	0.50	0.50
83   32	|	1	1.00	0.00	1	1.00	0.00
83   34	|	4	1.00	0.00	3	0.75	0.25
83   36	|	6	0.86	0.14	7	1.00	0.00
83   38	|	2	1.00	0.00	2	1.00	0.00
83   39	|	1	1.00	0.00	1	1.00	0.00
83   40	|	4	0.80	0.40	3	0.60	0.40
83   41	|	6	0.60	1.10	3	0.30	0.70
83   45	|	3	0.43	1.86	3	0.43	1.00
83   46	|	1	0.25	2.25	0	0.00	1.50
83   47	|	1	1.00	0.00	1	1.00	0.00
83   48	|	1	0.50	1.00	2	1.00	0.00
83   51	|	3	0.38	4.00	0	0.00	1.00

84   1	|	27	1.00	0.00	27	1.00	0.00
84   2	|	1	1.00	0.00	1	1.00	0.00
84   3	|	38	0.97	0.05	35	0.90	0.13
84   7	|	18	0.86	0.19	9	0.43	0.86
84   9	|	23	0.92	0.20	23	0.92	0.08
84   12	|	11	0.92	0.08	9	0.75	0.25
84   13	|	3	1.00	0.00	0	0.00	1.00
84   19	|	10	0.48	1.95	3	0.14	1.62
84   20	|	2	0.50	1.50	0	0.00	1.50
84   21	|	1	1.00	0.00	0	0.00	1.00
84   25	|	3	0.60	1.60	3	0.60	0.40
84   32	|	2	1.00	0.00	0	0.00	1.00
84   34	|	12	0.92	0.08	6	0.46	0.77
84   35	|	1	1.00	0.00	0	0.00	1.00
84   36	|	3	1.00	0.00	3	1.00	0.00
84   37	|	2	0.67	1.00	3	1.00	0.00
84   38	|	1	1.00	0.00	1	1.00	0.00
84   40	|	8	0.80	0.40	3	0.30	0.90
84   41	|	11	0.65	0.71	10	0.59	0.41
84   45	|	10	0.56	1.39	5	0.28	1.17
84   47	|	1	1.00	0.00	1	1.00	0.00
84   48	|	1	0.33	5.67	1	0.33	0.67

86   1	|	5	1.00	0.00	4	0.80	0.40
86   3	|	4	1.00	0.00	2	0.50	0.50
86   7	|	9	0.69	0.54	4	0.31	1.92
86   9	|	4	0.57	2.00	4	0.57	0.71
86   11	|	2	1.00	0.00	2	1.00	0.00
86   12	|	5	0.24	2.43	3	0.14	2.10
86   13	|	3	0.21	2.71	1	0.07	2.29
86   14	|	1	0.20	4.80	0	0.00	2.40
86   15	|	1	0.20	2.60	0	0.00	2.60
86   19	|	4	0.03	3.86	1	0.01	3.38
86   20	|	2	0.08	3.65	0	0.00	3.50
86   21	|	1	0.17	2.67	0	0.00	3.50
86   22	|	4	0.10	4.53	1	0.03	1.78
86   23	|	5	0.06	5.07	0	0.00	1.88
86   25	|	2	0.02	5.40	0	0.00	2.56
86   32	|	1	0.25	2.50	1	0.25	1.50
86   34	|	2	0.18	2.09	0	0.00	2.73
86   36	|	4	0.40	2.10	4	0.40	1.10
86   37	|	1	0.13	3.88	2	0.25	1.50
86   40	|	4	0.25	2.63	3	0.19	1.88
86   41	|	4	0.05	4.04	4	0.05	2.40
86   42	|	1	0.04	3.68	0	0.00	2.61
86   43	|	1	0.33	3.33	0	0.00	2.33
86   44	|	2	0.29	3.00	0	0.00	2.43
86   45	|	7	0.03	4.18	0	0.00	3.40
86   46	|	3	0.06	3.62	0	0.00	3.42
86   48	|	1	0.03	5.13	0	0.00	1.88
86   51	|	7	0.05	4.73	0	0.00	2.59
86   52	|	1	0.10	4.90	0	0.00	1.90

