0   1	|	0	7	0	0	1	0.00
0   2	|	0	22	1	0	5	0.00
0   3	|	0	1	0	0	2	0.00
0   4	|	0	7	0	0	0	 - 
0   5	|	0	6	2	0	0	0.00
0   7	|	0	0	0	0	4	0.00
0   8	|	0	1	0	0	1	0.00
0   9	|	0	1	0	4	2	0.00
0   10	|	0	11	1	1	0	0.00
0   12	|	0	2	0	1	6	0.00
0   13	|	0	6	1	0	3	0.00
0   15	|	0	4	1	0	3	0.00
0   22	|	0	0	0	3	5	0.00
0   23	|	0	1	1	0	2	0.00
0   28	|	0	0	0	0	3	0.00
0   30	|	0	1	0	2	1	0.00
0   32	|	0	2	0	0	0	 - 
0   33	|	0	1	1	0	2	0.00
0   34	|	0	0	1	1	3	0.00
0   35	|	0	0	1	0	1	0.00
0   36	|	0	1	2	0	6	0.00
0   37	|	0	5	2	1	4	0.00
0   40	|	0	1	1	0	5	0.00
0   41	|	0	2	1	2	15	0.00
0   52	|	0	0	0	2	0	0.00
0   53	|	0	1	0	0	0	 - 

1   1	|	0	2	3	0	2	0.00
1   2	|	2	23	4	0	2	0.25
1   3	|	1	5	0	0	2	0.33
1   4	|	0	19	1	0	0	0.00
1   5	|	0	8	5	1	4	0.00
1   7	|	0	4	0	1	2	0.00
1   8	|	0	2	0	0	1	0.00
1   9	|	0	1	1	5	3	0.00
1   10	|	1	11	0	0	0	1.00
1   12	|	0	0	2	0	5	0.00
1   13	|	0	15	4	1	9	0.00
1   14	|	0	0	0	0	1	0.00
1   15	|	0	11	2	0	3	0.00
1   16	|	0	1	0	0	0	 - 
1   22	|	0	0	0	0	3	0.00
1   23	|	0	1	0	1	1	0.00
1   24	|	0	0	1	0	0	0.00
1   29	|	0	0	0	1	0	0.00
1   30	|	0	0	0	0	1	0.00
1   32	|	1	0	0	0	1	0.50
1   33	|	0	2	0	0	0	 - 
1   34	|	0	1	1	0	2	0.00
1   35	|	0	5	0	0	0	 - 
1   36	|	0	2	1	1	4	0.00
1   37	|	0	8	2	0	5	0.00
1   40	|	0	2	3	1	6	0.00
1   41	|	1	1	2	5	17	0.04
1   43	|	0	0	0	1	0	0.00
1   44	|	0	1	0	0	0	 - 
1   52	|	0	2	1	0	2	0.00
1   53	|	0	0	0	0	2	0.00

10   1	|	3	97	14	0	19	0.08
10   2	|	0	13	2	1	3	0.00
10   3	|	4	166	28	1	37	0.06
10   4	|	0	7	1	0	1	0.00
10   5	|	1	3	1	0	3	0.20
10   6	|	0	2	2	0	0	0.00
10   7	|	4	70	8	1	29	0.10
10   8	|	0	2	2	0	0	0.00
10   9	|	0	51	10	3	24	0.00
10   10	|	0	0	0	1	1	0.00
10   11	|	0	5	1	0	1	0.00
10   12	|	0	44	6	2	13	0.00
10   13	|	0	14	3	3	12	0.00
10   14	|	0	9	2	0	2	0.00
10   15	|	0	8	3	0	6	0.00
10   18	|	0	2	2	1	0	0.00
10   22	|	0	10	5	5	23	0.00
10   23	|	1	4	9	8	47	0.02
10   24	|	2	11	3	3	8	0.13
10   28	|	0	1	0	1	0	0.00
10   30	|	0	1	1	0	1	0.00
10   32	|	0	16	6	0	7	0.00
10   33	|	0	3	1	0	0	0.00
10   34	|	5	51	4	2	12	0.22
10   35	|	1	9	3	0	2	0.17
10   36	|	4	40	5	4	15	0.14
10   37	|	0	11	4	0	6	0.00
10   38	|	0	5	2	0	2	0.00
10   39	|	1	4	0	0	1	0.50
10   40	|	1	28	8	4	16	0.03
10   41	|	6	83	22	13	43	0.07
10   42	|	1	13	9	4	23	0.03
10   43	|	0	5	0	0	1	0.00
10   44	|	0	6	2	0	1	0.00
10   48	|	1	9	3	1	22	0.04
10   49	|	0	0	1	0	6	0.00
10   50	|	0	0	1	0	2	0.00
10   52	|	0	1	3	3	4	0.00
10   53	|	2	7	1	4	28	0.06

11   1	|	8	175	17	0	28	0.15
11   2	|	2	17	0	0	1	0.67
11   3	|	12	360	54	3	62	0.09
11   4	|	0	8	1	0	2	0.00
11   5	|	0	5	1	1	2	0.00
11   6	|	1	10	1	0	0	0.50
11   7	|	5	147	20	3	42	0.07
11   8	|	0	3	0	0	6	0.00
11   9	|	5	108	16	3	44	0.07
11   10	|	0	2	0	0	2	0.00
11   11	|	1	11	0	0	1	0.50
11   12	|	3	86	25	9	57	0.03
11   13	|	1	22	10	4	35	0.02
11   14	|	0	16	2	0	10	0.00
11   15	|	1	13	4	0	18	0.04
11   16	|	0	3	0	0	1	0.00
11   17	|	0	2	0	0	0	 - 
11   18	|	0	2	0	0	10	0.00
11   22	|	0	28	21	4	112	0.00
11   23	|	2	13	23	10	200	0.01
11   24	|	0	15	8	5	67	0.00
11   28	|	0	1	0	1	5	0.00
11   29	|	0	0	0	0	1	0.00
11   30	|	0	0	1	0	8	0.00
11   32	|	1	33	7	0	16	0.04
11   33	|	0	4	1	1	1	0.00
11   34	|	7	88	16	0	59	0.09
11   35	|	0	15	2	0	15	0.00
11   36	|	3	55	11	8	52	0.04
11   37	|	1	21	6	2	26	0.03
11   38	|	0	3	1	0	0	0.00
11   39	|	0	5	1	0	8	0.00
11   40	|	2	61	14	7	58	0.02
11   41	|	7	181	40	18	186	0.03
11   42	|	0	22	12	3	100	0.00
11   43	|	1	14	5	0	27	0.03
11   44	|	0	4	1	1	4	0.00
11   48	|	1	18	14	9	187	0.00
11   49	|	0	2	1	1	30	0.00
11   50	|	0	1	1	0	10	0.00
11   52	|	0	2	2	2	41	0.00
11   53	|	1	13	6	5	108	0.01

12   1	|	6	141	21	0	15	0.14
12   2	|	0	6	2	0	1	0.00
12   3	|	10	224	27	3	58	0.10
12   4	|	0	8	0	0	4	0.00
12   5	|	0	6	0	1	4	0.00
12   6	|	0	6	0	0	0	 - 
12   7	|	4	79	18	4	33	0.07
12   8	|	0	1	0	0	2	0.00
12   9	|	1	71	17	4	32	0.02
12   10	|	0	2	0	0	2	0.00
12   11	|	0	7	1	0	1	0.00
12   12	|	2	63	17	6	35	0.03
12   13	|	0	17	6	1	34	0.00
12   14	|	2	13	0	0	8	0.20
12   15	|	1	6	1	0	24	0.04
12   16	|	0	2	0	0	0	 - 
12   17	|	0	1	0	0	0	 - 
12   18	|	0	1	0	0	10	0.00
12   22	|	0	12	14	2	76	0.00
12   23	|	0	5	11	7	139	0.00
12   24	|	0	8	11	2	57	0.00
12   28	|	0	0	0	1	4	0.00
12   29	|	0	1	0	0	2	0.00
12   30	|	0	1	2	0	9	0.00
12   32	|	1	11	5	0	8	0.07
12   33	|	0	0	1	0	2	0.00
12   34	|	1	66	19	4	43	0.01
12   35	|	0	6	3	2	14	0.00
12   36	|	2	37	6	0	33	0.05
12   37	|	0	10	4	2	26	0.00
12   38	|	0	6	1	1	1	0.00
12   39	|	0	3	1	0	6	0.00
12   40	|	4	50	12	1	56	0.05
12   41	|	1	123	32	7	147	0.01
12   42	|	0	11	7	7	86	0.00
12   43	|	0	9	2	0	19	0.00
12   44	|	0	2	0	0	4	0.00
12   48	|	0	13	13	8	129	0.00
12   49	|	0	1	2	1	16	0.00
12   50	|	0	1	0	0	9	0.00
12   52	|	0	1	3	0	49	0.00
12   53	|	0	2	9	2	105	0.00

13   1	|	1	38	4	1	6	0.08
13   2	|	0	0	2	0	0	0.00
13   3	|	3	67	11	5	24	0.07
13   4	|	0	4	1	1	0	0.00
13   5	|	1	2	1	0	5	0.14
13   6	|	0	1	0	0	2	0.00
13   7	|	1	24	10	1	21	0.03
13   8	|	0	1	0	0	2	0.00
13   9	|	1	24	1	0	15	0.06
13   10	|	0	1	1	0	3	0.00
13   11	|	0	2	0	0	0	 - 
13   12	|	2	15	3	1	30	0.06
13   13	|	0	5	3	5	41	0.00
13   14	|	0	5	0	1	11	0.00
13   15	|	1	4	1	0	22	0.04
13   17	|	0	1	0	0	1	0.00
13   18	|	0	1	0	0	8	0.00
13   22	|	0	5	6	1	71	0.00
13   23	|	0	5	11	8	144	0.00
13   24	|	0	3	3	3	37	0.00
13   30	|	0	0	1	1	4	0.00
13   32	|	0	5	3	2	10	0.00
13   33	|	1	2	0	1	1	0.33
13   34	|	0	23	1	1	19	0.00
13   35	|	0	3	2	1	9	0.00
13   36	|	1	11	4	1	25	0.03
13   37	|	1	6	3	0	35	0.03
13   38	|	0	3	1	1	0	0.00
13   39	|	0	1	0	0	7	0.00
13   40	|	0	10	4	2	28	0.00
13   41	|	0	39	15	13	115	0.00
13   42	|	1	9	7	1	82	0.01
13   43	|	0	2	1	0	16	0.00
13   44	|	0	2	2	2	2	0.00
13   48	|	0	6	9	2	114	0.00
13   49	|	0	0	1	0	23	0.00
13   50	|	0	0	0	0	3	0.00
13   52	|	0	1	5	3	42	0.00
13   53	|	1	1	3	2	92	0.01

14   1	|	2	33	4	1	9	0.13
14   2	|	1	2	1	0	1	0.33
14   3	|	0	37	4	2	19	0.00
14   4	|	0	3	0	0	3	0.00
14   5	|	0	2	2	0	0	0.00
14   6	|	0	1	0	0	0	 - 
14   7	|	1	24	3	1	21	0.04
14   9	|	1	12	0	2	14	0.06
14   10	|	0	1	0	0	3	0.00
14   11	|	0	3	1	0	0	0.00
14   12	|	1	18	5	4	34	0.02
14   13	|	0	1	1	0	29	0.00
14   14	|	0	2	0	1	10	0.00
14   15	|	0	1	1	2	20	0.00
14   18	|	0	0	1	1	5	0.00
14   22	|	0	1	3	5	75	0.00
14   23	|	1	5	9	6	136	0.01
14   24	|	0	5	1	1	43	0.00
14   28	|	0	0	0	0	7	0.00
14   29	|	0	0	0	0	3	0.00
14   30	|	0	0	0	0	1	0.00
14   32	|	1	4	2	0	8	0.09
14   33	|	0	0	1	0	0	0.00
14   34	|	0	13	2	4	27	0.00
14   35	|	0	0	1	1	8	0.00
14   36	|	0	5	3	2	21	0.00
14   37	|	0	2	3	0	31	0.00
14   38	|	0	1	0	0	0	 - 
14   39	|	0	0	0	0	3	0.00
14   40	|	1	11	5	1	33	0.03
14   41	|	3	19	12	5	130	0.02
14   42	|	0	4	4	1	101	0.00
14   43	|	1	1	0	1	13	0.07
14   44	|	0	2	0	0	2	0.00
14   48	|	0	3	7	3	127	0.00
14   49	|	0	1	1	1	31	0.00
14   50	|	0	0	1	0	7	0.00
14   52	|	1	0	1	1	28	0.03
14   53	|	0	1	1	1	58	0.00

15   1	|	1	9	0	0	1	0.50
15   2	|	0	2	0	0	0	 - 
15   3	|	2	10	4	0	2	0.25
15   4	|	0	1	0	0	0	 - 
15   7	|	0	5	2	0	2	0.00
15   9	|	0	10	0	0	2	0.00
15   10	|	0	1	0	0	0	 - 
15   12	|	0	4	3	0	1	0.00
15   13	|	0	1	0	0	2	0.00
15   15	|	0	1	0	0	0	 - 
15   22	|	0	2	0	0	3	0.00
15   23	|	0	0	0	0	2	0.00
15   24	|	0	0	0	0	1	0.00
15   30	|	0	0	0	0	1	0.00
15   32	|	0	2	1	0	0	0.00
15   34	|	0	7	1	1	2	0.00
15   36	|	0	4	1	0	1	0.00
15   37	|	1	0	0	0	1	0.50
15   40	|	0	2	0	0	0	 - 
15   41	|	0	10	1	1	6	0.00
15   42	|	0	1	0	0	1	0.00
15   44	|	0	2	0	0	0	 - 
15   48	|	0	1	1	0	0	0.00
15   53	|	0	1	0	0	0	 - 

16   1	|	0	14	4	0	4	0.00
16   2	|	0	1	0	0	0	 - 
16   3	|	1	33	6	2	22	0.03
16   4	|	2	5	0	0	4	0.33
16   5	|	0	2	0	0	3	0.00
16   7	|	1	15	5	1	27	0.03
16   8	|	1	3	0	0	3	0.25
16   9	|	0	21	6	2	41	0.00
16   10	|	0	2	0	0	6	0.00
16   11	|	0	2	0	0	0	 - 
16   12	|	2	16	1	8	51	0.03
16   13	|	0	46	16	11	90	0.00
16   14	|	0	7	4	1	8	0.00
16   15	|	0	7	6	4	17	0.00
16   16	|	0	2	0	0	4	0.00
16   18	|	0	0	0	0	5	0.00
16   22	|	1	5	16	2	102	0.01
16   23	|	1	30	24	20	235	0.00
16   24	|	2	9	6	3	58	0.03
16   28	|	0	2	0	1	8	0.00
16   29	|	0	0	0	0	7	0.00
16   30	|	0	2	2	0	11	0.00
16   32	|	0	6	0	0	9	0.00
16   33	|	0	3	0	0	2	0.00
16   34	|	2	29	5	0	28	0.06
16   35	|	1	7	4	1	20	0.04
16   36	|	0	13	8	3	40	0.00
16   37	|	1	32	9	3	61	0.01
16   38	|	0	1	0	0	6	0.00
16   39	|	0	2	0	0	8	0.00
16   40	|	0	20	14	3	72	0.00
16   41	|	0	38	25	11	170	0.00
16   42	|	3	52	27	5	122	0.02
16   43	|	0	7	3	0	25	0.00
16   44	|	0	2	0	0	4	0.00
16   48	|	1	6	10	8	170	0.01
16   49	|	0	1	3	3	28	0.00
16   50	|	0	1	0	0	2	0.00
16   52	|	0	6	9	2	71	0.00
16   53	|	1	18	12	11	120	0.01

17   1	|	1	4	0	0	0	1.00
17   2	|	0	0	1	0	1	0.00
17   3	|	0	4	0	0	1	0.00
17   4	|	0	1	0	0	0	 - 
17   5	|	0	1	0	0	1	0.00
17   7	|	0	2	0	0	1	0.00
17   9	|	1	2	1	0	2	0.25
17   10	|	0	0	1	0	0	0.00
17   12	|	0	2	1	0	5	0.00
17   13	|	1	1	2	0	3	0.17
17   15	|	0	0	0	0	1	0.00
17   22	|	1	1	1	1	3	0.17
17   23	|	0	0	3	0	7	0.00
17   24	|	0	0	0	1	1	0.00
17   28	|	0	0	1	0	1	0.00
17   30	|	0	0	0	0	1	0.00
17   32	|	0	2	0	0	0	 - 
17   33	|	0	2	1	0	1	0.00
17   34	|	0	2	0	0	1	0.00
17   35	|	0	0	1	0	4	0.00
17   36	|	0	0	0	2	1	0.00
17   37	|	0	2	1	0	0	0.00
17   38	|	0	1	0	0	0	 - 
17   39	|	0	0	0	0	1	0.00
17   40	|	0	2	2	1	10	0.00
17   41	|	1	4	2	1	8	0.08
17   42	|	1	1	1	0	5	0.14
17   43	|	0	1	1	0	1	0.00
17   48	|	0	1	0	1	2	0.00
17   49	|	0	2	0	0	2	0.00
17   50	|	0	0	0	0	1	0.00
17   52	|	0	0	0	0	2	0.00
17   53	|	0	1	0	0	5	0.00

18   1	|	0	5	1	0	2	0.00
18   2	|	0	0	0	0	1	0.00
18   3	|	1	24	0	0	2	0.33
18   7	|	0	7	0	0	2	0.00
18   9	|	0	5	0	0	1	0.00
18   11	|	0	1	0	0	0	 - 
18   12	|	0	4	0	0	3	0.00
18   14	|	0	2	0	0	0	 - 
18   15	|	0	1	0	0	0	 - 
18   22	|	0	1	0	0	2	0.00
18   23	|	0	0	1	1	3	0.00
18   24	|	0	0	2	0	0	0.00
18   32	|	0	3	0	0	3	0.00
18   34	|	0	2	1	0	2	0.00
18   36	|	0	6	0	0	0	 - 
18   37	|	0	0	0	0	1	0.00
18   40	|	0	1	0	0	1	0.00
18   41	|	0	5	1	0	2	0.00
18   42	|	0	0	1	0	2	0.00
18   44	|	0	1	1	0	1	0.00
18   48	|	0	0	1	2	1	0.00
18   49	|	0	1	0	0	0	 - 
18   53	|	0	0	0	0	4	0.00

20   1	|	0	3	1	0	0	0.00
20   2	|	0	1	0	0	0	 - 
20   3	|	1	12	3	0	9	0.08
20   4	|	0	0	1	0	0	0.00
20   5	|	0	1	0	0	1	0.00
20   7	|	0	5	1	1	2	0.00
20   9	|	0	6	4	0	4	0.00
20   10	|	0	1	0	0	0	 - 
20   12	|	2	4	1	1	11	0.13
20   13	|	0	1	0	0	6	0.00
20   15	|	0	1	0	0	0	 - 
20   18	|	0	0	0	0	3	0.00
20   22	|	0	3	4	1	11	0.00
20   23	|	0	0	0	0	21	0.00
20   24	|	0	1	1	1	6	0.00
20   30	|	0	2	0	0	1	0.00
20   31	|	0	1	0	0	1	0.00
20   32	|	0	2	0	0	3	0.00
20   33	|	0	0	0	0	1	0.00
20   34	|	0	4	0	0	3	0.00
20   35	|	0	0	0	0	2	0.00
20   36	|	0	2	1	0	2	0.00
20   37	|	1	2	3	0	2	0.17
20   38	|	0	2	0	0	0	 - 
20   39	|	0	1	0	0	0	 - 
20   40	|	0	5	2	0	10	0.00
20   41	|	0	7	1	2	18	0.00
20   42	|	1	0	0	3	7	0.09
20   43	|	0	0	2	0	6	0.00
20   44	|	0	0	0	0	2	0.00
20   48	|	0	2	3	0	24	0.00
20   49	|	0	0	1	0	8	0.00
20   50	|	0	2	0	1	2	0.00
20   52	|	0	0	1	0	9	0.00
20   53	|	0	3	6	0	17	0.00

21   1	|	0	79	12	0	24	0.00
21   2	|	0	6	1	0	1	0.00
21   3	|	5	123	20	0	47	0.07
21   4	|	0	1	0	0	0	 - 
21   5	|	0	1	1	0	2	0.00
21   6	|	0	3	1	0	1	0.00
21   7	|	1	36	11	0	27	0.03
21   8	|	0	2	0	0	0	 - 
21   9	|	4	61	6	1	25	0.11
21   10	|	0	1	1	0	1	0.00
21   11	|	0	3	0	0	0	 - 
21   12	|	5	62	11	1	43	0.08
21   13	|	0	5	1	0	11	0.00
21   14	|	0	12	1	1	6	0.00
21   15	|	0	6	1	1	12	0.00
21   16	|	0	1	0	0	0	 - 
21   18	|	0	3	3	0	4	0.00
21   22	|	1	20	2	0	50	0.02
21   23	|	0	2	8	0	44	0.00
21   24	|	0	6	3	1	19	0.00
21   28	|	0	1	0	0	1	0.00
21   29	|	0	1	1	0	3	0.00
21   30	|	1	1	1	1	4	0.14
21   31	|	0	24	3	0	3	0.00
21   32	|	0	8	5	0	10	0.00
21   33	|	1	0	0	0	0	1.00
21   34	|	1	22	9	2	21	0.03
21   35	|	0	2	3	1	1	0.00
21   36	|	2	33	2	0	11	0.13
21   37	|	2	7	6	1	12	0.10
21   38	|	0	8	1	0	2	0.00
21   39	|	0	2	2	0	8	0.00
21   40	|	0	39	7	1	27	0.00
21   41	|	0	77	19	7	69	0.00
21   42	|	0	6	6	2	53	0.00
21   43	|	0	10	3	0	14	0.00
21   44	|	0	6	2	0	2	0.00
21   48	|	0	17	11	4	93	0.00
21   49	|	1	2	4	3	38	0.02
21   50	|	0	1	0	0	22	0.00
21   52	|	0	3	3	4	24	0.00
21   53	|	0	9	4	1	87	0.00

22   1	|	1	21	6	0	8	0.07
22   2	|	0	3	0	0	0	 - 
22   3	|	1	24	9	1	16	0.04
22   4	|	0	0	0	0	3	0.00
22   5	|	0	4	1	0	4	0.00
22   7	|	1	14	2	2	33	0.03
22   8	|	0	1	1	1	2	0.00
22   9	|	1	15	4	1	33	0.03
22   10	|	0	2	0	0	7	0.00
22   11	|	0	1	0	0	0	 - 
22   12	|	1	12	9	3	87	0.01
22   13	|	1	7	5	4	62	0.01
22   14	|	0	3	2	1	16	0.00
22   15	|	0	3	5	2	47	0.00
22   16	|	0	1	0	0	0	 - 
22   17	|	0	0	0	0	1	0.00
22   18	|	0	1	2	0	28	0.00
22   22	|	0	9	12	4	166	0.00
22   23	|	0	16	15	4	329	0.00
22   24	|	1	5	4	6	81	0.01
22   28	|	0	2	1	1	14	0.00
22   29	|	0	1	1	0	1	0.00
22   30	|	0	0	0	1	12	0.00
22   31	|	0	8	2	4	21	0.00
22   32	|	0	6	2	5	21	0.00
22   33	|	0	1	0	0	2	0.00
22   34	|	2	10	9	1	35	0.04
22   35	|	1	3	4	3	40	0.02
22   36	|	0	8	7	3	56	0.00
22   37	|	0	12	9	4	90	0.00
22   38	|	0	2	1	0	5	0.00
22   39	|	0	3	1	1	20	0.00
22   40	|	0	20	7	5	91	0.00
22   41	|	1	33	22	8	232	0.00
22   42	|	2	19	18	4	273	0.01
22   43	|	0	3	2	3	56	0.00
22   44	|	0	3	1	0	10	0.00
22   48	|	2	17	31	9	545	0.00
22   49	|	0	9	21	10	326	0.00
22   50	|	1	4	6	3	106	0.01
22   52	|	1	6	9	1	146	0.01
22   53	|	2	10	20	7	395	0.00

23   1	|	0	29	2	1	13	0.00
23   2	|	0	5	0	0	0	 - 
23   3	|	2	61	7	5	66	0.03
23   4	|	0	2	2	0	1	0.00
23   5	|	0	3	0	0	8	0.00
23   6	|	0	4	4	0	1	0.00
23   7	|	1	18	12	4	65	0.01
23   8	|	0	1	0	0	7	0.00
23   9	|	1	18	8	3	50	0.02
23   10	|	0	1	0	0	4	0.00
23   11	|	0	3	1	0	2	0.00
23   12	|	4	33	12	4	111	0.03
23   13	|	0	8	10	7	70	0.00
23   14	|	0	5	2	0	14	0.00
23   15	|	1	5	1	1	43	0.02
23   16	|	0	0	0	0	1	0.00
23   17	|	0	0	0	0	2	0.00
23   18	|	0	0	1	0	5	0.00
23   22	|	0	15	13	9	230	0.00
23   23	|	0	7	8	1	167	0.00
23   24	|	0	3	4	0	48	0.00
23   28	|	0	0	2	0	15	0.00
23   29	|	1	1	0	0	9	0.10
23   30	|	1	2	5	1	20	0.04
23   31	|	0	8	3	1	21	0.00
23   32	|	0	6	3	1	26	0.00
23   33	|	0	0	1	0	6	0.00
23   34	|	3	16	10	8	71	0.03
23   35	|	0	1	2	3	24	0.00
23   36	|	0	17	18	3	75	0.00
23   37	|	0	11	5	0	39	0.00
23   38	|	0	1	0	0	2	0.00
23   39	|	0	1	2	1	9	0.00
23   40	|	0	22	15	3	123	0.00
23   41	|	3	49	13	16	283	0.01
23   42	|	0	4	3	2	53	0.00
23   43	|	0	3	2	0	10	0.00
23   44	|	0	0	1	1	4	0.00
23   48	|	0	1	2	1	59	0.00
23   52	|	0	0	1	2	42	0.00
23   53	|	0	4	5	4	64	0.00

24   1	|	1	22	3	2	5	0.09
24   3	|	2	18	7	3	18	0.07
24   4	|	0	0	0	1	0	0.00
24   5	|	0	0	0	0	5	0.00
24   6	|	0	3	0	0	0	 - 
24   7	|	0	9	2	0	28	0.00
24   8	|	0	0	0	0	3	0.00
24   9	|	2	17	5	0	28	0.06
24   10	|	0	0	0	0	9	0.00
24   11	|	0	1	0	0	1	0.00
24   12	|	0	13	5	0	53	0.00
24   13	|	0	2	3	3	56	0.00
24   14	|	1	3	0	0	5	0.17
24   15	|	0	0	0	1	15	0.00
24   17	|	0	0	0	0	1	0.00
24   18	|	0	1	0	0	3	0.00
24   22	|	0	4	4	3	80	0.00
24   23	|	0	6	5	4	115	0.00
24   24	|	0	1	2	0	25	0.00
24   28	|	0	0	0	0	7	0.00
24   29	|	0	0	1	0	4	0.00
24   30	|	0	0	0	0	18	0.00
24   31	|	0	3	1	1	4	0.00
24   32	|	0	3	3	0	6	0.00
24   33	|	0	0	0	0	1	0.00
24   34	|	1	7	1	3	41	0.02
24   35	|	0	1	0	2	17	0.00
24   36	|	1	7	4	3	45	0.02
24   37	|	0	3	1	1	28	0.00
24   38	|	0	0	0	0	1	0.00
24   39	|	0	1	0	0	0	 - 
24   40	|	0	9	3	1	64	0.00
24   41	|	2	20	7	2	183	0.01
24   42	|	0	2	2	1	31	0.00
24   43	|	0	2	2	0	8	0.00
24   44	|	1	0	0	1	1	0.33
24   48	|	0	0	1	0	17	0.00
24   52	|	0	1	0	1	17	0.00
24   53	|	0	1	4	1	28	0.00

25   1	|	0	7	1	0	2	0.00
25   3	|	0	7	2	0	5	0.00
25   7	|	2	6	0	0	8	0.20
25   9	|	0	4	1	0	2	0.00
25   11	|	0	2	0	0	0	 - 
25   12	|	0	2	2	0	3	0.00
25   13	|	0	1	1	0	5	0.00
25   14	|	0	0	0	0	1	0.00
25   15	|	0	1	1	0	1	0.00
25   18	|	0	1	0	0	1	0.00
25   22	|	0	0	0	0	8	0.00
25   23	|	0	0	0	0	11	0.00
25   24	|	0	0	0	0	2	0.00
25   30	|	0	0	0	1	0	0.00
25   32	|	0	0	1	0	0	0.00
25   34	|	0	1	0	0	2	0.00
25   35	|	0	1	0	0	0	 - 
25   36	|	0	0	0	0	3	0.00
25   37	|	0	2	0	0	2	0.00
25   38	|	0	0	0	0	1	0.00
25   39	|	0	1	0	0	0	 - 
25   40	|	0	3	2	0	2	0.00
25   41	|	0	2	3	0	10	0.00
25   42	|	0	4	0	1	4	0.00
25   43	|	0	1	0	0	0	 - 
25   48	|	0	3	1	0	17	0.00
25   49	|	1	0	1	0	2	0.25
25   50	|	0	0	0	0	2	0.00
25   52	|	0	1	0	0	4	0.00
25   53	|	0	4	0	0	8	0.00

26   1	|	0	5	2	0	0	0.00
26   2	|	0	0	0	0	1	0.00
26   3	|	3	7	1	0	3	0.43
26   4	|	0	2	0	0	0	 - 
26   7	|	0	3	2	1	9	0.00
26   9	|	0	7	1	0	4	0.00
26   12	|	1	2	2	1	8	0.08
26   13	|	0	3	1	0	8	0.00
26   14	|	0	0	0	0	1	0.00
26   15	|	0	1	0	2	9	0.00
26   18	|	0	0	0	0	3	0.00
26   22	|	0	2	2	0	21	0.00
26   23	|	1	5	2	1	48	0.02
26   24	|	0	0	1	0	14	0.00
26   28	|	0	0	0	0	2	0.00
26   30	|	0	0	0	0	3	0.00
26   32	|	0	1	0	1	3	0.00
26   33	|	0	2	0	0	0	 - 
26   34	|	0	3	0	0	9	0.00
26   35	|	0	0	0	0	2	0.00
26   36	|	0	4	1	0	7	0.00
26   37	|	0	2	0	0	11	0.00
26   38	|	0	1	0	0	0	 - 
26   39	|	0	2	0	0	2	0.00
26   40	|	0	2	1	0	13	0.00
26   41	|	0	6	1	2	25	0.00
26   42	|	0	4	2	0	32	0.00
26   43	|	0	0	0	0	6	0.00
26   44	|	1	0	0	0	2	0.33
26   48	|	0	2	4	1	42	0.00
26   49	|	1	0	0	0	12	0.08
26   50	|	0	0	0	2	2	0.00
26   52	|	0	0	2	0	17	0.00
26   53	|	0	1	1	1	27	0.00

30   1	|	1	20	3	0	8	0.08
30   2	|	1	1	0	0	0	1.00
30   3	|	0	37	3	0	6	0.00
30   4	|	0	1	0	0	0	 - 
30   5	|	0	1	0	0	0	 - 
30   6	|	1	2	0	0	0	1.00
30   7	|	1	5	1	0	3	0.20
30   9	|	1	16	6	0	5	0.08
30   11	|	0	3	0	0	0	 - 
30   12	|	0	9	2	0	2	0.00
30   14	|	0	3	1	0	1	0.00
30   15	|	0	1	0	0	1	0.00
30   18	|	0	1	0	0	0	 - 
30   19	|	0	16	6	1	10	0.00
30   20	|	0	2	0	0	1	0.00
30   22	|	0	4	0	0	3	0.00
30   23	|	0	0	0	0	2	0.00
30   24	|	0	1	0	0	0	 - 
30   25	|	0	3	4	0	8	0.00
30   26	|	0	0	0	0	3	0.00
30   30	|	0	1	1	0	0	0.00
30   32	|	0	2	3	0	0	0.00
30   34	|	0	10	1	1	1	0.00
30   35	|	0	0	0	0	1	0.00
30   36	|	0	7	2	0	4	0.00
30   37	|	0	1	0	0	0	 - 
30   39	|	0	0	1	0	0	0.00
30   40	|	0	7	1	0	5	0.00
30   41	|	0	13	5	0	6	0.00
30   42	|	0	0	1	0	1	0.00
30   43	|	0	1	0	0	0	 - 
30   44	|	0	2	0	0	1	0.00
30   45	|	0	2	4	0	8	0.00
30   46	|	0	1	1	0	2	0.00
30   48	|	0	1	0	0	1	0.00
30   49	|	0	0	0	0	1	0.00
30   51	|	0	0	0	1	6	0.00
30   53	|	0	0	0	0	5	0.00

31   1	|	1	29	7	0	6	0.07
31   2	|	0	2	0	0	0	 - 
31   3	|	0	40	10	0	14	0.00
31   4	|	0	2	0	0	0	 - 
31   6	|	0	2	0	0	0	 - 
31   7	|	0	17	2	0	9	0.00
31   8	|	0	1	0	0	1	0.00
31   9	|	1	34	6	0	10	0.06
31   10	|	0	0	0	0	1	0.00
31   11	|	0	2	2	0	1	0.00
31   12	|	0	17	5	0	11	0.00
31   13	|	0	1	1	0	1	0.00
31   14	|	0	5	0	0	3	0.00
31   15	|	0	0	0	0	3	0.00
31   18	|	0	0	1	0	1	0.00
31   19	|	1	23	4	0	36	0.02
31   20	|	0	3	1	0	1	0.00
31   21	|	0	5	0	0	0	 - 
31   22	|	0	4	2	0	7	0.00
31   23	|	0	1	1	0	6	0.00
31   24	|	0	2	0	1	8	0.00
31   25	|	0	5	2	0	10	0.00
31   26	|	0	1	0	0	3	0.00
31   27	|	0	0	0	0	1	0.00
31   32	|	0	2	0	0	2	0.00
31   34	|	0	13	5	2	5	0.00
31   35	|	0	1	0	0	1	0.00
31   36	|	1	18	0	0	1	0.50
31   37	|	0	1	0	0	2	0.00
31   39	|	0	0	0	0	1	0.00
31   40	|	0	4	4	0	6	0.00
31   41	|	2	19	5	0	16	0.09
31   42	|	0	2	1	0	8	0.00
31   43	|	0	2	1	0	1	0.00
31   44	|	0	1	0	0	0	 - 
31   45	|	0	12	9	0	33	0.00
31   46	|	0	1	1	0	6	0.00
31   47	|	0	0	0	0	1	0.00
31   48	|	0	2	0	0	13	0.00
31   49	|	0	0	0	0	1	0.00
31   50	|	0	1	0	0	1	0.00
31   51	|	0	6	2	0	19	0.00
31   52	|	0	1	0	0	2	0.00
31   53	|	1	1	1	0	9	0.09

32   1	|	2	19	4	0	8	0.14
32   2	|	1	1	0	0	0	1.00
32   3	|	1	33	8	0	9	0.06
32   4	|	0	0	1	0	0	0.00
32   6	|	0	1	0	0	0	 - 
32   7	|	1	15	0	1	5	0.14
32   9	|	1	20	7	0	8	0.06
32   11	|	1	1	0	0	0	1.00
32   12	|	1	12	2	2	3	0.13
32   13	|	0	1	1	0	1	0.00
32   14	|	2	1	2	0	0	0.50
32   15	|	0	0	1	0	2	0.00
32   19	|	0	15	4	0	30	0.00
32   20	|	0	1	0	0	5	0.00
32   21	|	2	1	1	0	3	0.33
32   22	|	1	2	1	0	6	0.13
32   23	|	0	0	0	0	10	0.00
32   24	|	0	1	0	0	4	0.00
32   25	|	0	2	0	0	7	0.00
32   26	|	0	1	0	0	2	0.00
32   27	|	0	2	0	0	1	0.00
32   30	|	0	0	0	0	1	0.00
32   32	|	1	9	0	0	2	0.33
32   34	|	0	6	0	1	7	0.00
32   36	|	0	6	2	0	3	0.00
32   37	|	0	1	1	0	1	0.00
32   39	|	0	3	0	0	0	 - 
32   40	|	0	12	1	0	3	0.00
32   41	|	0	17	3	1	6	0.00
32   42	|	0	0	0	0	3	0.00
32   43	|	0	2	0	0	1	0.00
32   44	|	0	0	0	0	1	0.00
32   45	|	2	7	8	2	45	0.04
32   46	|	0	1	1	0	8	0.00
32   47	|	0	1	1	0	2	0.00
32   48	|	0	1	1	0	8	0.00
32   49	|	0	0	0	0	2	0.00
32   50	|	0	0	0	0	1	0.00
32   51	|	0	3	3	0	21	0.00
32   52	|	0	0	0	0	3	0.00
32   53	|	0	0	2	0	8	0.00

33   1	|	0	5	0	0	1	0.00
33   3	|	0	9	2	0	2	0.00
33   5	|	0	0	0	0	1	0.00
33   7	|	0	2	1	0	3	0.00
33   9	|	0	9	3	0	5	0.00
33   10	|	0	0	0	0	1	0.00
33   12	|	0	2	0	0	2	0.00
33   13	|	0	1	1	0	0	0.00
33   14	|	0	0	0	0	1	0.00
33   15	|	0	0	0	0	1	0.00
33   19	|	0	3	0	0	9	0.00
33   20	|	0	0	0	0	2	0.00
33   21	|	0	1	2	0	0	0.00
33   22	|	0	2	0	0	2	0.00
33   23	|	0	0	0	0	5	0.00
33   24	|	0	0	0	0	2	0.00
33   25	|	0	1	0	0	2	0.00
33   27	|	0	0	1	0	0	0.00
33   30	|	0	0	0	0	1	0.00
33   32	|	0	1	0	0	1	0.00
33   34	|	1	1	1	0	1	0.33
33   36	|	0	2	0	0	1	0.00
33   37	|	0	0	0	0	2	0.00
33   39	|	0	0	0	0	1	0.00
33   40	|	0	2	0	0	3	0.00
33   41	|	0	1	1	0	7	0.00
33   42	|	0	0	0	0	2	0.00
33   43	|	0	0	0	0	1	0.00
33   45	|	0	4	3	1	23	0.00
33   46	|	0	0	0	0	7	0.00
33   47	|	0	1	0	0	0	 - 
33   48	|	0	1	0	0	5	0.00
33   49	|	0	0	0	0	1	0.00
33   50	|	0	0	0	0	2	0.00
33   51	|	0	0	0	0	17	0.00
33   52	|	0	0	0	0	1	0.00
33   53	|	0	2	1	0	4	0.00

34   3	|	0	3	0	0	0	 - 
34   7	|	0	1	0	0	0	 - 
34   9	|	0	0	0	0	1	0.00
34   12	|	0	0	0	0	1	0.00
34   14	|	0	1	0	0	0	 - 
34   19	|	0	0	1	0	5	0.00
34   22	|	0	1	0	0	0	 - 
34   23	|	0	0	0	1	2	0.00
34   25	|	0	0	0	0	1	0.00
34   34	|	0	0	0	0	1	0.00
34   40	|	0	1	0	0	0	 - 
34   41	|	0	3	0	0	2	0.00
34   45	|	0	1	1	0	13	0.00
34   46	|	0	1	0	0	2	0.00
34   48	|	0	0	1	0	1	0.00
34   50	|	0	0	0	0	1	0.00
34   51	|	0	1	1	0	10	0.00
34   52	|	0	0	0	0	1	0.00
34   53	|	0	1	0	0	5	0.00

35   1	|	0	3	0	0	0	 - 
35   3	|	0	5	0	0	2	0.00
35   6	|	0	1	0	0	1	0.00
35   7	|	0	10	0	0	3	0.00
35   9	|	0	2	0	0	0	 - 
35   12	|	0	3	0	0	5	0.00
35   13	|	0	0	0	0	1	0.00
35   14	|	0	1	0	0	1	0.00
35   15	|	0	2	2	0	0	0.00
35   19	|	0	5	4	0	18	0.00
35   20	|	0	1	0	0	5	0.00
35   21	|	0	1	0	0	2	0.00
35   22	|	0	1	2	0	4	0.00
35   23	|	0	2	0	0	10	0.00
35   24	|	0	1	0	0	6	0.00
35   25	|	0	2	0	0	11	0.00
35   26	|	0	1	1	0	2	0.00
35   27	|	0	3	1	0	2	0.00
35   28	|	0	0	1	0	1	0.00
35   30	|	0	1	0	0	0	 - 
35   32	|	0	2	0	0	1	0.00
35   34	|	0	2	2	0	1	0.00
35   36	|	0	2	1	0	1	0.00
35   37	|	0	0	0	0	2	0.00
35   40	|	0	4	1	0	0	0.00
35   41	|	0	8	3	0	10	0.00
35   42	|	0	0	0	0	6	0.00
35   43	|	0	2	0	0	3	0.00
35   45	|	0	3	2	2	52	0.00
35   46	|	0	1	0	0	7	0.00
35   47	|	0	0	0	0	3	0.00
35   48	|	0	0	0	0	13	0.00
35   49	|	0	0	1	0	3	0.00
35   50	|	0	0	0	0	4	0.00
35   51	|	0	1	3	2	42	0.00
35   52	|	0	0	0	0	4	0.00
35   53	|	0	0	0	1	12	0.00

36   1	|	0	1	0	0	0	 - 
36   3	|	0	1	0	0	2	0.00
36   7	|	0	1	1	0	5	0.00
36   9	|	0	1	0	0	5	0.00
36   11	|	0	1	0	0	0	 - 
36   12	|	0	1	0	0	12	0.00
36   13	|	0	1	1	0	12	0.00
36   14	|	0	1	0	0	2	0.00
36   15	|	0	1	1	0	2	0.00
36   17	|	0	0	0	0	3	0.00
36   19	|	0	1	5	3	96	0.00
36   20	|	0	1	0	0	8	0.00
36   21	|	0	0	0	0	1	0.00
36   22	|	0	0	0	0	24	0.00
36   23	|	0	0	1	0	11	0.00
36   24	|	0	0	1	0	2	0.00
36   25	|	0	2	4	1	40	0.00
36   26	|	1	0	1	0	10	0.08
36   27	|	0	0	0	0	1	0.00
36   30	|	0	0	0	0	3	0.00
36   32	|	0	1	0	0	3	0.00
36   34	|	0	1	0	0	5	0.00
36   35	|	0	0	0	0	1	0.00
36   36	|	0	1	1	0	0	0.00
36   37	|	0	0	0	0	2	0.00
36   40	|	0	0	0	1	20	0.00
36   41	|	0	2	1	0	30	0.00
36   44	|	0	1	0	0	0	 - 
36   45	|	0	0	1	0	3	0.00
36   46	|	0	0	0	0	1	0.00
36   51	|	0	0	0	0	3	0.00
36   52	|	0	0	0	0	1	0.00
36   53	|	0	1	0	0	2	0.00

37   1	|	0	2	1	0	1	0.00
37   3	|	0	1	1	0	2	0.00
37   7	|	0	1	0	1	4	0.00
37   9	|	0	1	0	0	1	0.00
37   12	|	0	0	0	0	9	0.00
37   13	|	0	1	0	0	5	0.00
37   15	|	0	1	0	0	2	0.00
37   18	|	0	0	0	0	2	0.00
37   19	|	1	5	1	0	52	0.02
37   20	|	0	0	0	0	7	0.00
37   21	|	0	0	1	0	2	0.00
37   22	|	0	0	0	0	22	0.00
37   23	|	1	3	2	0	45	0.02
37   24	|	0	2	2	0	22	0.00
37   25	|	0	1	1	0	29	0.00
37   26	|	0	1	0	1	8	0.00
37   27	|	0	1	1	0	3	0.00
37   29	|	0	0	0	0	1	0.00
37   30	|	0	0	0	0	1	0.00
37   32	|	0	0	0	0	1	0.00
37   34	|	0	0	0	0	3	0.00
37   35	|	0	0	0	0	2	0.00
37   36	|	0	1	0	0	2	0.00
37   37	|	0	0	0	0	6	0.00
37   39	|	0	0	1	0	1	0.00
37   40	|	0	1	0	0	5	0.00
37   41	|	0	2	2	2	35	0.00
37   42	|	0	1	0	2	33	0.00
37   43	|	0	2	0	0	9	0.00
37   44	|	0	0	1	0	0	0.00
37   45	|	0	3	10	3	193	0.00
37   46	|	0	4	3	2	62	0.00
37   47	|	0	0	0	1	14	0.00
37   48	|	0	2	1	0	67	0.00
37   49	|	0	1	0	1	22	0.00
37   50	|	0	1	0	0	14	0.00
37   51	|	1	2	5	0	195	0.00
37   52	|	0	0	0	1	3	0.00
37   53	|	0	0	2	0	50	0.00

38   3	|	0	1	0	0	0	 - 
38   7	|	0	1	0	1	3	0.00
38   9	|	0	1	0	0	3	0.00
38   12	|	0	1	2	0	4	0.00
38   13	|	0	0	0	0	8	0.00
38   15	|	0	0	0	0	2	0.00
38   17	|	0	0	0	0	1	0.00
38   19	|	0	0	2	0	58	0.00
38   20	|	0	0	0	0	14	0.00
38   22	|	0	0	0	0	18	0.00
38   23	|	0	0	0	0	4	0.00
38   24	|	0	0	0	0	1	0.00
38   25	|	0	1	0	0	18	0.00
38   26	|	0	0	0	0	5	0.00
38   28	|	0	0	0	0	1	0.00
38   30	|	0	0	0	0	3	0.00
38   34	|	0	2	0	1	4	0.00
38   36	|	0	0	0	0	5	0.00
38   37	|	0	0	0	0	1	0.00
38   40	|	0	0	0	0	11	0.00
38   41	|	0	2	1	1	18	0.00
38   43	|	0	0	0	0	2	0.00
38   45	|	0	0	0	0	3	0.00
38   52	|	0	0	0	0	1	0.00

39   7	|	0	0	1	0	0	0.00
39   12	|	0	0	0	0	1	0.00
39   19	|	0	0	1	0	6	0.00
39   22	|	0	1	0	0	0	 - 
39   23	|	0	0	1	0	2	0.00
39   24	|	0	0	0	0	1	0.00
39   25	|	0	0	0	0	3	0.00
39   26	|	0	0	0	0	2	0.00
39   36	|	0	1	0	0	0	 - 
39   40	|	0	0	0	0	1	0.00
39   41	|	0	0	0	0	1	0.00
39   42	|	0	0	0	0	1	0.00
39   45	|	0	1	2	0	8	0.00
39   46	|	0	0	0	0	1	0.00
39   47	|	0	0	0	0	1	0.00
39   49	|	0	0	0	0	2	0.00
39   51	|	0	0	1	0	6	0.00
39   53	|	0	0	0	0	3	0.00

40   1	|	0	2	1	0	1	0.00
40   2	|	0	1	0	0	0	 - 
40   3	|	0	8	0	1	2	0.00
40   7	|	0	13	1	0	3	0.00
40   9	|	0	13	0	0	2	0.00
40   11	|	0	2	0	0	0	 - 
40   12	|	0	3	3	0	3	0.00
40   14	|	0	4	1	0	0	0.00
40   22	|	0	1	0	0	6	0.00
40   32	|	0	3	0	0	0	 - 
40   34	|	1	4	0	0	1	0.50
40   36	|	0	2	0	0	2	0.00
40   37	|	0	1	0	0	1	0.00
40   40	|	0	5	2	0	3	0.00
40   41	|	0	5	1	1	3	0.00

41   1	|	1	12	0	0	1	0.50
41   3	|	1	14	2	0	1	0.25
41   7	|	1	29	3	0	6	0.10
41   9	|	0	6	2	1	4	0.00
41   11	|	0	2	0	0	1	0.00
41   33	|	0	0	1	0	0	0.00
41   36	|	0	9	2	0	7	0.00
41   40	|	0	10	3	1	8	0.00
41   44	|	0	1	1	0	1	0.00

42   1	|	0	14	1	0	1	0.00
42   2	|	0	1	0	0	0	 - 
42   3	|	1	13	1	0	1	0.33
42   7	|	0	20	1	0	7	0.00
42   9	|	0	11	1	0	3	0.00
42   10	|	0	1	0	0	0	 - 
42   29	|	0	0	0	0	1	0.00
42   30	|	0	1	0	1	0	0.00
42   32	|	0	3	1	0	2	0.00
42   36	|	0	6	1	0	4	0.00
42   38	|	0	1	0	0	1	0.00
42   40	|	1	5	0	1	14	0.06

43   3	|	0	3	1	1	0	0.00
43   9	|	0	2	2	0	3	0.00
43   33	|	0	0	0	0	1	0.00

44   1	|	0	2	0	0	0	 - 
44   3	|	0	1	1	0	3	0.00
44   9	|	0	1	0	0	0	 - 
44   14	|	0	1	1	0	1	0.00
44   35	|	0	0	0	0	1	0.00
44   37	|	0	0	0	0	2	0.00
44   48	|	0	0	1	0	10	0.00

45   1	|	0	1	0	0	0	 - 
45   3	|	0	1	0	0	0	 - 
45   9	|	0	1	1	0	0	0.00
45   34	|	0	1	0	0	0	 - 

46   1	|	0	1	0	0	0	 - 
46   16	|	0	0	0	0	1	0.00
46   37	|	0	1	0	0	3	0.00

47   3	|	1	0	0	0	0	1.00
47   7	|	0	1	0	0	0	 - 
47   22	|	0	0	0	0	1	0.00

48   1	|	0	1	0	0	0	 - 
48   3	|	0	1	0	0	0	 - 
48   7	|	0	2	0	0	1	0.00
48   9	|	0	0	0	0	1	0.00
48   12	|	0	1	0	0	0	 - 
48   14	|	0	2	0	0	0	 - 
48   41	|	0	1	0	0	4	0.00

50   1	|	0	27	6	1	4	0.00
50   2	|	0	1	0	0	0	 - 
50   3	|	0	25	2	0	7	0.00
50   5	|	0	2	0	0	0	 - 
50   7	|	1	17	2	0	7	0.10
50   8	|	0	0	0	0	1	0.00
50   9	|	0	7	2	0	2	0.00
50   10	|	0	1	0	0	0	 - 
50   12	|	0	9	0	2	4	0.00
50   14	|	0	4	2	0	2	0.00
50   30	|	0	0	2	0	0	0.00
50   32	|	1	1	2	0	1	0.25
50   34	|	1	10	3	0	1	0.20
50   36	|	0	7	0	1	3	0.00
50   38	|	0	2	0	0	0	 - 
50   40	|	0	8	2	0	7	0.00
50   43	|	0	1	0	0	0	 - 
50   44	|	0	1	0	1	1	0.00

51   1	|	0	52	3	1	5	0.00
51   2	|	0	5	1	0	0	0.00
51   3	|	2	81	5	0	14	0.10
51   9	|	1	49	14	3	13	0.03
51   10	|	0	1	0	0	3	0.00
51   11	|	0	4	0	0	3	0.00
51   14	|	1	6	1	0	9	0.09
51   29	|	0	0	0	0	2	0.00
51   33	|	1	1	0	0	0	1.00

52   1	|	0	28	4	0	2	0.00
52   3	|	1	42	8	1	12	0.05
52   5	|	0	1	0	0	0	 - 
52   9	|	2	24	3	1	11	0.12
52   10	|	0	0	0	0	1	0.00
52   11	|	0	4	0	0	1	0.00
52   16	|	0	0	0	0	1	0.00
52   18	|	0	0	0	0	5	0.00
52   38	|	0	1	0	0	2	0.00
52   44	|	0	1	1	0	5	0.00

53   1	|	0	7	0	0	0	 - 
53   6	|	0	1	0	0	0	 - 
53   11	|	0	1	0	0	0	 - 
53   36	|	0	7	1	0	17	0.00
53   44	|	0	0	0	0	2	0.00

54   1	|	0	5	2	0	1	0.00
54   43	|	0	1	1	0	4	0.00

55   1	|	0	4	1	0	0	0.00
55   3	|	0	2	0	0	1	0.00
55   7	|	1	2	0	0	1	0.50
55   9	|	0	1	0	0	1	0.00


57   1	|	0	1	0	0	0	 - 
57   10	|	0	0	0	0	1	0.00
57   30	|	0	0	0	1	0	0.00

58   1	|	0	4	0	0	1	0.00
58   3	|	0	3	1	0	1	0.00
58   8	|	1	0	0	0	0	1.00
58   13	|	0	0	1	0	1	0.00
58   48	|	0	0	0	0	1	0.00

60   1	|	0	1	1	0	0	0.00
60   3	|	0	1	0	0	0	 - 
60   12	|	0	0	0	0	2	0.00
60   13	|	0	1	0	0	1	0.00
60   14	|	0	1	0	0	0	 - 
60   15	|	0	1	0	0	2	0.00
60   22	|	0	0	0	0	1	0.00
60   24	|	0	0	0	0	3	0.00
60   28	|	0	1	0	0	0	 - 
60   34	|	0	0	0	0	1	0.00
60   38	|	0	1	0	0	0	 - 
60   39	|	0	1	0	0	0	 - 
60   40	|	0	0	0	0	1	0.00
60   41	|	0	1	0	0	11	0.00
60   42	|	0	1	2	0	7	0.00
60   43	|	0	0	0	0	1	0.00
60   48	|	0	0	0	0	11	0.00
60   49	|	0	0	1	0	1	0.00
60   52	|	0	0	0	0	1	0.00
60   53	|	0	2	0	0	8	0.00

61   3	|	0	1	0	0	1	0.00
61   4	|	0	1	0	0	0	 - 
61   7	|	0	1	0	0	0	 - 
61   13	|	0	0	1	0	2	0.00
61   15	|	0	1	1	0	0	0.00
61   16	|	0	0	0	0	1	0.00
61   22	|	0	0	1	0	2	0.00
61   23	|	0	1	0	0	3	0.00
61   24	|	0	0	0	0	1	0.00
61   32	|	0	1	0	0	0	 - 
61   36	|	0	1	0	0	0	 - 
61   37	|	0	1	0	0	0	 - 
61   40	|	0	0	0	1	0	0.00
61   41	|	0	1	1	0	7	0.00
61   42	|	0	0	0	0	5	0.00
61   43	|	0	0	0	0	1	0.00
61   48	|	0	1	0	0	4	0.00
61   50	|	0	0	0	0	1	0.00
61   52	|	0	0	0	0	2	0.00
61   53	|	0	3	0	0	3	0.00

71   12	|	0	1	0	0	1	0.00
71   13	|	0	0	0	0	1	0.00
71   22	|	0	0	1	0	1	0.00
71   23	|	0	0	0	0	6	0.00
71   24	|	0	0	1	0	0	0.00
71   30	|	0	0	0	0	3	0.00
71   33	|	0	1	0	0	0	 - 
71   36	|	0	0	1	0	1	0.00
71   37	|	0	0	0	0	1	0.00
71   41	|	1	1	0	1	3	0.20
71   42	|	0	0	1	0	3	0.00
71   43	|	0	0	0	0	1	0.00
71   48	|	0	0	0	0	5	0.00
71   49	|	0	0	0	0	1	0.00
71   52	|	0	2	0	0	1	0.00
71   53	|	0	0	0	0	3	0.00

72   1	|	0	1	0	0	0	 - 
72   3	|	0	0	0	0	1	0.00
72   13	|	0	1	0	0	1	0.00
72   15	|	0	0	0	0	1	0.00
72   22	|	0	0	1	0	1	0.00
72   23	|	0	2	1	0	1	0.00
72   24	|	0	1	0	0	1	0.00
72   29	|	1	0	0	0	0	1.00
72   41	|	0	0	2	0	1	0.00
72   42	|	0	0	0	0	1	0.00
72   43	|	0	0	0	0	1	0.00
72   48	|	0	0	0	0	1	0.00
72   49	|	0	0	0	0	1	0.00
72   52	|	0	0	0	0	1	0.00
72   53	|	0	0	0	0	5	0.00

80   1	|	0	7	0	0	1	0.00
80   3	|	0	6	2	0	1	0.00
80   5	|	0	1	0	0	0	 - 
80   7	|	0	2	1	0	0	0.00
80   8	|	0	0	0	0	1	0.00
80   9	|	1	3	0	0	1	0.50
80   12	|	1	1	0	0	2	0.33
80   14	|	0	1	0	0	0	 - 
80   15	|	0	0	0	0	1	0.00
80   19	|	0	0	3	0	16	0.00
80   20	|	0	0	0	0	1	0.00
80   21	|	0	0	1	0	1	0.00
80   22	|	0	0	0	0	3	0.00
80   23	|	0	2	0	0	4	0.00
80   24	|	0	0	0	0	1	0.00
80   25	|	0	0	0	0	6	0.00
80   26	|	0	1	0	0	2	0.00
80   32	|	0	1	0	0	0	 - 
80   34	|	1	0	0	0	2	0.33
80   36	|	0	3	0	0	2	0.00
80   37	|	0	0	0	0	1	0.00
80   38	|	2	0	0	0	0	1.00
80   40	|	1	1	0	0	0	1.00
80   41	|	1	4	0	0	12	0.08
80   42	|	0	0	0	0	3	0.00
80   43	|	0	0	0	0	1	0.00
80   45	|	0	2	1	0	28	0.00
80   46	|	0	0	0	0	8	0.00
80   47	|	0	1	0	0	2	0.00
80   48	|	0	1	0	0	5	0.00
80   49	|	0	0	0	0	2	0.00
80   50	|	0	0	0	0	2	0.00
80   51	|	0	0	1	0	18	0.00
80   52	|	0	0	0	0	4	0.00
80   53	|	0	0	1	0	3	0.00

81   1	|	0	2	0	0	0	 - 
81   3	|	0	0	0	0	1	0.00
81   12	|	0	0	0	0	1	0.00
81   19	|	0	3	2	0	1	0.00
81   32	|	0	0	0	0	1	0.00
81   34	|	0	0	0	0	1	0.00
81   36	|	0	0	1	0	0	0.00
81   40	|	0	1	0	0	0	 - 
81   41	|	0	1	0	0	0	 - 
81   43	|	0	1	0	0	0	 - 
81   45	|	0	1	0	0	0	 - 
81   46	|	0	0	0	0	2	0.00

82   1	|	0	3	1	0	1	0.00
82   2	|	0	0	0	0	1	0.00
82   3	|	0	3	2	0	2	0.00
82   4	|	0	1	0	0	0	 - 
82   5	|	0	1	0	0	0	 - 
82   7	|	0	2	0	0	1	0.00
82   9	|	0	1	1	0	1	0.00
82   12	|	0	2	0	0	2	0.00
82   13	|	0	0	0	1	2	0.00
82   14	|	0	1	0	0	0	 - 
82   15	|	0	1	0	0	0	 - 
82   19	|	0	2	2	0	10	0.00
82   21	|	0	1	0	0	0	 - 
82   22	|	0	0	0	0	2	0.00
82   23	|	0	0	0	1	4	0.00
82   24	|	0	0	1	0	7	0.00
82   25	|	0	1	1	0	2	0.00
82   26	|	0	0	0	0	3	0.00
82   27	|	0	0	1	0	0	0.00
82   30	|	0	0	1	0	0	0.00
82   32	|	0	1	0	0	0	 - 
82   34	|	0	1	0	0	1	0.00
82   36	|	0	1	2	0	1	0.00
82   37	|	0	0	0	0	1	0.00
82   40	|	1	1	1	0	3	0.20
82   41	|	1	0	2	0	7	0.10
82   42	|	0	2	0	0	4	0.00
82   43	|	0	1	0	0	1	0.00
82   45	|	0	1	3	0	28	0.00
82   46	|	0	0	0	0	6	0.00
82   47	|	0	0	1	0	0	0.00
82   48	|	0	0	0	0	5	0.00
82   49	|	0	0	1	0	2	0.00
82   50	|	1	0	0	0	1	0.50
82   51	|	0	1	2	0	13	0.00
82   52	|	0	0	0	0	2	0.00
82   53	|	0	0	0	0	6	0.00

83   1	|	0	0	1	0	0	0.00
83   3	|	0	0	1	0	0	0.00
83   8	|	0	1	0	0	0	 - 
83   9	|	0	1	0	0	0	 - 
83   18	|	0	0	1	0	0	0.00
83   19	|	0	0	0	0	1	0.00
83   34	|	0	1	0	0	0	 - 
83   36	|	0	2	0	0	0	 - 
83   48	|	0	0	0	0	1	0.00
83   52	|	0	0	0	0	1	0.00

84   1	|	0	1	0	0	1	0.00
84   3	|	0	3	0	0	0	 - 
84   7	|	0	1	1	0	0	0.00
84   19	|	1	2	0	0	0	1.00
84   20	|	0	0	0	0	1	0.00
84   22	|	0	0	0	0	1	0.00
84   25	|	0	0	0	0	2	0.00
84   26	|	0	0	0	0	1	0.00
84   34	|	0	1	0	0	0	 - 
84   36	|	0	0	0	0	1	0.00
84   40	|	0	1	1	0	0	0.00
84   41	|	0	2	0	0	0	 - 
84   46	|	0	0	0	0	1	0.00
84   53	|	0	0	1	0	0	0.00

86   7	|	0	0	0	0	1	0.00
86   8	|	0	0	0	0	1	0.00
86   10	|	0	0	0	0	1	0.00
86   12	|	0	0	0	0	1	0.00
86   13	|	0	1	0	0	1	0.00
86   14	|	0	0	0	0	1	0.00
86   15	|	0	0	0	0	2	0.00
86   19	|	0	0	2	0	16	0.00
86   20	|	0	0	1	0	4	0.00
86   22	|	0	0	0	0	7	0.00
86   23	|	0	0	0	0	11	0.00
86   24	|	0	0	0	0	2	0.00
86   25	|	0	0	1	0	12	0.00
86   26	|	0	0	0	1	4	0.00
86   27	|	0	0	0	0	4	0.00
86   34	|	0	0	0	0	1	0.00
86   40	|	0	0	0	0	1	0.00
86   41	|	0	1	0	0	9	0.00
86   42	|	0	0	0	1	3	0.00
86   43	|	0	1	0	0	1	0.00
86   45	|	0	0	0	0	26	0.00
86   46	|	0	0	0	0	5	0.00
86   48	|	0	0	0	0	9	0.00
86   51	|	0	0	0	0	25	0.00
86   52	|	0	0	0	0	2	0.00
86   53	|	0	0	0	0	4	0.00

