0   2	|	8	0	0	0	4	0.67
0   3	|	1	0	0	1	1	0.33
0   4	|	2	2	0	0	2	0.50
0   5	|	2	1	0	0	1	0.67
0   7	|	0	0	0	0	1	0.00
0   8	|	0	0	0	0	1	0.00
0   9	|	0	0	0	2	5	0.00
0   10	|	4	1	0	0	0	1.00
0   12	|	0	0	0	0	1	0.00
0   13	|	2	1	0	0	1	0.67
0   15	|	1	1	0	0	4	0.20
0   22	|	0	0	0	0	6	0.00
0   23	|	0	0	0	0	2	0.00
0   32	|	0	0	0	0	1	0.00
0   33	|	0	0	0	0	1	0.00
0   34	|	1	0	0	0	3	0.25
0   35	|	0	1	0	0	0	 - 
0   36	|	0	0	0	0	1	0.00
0   37	|	1	0	0	0	2	0.33
0   40	|	0	0	0	0	2	0.00
0   41	|	1	1	0	1	7	0.11
0   43	|	0	0	0	1	0	0.00
0   52	|	1	0	0	0	1	0.50
0   53	|	0	0	0	1	1	0.00

1   1	|	1	0	0	0	1	0.50
1   2	|	5	2	0	0	6	0.45
1   3	|	2	3	0	0	0	1.00
1   4	|	5	2	0	0	3	0.63
1   5	|	4	0	0	0	1	0.80
1   7	|	1	0	0	0	0	1.00
1   8	|	1	0	0	0	0	1.00
1   9	|	3	0	0	1	4	0.38
1   10	|	3	1	0	0	2	0.60
1   12	|	0	0	0	0	4	0.00
1   13	|	6	3	0	1	11	0.33
1   15	|	2	0	0	1	2	0.40
1   22	|	1	0	0	0	2	0.33
1   23	|	2	0	0	0	1	0.67
1   28	|	1	0	0	0	1	0.50
1   29	|	0	0	0	1	0	0.00
1   30	|	0	0	0	0	1	0.00
1   32	|	1	0	0	0	0	1.00
1   33	|	1	0	0	0	1	0.50
1   34	|	1	0	0	0	0	1.00
1   35	|	1	2	0	0	4	0.20
1   36	|	0	1	0	1	4	0.00
1   37	|	6	0	0	1	1	0.75
1   40	|	3	2	0	1	5	0.33
1   41	|	3	1	0	0	12	0.20
1   43	|	0	0	0	0	1	0.00
1   52	|	0	0	0	0	3	0.00

10   1	|	31	13	0	0	12	0.72
10   2	|	3	1	0	0	0	1.00
10   3	|	39	24	0	0	21	0.65
10   4	|	2	1	0	0	1	0.67
10   5	|	0	0	0	0	2	0.00
10   6	|	0	0	0	0	1	0.00
10   7	|	10	7	0	0	15	0.40
10   9	|	18	11	0	0	13	0.58
10   10	|	1	1	0	0	0	1.00
10   11	|	1	0	0	0	0	1.00
10   12	|	12	6	0	3	12	0.44
10   13	|	3	10	0	0	11	0.21
10   14	|	2	3	0	2	2	0.33
10   15	|	1	3	0	0	2	0.33
10   17	|	0	1	0	0	0	 - 
10   18	|	0	1	0	0	3	0.00
10   22	|	8	6	0	2	7	0.47
10   23	|	7	2	0	1	20	0.25
10   24	|	2	3	0	1	5	0.25
10   28	|	0	0	0	0	2	0.00
10   30	|	0	0	0	1	2	0.00
10   32	|	4	4	0	0	3	0.57
10   33	|	2	0	0	0	0	1.00
10   34	|	16	15	0	2	16	0.47
10   35	|	0	3	0	0	2	0.00
10   36	|	8	8	0	0	8	0.50
10   37	|	2	1	0	0	11	0.15
10   38	|	1	0	0	0	1	0.50
10   39	|	0	1	0	0	1	0.00
10   40	|	7	7	0	1	10	0.39
10   41	|	30	15	0	3	47	0.38
10   42	|	5	5	0	2	9	0.31
10   43	|	1	1	0	0	4	0.20
10   44	|	1	0	0	0	0	1.00
10   48	|	5	1	0	0	12	0.29
10   50	|	0	0	0	0	2	0.00
10   52	|	2	0	0	2	9	0.15
10   53	|	4	3	0	2	19	0.16

11   1	|	50	27	0	0	32	0.61
11   2	|	4	3	0	0	4	0.50
11   3	|	86	46	0	1	62	0.58
11   4	|	1	3	0	0	2	0.33
11   5	|	3	0	0	0	1	0.75
11   6	|	4	0	0	0	0	1.00
11   7	|	38	19	0	0	35	0.52
11   8	|	1	1	0	0	2	0.33
11   9	|	22	17	0	3	23	0.46
11   10	|	2	0	0	0	1	0.67
11   11	|	3	0	0	0	1	0.75
11   12	|	26	13	0	1	45	0.36
11   13	|	6	4	0	3	30	0.15
11   14	|	4	3	0	0	8	0.33
11   15	|	4	0	0	0	12	0.25
11   17	|	0	1	0	0	1	0.00
11   18	|	0	2	0	0	4	0.00
11   22	|	15	4	0	1	72	0.17
11   23	|	7	8	0	4	93	0.07
11   24	|	10	5	0	6	35	0.20
11   28	|	1	0	0	1	1	0.33
11   29	|	0	1	0	0	1	0.00
11   30	|	0	0	0	0	4	0.00
11   32	|	11	8	0	0	9	0.55
11   34	|	19	18	0	2	34	0.35
11   35	|	4	2	0	0	9	0.31
11   36	|	17	13	0	2	36	0.31
11   37	|	6	5	0	2	16	0.25
11   38	|	4	1	0	0	4	0.50
11   39	|	1	1	0	2	2	0.20
11   40	|	18	8	0	0	43	0.30
11   41	|	76	43	0	3	129	0.37
11   42	|	4	17	0	4	60	0.06
11   43	|	3	5	0	1	17	0.14
11   44	|	4	1	0	0	4	0.50
11   48	|	11	5	0	5	98	0.10
11   49	|	1	0	0	1	11	0.08
11   50	|	2	1	0	1	3	0.33
11   52	|	0	0	0	2	25	0.00
11   53	|	10	0	0	2	83	0.11

12   1	|	34	28	0	0	19	0.64
12   2	|	2	2	0	0	0	1.00
12   3	|	78	35	0	2	35	0.68
12   4	|	1	1	0	0	1	0.50
12   5	|	1	1	0	0	1	0.50
12   6	|	1	0	0	0	1	0.50
12   7	|	23	15	0	2	33	0.40
12   8	|	1	2	0	0	2	0.33
12   9	|	23	18	0	0	28	0.45
12   10	|	1	0	0	0	1	0.50
12   11	|	1	0	0	0	1	0.50
12   12	|	18	9	0	0	29	0.38
12   13	|	3	4	0	2	27	0.09
12   14	|	0	1	0	0	9	0.00
12   15	|	1	0	0	0	12	0.08
12   17	|	0	0	0	0	2	0.00
12   18	|	1	0	0	1	6	0.13
12   22	|	2	5	0	0	49	0.04
12   23	|	5	1	0	6	88	0.05
12   24	|	5	7	0	3	30	0.13
12   28	|	0	0	0	0	4	0.00
12   29	|	0	1	0	0	0	 - 
12   30	|	0	0	0	0	9	0.00
12   32	|	7	3	0	0	11	0.39
12   33	|	2	0	0	0	0	1.00
12   34	|	13	8	0	0	21	0.38
12   35	|	3	1	0	0	7	0.30
12   36	|	15	7	0	1	26	0.36
12   37	|	6	0	0	2	24	0.19
12   38	|	0	2	0	0	0	 - 
12   39	|	0	0	0	0	1	0.00
12   40	|	6	2	0	2	28	0.17
12   41	|	44	26	0	7	84	0.33
12   42	|	4	2	0	0	35	0.10
12   43	|	3	0	0	0	16	0.16
12   44	|	0	0	0	0	2	0.00
12   48	|	8	1	0	1	68	0.10
12   49	|	0	0	0	0	13	0.00
12   50	|	0	0	0	0	1	0.00
12   52	|	0	0	0	2	18	0.00
12   53	|	3	1	0	3	57	0.05

13   1	|	13	3	0	0	4	0.76
13   2	|	1	0	0	0	0	1.00
13   3	|	20	13	0	0	14	0.59
13   4	|	0	0	0	0	2	0.00
13   5	|	1	0	0	0	2	0.33
13   6	|	1	0	0	0	0	1.00
13   7	|	7	6	0	0	19	0.27
13   8	|	0	2	0	0	0	 - 
13   9	|	9	1	0	1	12	0.41
13   10	|	3	0	0	0	2	0.60
13   11	|	0	0	0	0	1	0.00
13   12	|	2	4	0	2	21	0.08
13   13	|	2	0	0	3	28	0.06
13   14	|	1	0	0	0	4	0.20
13   15	|	3	1	0	0	17	0.15
13   17	|	0	0	0	0	1	0.00
13   18	|	1	0	0	0	4	0.20
13   22	|	2	0	0	1	49	0.04
13   23	|	4	1	0	5	79	0.05
13   24	|	3	0	0	2	15	0.15
13   28	|	0	0	0	0	3	0.00
13   30	|	0	0	0	0	3	0.00
13   32	|	2	1	0	0	2	0.50
13   33	|	0	1	0	0	3	0.00
13   34	|	4	6	0	0	18	0.18
13   35	|	6	1	0	1	10	0.35
13   36	|	5	3	0	1	14	0.25
13   37	|	9	0	0	3	12	0.38
13   38	|	0	0	0	0	2	0.00
13   39	|	0	0	0	0	3	0.00
13   40	|	7	2	0	3	25	0.20
13   41	|	19	9	0	2	65	0.22
13   42	|	4	5	0	4	50	0.07
13   43	|	3	2	0	0	6	0.33
13   44	|	0	1	0	1	3	0.00
13   48	|	5	0	0	0	47	0.10
13   49	|	0	0	0	1	11	0.00
13   50	|	0	0	0	0	3	0.00
13   52	|	0	0	0	0	16	0.00
13   53	|	4	3	0	0	44	0.08

14   1	|	12	2	0	0	4	0.75
14   2	|	0	1	0	0	0	 - 
14   3	|	16	7	0	0	10	0.62
14   5	|	1	0	0	0	0	1.00
14   7	|	4	3	0	0	8	0.33
14   8	|	0	0	0	0	2	0.00
14   9	|	3	2	0	0	17	0.15
14   10	|	1	0	0	0	0	1.00
14   11	|	1	0	0	0	1	0.50
14   12	|	3	2	0	0	21	0.13
14   13	|	1	0	0	0	13	0.07
14   14	|	0	1	0	1	2	0.00
14   15	|	1	0	0	1	10	0.08
14   16	|	0	2	0	0	0	 - 
14   18	|	0	0	0	0	1	0.00
14   22	|	9	1	0	2	44	0.16
14   23	|	4	3	0	4	78	0.05
14   24	|	2	1	0	0	23	0.08
14   28	|	0	0	0	0	5	0.00
14   29	|	0	0	0	0	1	0.00
14   30	|	0	0	0	0	2	0.00
14   32	|	4	1	0	0	1	0.80
14   34	|	1	2	0	1	12	0.07
14   35	|	3	1	0	0	4	0.43
14   36	|	6	3	0	1	19	0.23
14   37	|	2	2	0	1	22	0.08
14   38	|	0	0	0	1	0	0.00
14   39	|	0	0	0	0	3	0.00
14   40	|	3	2	0	0	17	0.15
14   41	|	15	5	0	1	61	0.19
14   42	|	1	2	0	2	55	0.02
14   43	|	1	0	0	0	6	0.14
14   44	|	0	0	0	0	2	0.00
14   48	|	11	1	0	0	78	0.12
14   49	|	4	1	0	1	14	0.21
14   50	|	0	0	0	0	4	0.00
14   52	|	0	1	0	0	15	0.00
14   53	|	3	0	0	0	23	0.12

15   1	|	4	1	0	0	1	0.80
15   3	|	4	1	0	0	3	0.57
15   7	|	0	0	0	0	1	0.00
15   9	|	0	0	0	0	1	0.00
15   12	|	1	0	0	0	3	0.25
15   13	|	1	0	0	0	0	1.00
15   23	|	0	0	0	0	2	0.00
15   24	|	0	0	0	0	1	0.00
15   32	|	1	0	0	0	0	1.00
15   34	|	0	1	0	0	0	 - 
15   36	|	2	1	0	0	0	1.00
15   40	|	0	0	0	0	1	0.00
15   41	|	3	3	0	0	3	0.50
15   42	|	0	1	0	0	0	 - 
15   48	|	1	0	0	0	1	0.50
15   52	|	0	0	0	0	3	0.00

16   1	|	12	5	0	0	3	0.80
16   2	|	0	1	0	0	1	0.00
16   3	|	12	9	0	0	13	0.48
16   4	|	1	1	0	0	8	0.11
16   5	|	1	1	0	0	3	0.25
16   6	|	1	0	0	0	0	1.00
16   7	|	6	8	0	0	20	0.23
16   8	|	1	1	0	0	3	0.25
16   9	|	5	5	0	0	18	0.22
16   10	|	2	0	0	0	3	0.40
16   11	|	1	0	0	0	1	0.50
16   12	|	4	3	0	3	31	0.11
16   13	|	13	14	0	3	50	0.20
16   14	|	3	1	0	0	5	0.38
16   15	|	1	1	0	2	17	0.05
16   16	|	0	1	0	0	1	0.00
16   17	|	0	0	0	0	3	0.00
16   18	|	1	0	0	0	5	0.17
16   22	|	12	6	0	3	74	0.13
16   23	|	26	10	0	8	125	0.16
16   24	|	10	6	0	2	29	0.24
16   28	|	2	0	0	2	4	0.25
16   29	|	0	0	0	0	2	0.00
16   30	|	2	0	0	0	9	0.18
16   32	|	3	1	0	2	7	0.25
16   33	|	0	2	0	0	1	0.00
16   34	|	5	6	0	0	23	0.18
16   35	|	3	2	0	0	14	0.18
16   36	|	7	5	0	1	30	0.18
16   37	|	13	8	0	2	49	0.20
16   38	|	2	0	0	0	1	0.67
16   39	|	0	1	0	0	8	0.00
16   40	|	7	2	0	1	48	0.13
16   41	|	28	13	0	7	118	0.18
16   42	|	24	17	0	2	76	0.24
16   43	|	4	0	0	0	8	0.33
16   44	|	0	0	0	0	3	0.00
16   48	|	9	4	0	4	87	0.09
16   49	|	2	1	0	0	12	0.14
16   50	|	0	1	0	0	4	0.00
16   52	|	4	2	0	3	46	0.08
16   53	|	12	4	0	4	84	0.12

17   1	|	1	0	0	0	1	0.50
17   3	|	1	0	0	0	1	0.50
17   7	|	2	0	0	0	1	0.67
17   9	|	1	0	0	0	1	0.50
17   10	|	0	0	0	0	1	0.00
17   12	|	2	0	0	0	1	0.67
17   13	|	1	3	0	0	0	1.00
17   22	|	2	0	0	0	1	0.67
17   23	|	1	1	0	1	4	0.17
17   24	|	0	0	0	0	2	0.00
17   32	|	1	1	0	0	0	1.00
17   33	|	0	0	0	0	1	0.00
17   34	|	0	1	0	0	0	 - 
17   35	|	0	0	0	0	1	0.00
17   36	|	0	0	0	0	1	0.00
17   37	|	1	0	0	0	1	0.50
17   38	|	0	0	0	0	1	0.00
17   39	|	0	0	0	0	1	0.00
17   40	|	1	0	0	0	2	0.33
17   41	|	0	1	0	0	9	0.00
17   42	|	3	3	0	0	1	0.75
17   43	|	0	0	0	1	0	0.00
17   48	|	1	0	0	0	3	0.25
17   49	|	1	0	0	0	0	1.00
17   50	|	0	0	0	0	2	0.00
17   52	|	1	1	0	0	2	0.33
17   53	|	4	0	0	0	4	0.50

18   1	|	2	0	0	0	1	0.67
18   2	|	1	0	0	0	0	1.00
18   3	|	2	5	0	0	2	0.50
18   7	|	1	0	0	0	1	0.50
18   9	|	0	0	0	0	2	0.00
18   12	|	0	0	0	0	1	0.00
18   13	|	1	0	0	0	0	1.00
18   14	|	1	0	0	0	0	1.00
18   22	|	0	0	0	0	1	0.00
18   24	|	0	0	0	0	1	0.00
18   32	|	0	0	0	0	1	0.00
18   33	|	0	0	0	0	1	0.00
18   34	|	0	1	0	0	0	 - 
18   36	|	1	0	0	0	1	0.50
18   37	|	1	0	0	0	0	1.00
18   40	|	2	0	0	0	0	1.00
18   41	|	3	0	0	0	2	0.60
18   43	|	0	2	0	0	1	0.00
18   52	|	0	1	0	0	0	 - 
18   53	|	0	0	0	0	1	0.00

20   1	|	4	3	0	0	2	0.67
20   3	|	5	0	0	0	5	0.50
20   4	|	0	1	0	0	0	 - 
20   5	|	1	1	0	0	1	0.50
20   6	|	0	0	0	0	1	0.00
20   7	|	2	4	0	0	0	1.00
20   9	|	1	0	0	0	2	0.33
20   10	|	0	0	0	0	1	0.00
20   11	|	0	0	0	0	1	0.00
20   12	|	5	0	0	0	3	0.63
20   13	|	1	0	0	1	2	0.25
20   14	|	0	0	0	0	2	0.00
20   15	|	0	1	0	0	5	0.00
20   17	|	0	1	0	0	0	 - 
20   18	|	0	1	0	0	0	 - 
20   22	|	0	1	0	0	9	0.00
20   23	|	0	1	0	0	8	0.00
20   24	|	0	3	0	0	5	0.00
20   28	|	0	0	0	0	1	0.00
20   30	|	0	0	0	0	1	0.00
20   31	|	0	2	0	0	0	 - 
20   32	|	0	0	0	0	1	0.00
20   34	|	2	0	0	0	1	0.67
20   35	|	0	0	0	0	2	0.00
20   36	|	1	0	0	1	1	0.33
20   37	|	3	0	0	0	2	0.60
20   40	|	0	1	0	0	2	0.00
20   41	|	2	3	0	2	9	0.15
20   42	|	2	0	0	0	5	0.29
20   43	|	2	0	0	0	1	0.67
20   44	|	0	1	0	0	1	0.00
20   48	|	3	0	0	0	9	0.25
20   49	|	2	1	0	1	9	0.17
20   50	|	0	1	0	0	0	 - 
20   52	|	2	1	0	1	3	0.33
20   53	|	4	2	0	0	12	0.25

21   1	|	31	12	0	0	11	0.74
21   2	|	2	0	0	0	1	0.67
21   3	|	28	22	0	1	24	0.53
21   4	|	0	0	0	1	1	0.00
21   5	|	2	0	0	0	2	0.50
21   6	|	1	1	0	0	2	0.33
21   7	|	15	6	0	1	17	0.45
21   9	|	18	10	0	0	27	0.40
21   10	|	1	1	0	0	0	1.00
21   11	|	1	2	0	0	0	1.00
21   12	|	20	10	0	0	33	0.38
21   13	|	3	1	0	1	8	0.25
21   14	|	1	1	0	0	1	0.50
21   15	|	2	2	0	0	3	0.40
21   16	|	1	0	0	0	0	1.00
21   18	|	1	1	0	1	1	0.33
21   22	|	8	3	0	0	29	0.22
21   23	|	3	1	0	1	21	0.12
21   24	|	2	7	0	0	13	0.13
21   30	|	0	0	0	0	1	0.00
21   31	|	6	2	0	0	3	0.67
21   32	|	5	2	0	0	9	0.36
21   33	|	1	0	0	0	0	1.00
21   34	|	6	5	0	0	19	0.24
21   35	|	3	1	0	0	4	0.43
21   36	|	5	4	0	1	11	0.29
21   37	|	3	0	0	0	8	0.27
21   38	|	1	2	0	0	3	0.25
21   39	|	0	1	0	0	2	0.00
21   40	|	9	7	0	0	16	0.36
21   41	|	30	20	0	2	65	0.31
21   42	|	7	5	0	2	44	0.13
21   43	|	5	2	0	0	11	0.31
21   44	|	1	0	0	0	3	0.25
21   48	|	7	2	0	1	41	0.14
21   49	|	5	0	0	0	34	0.13
21   50	|	5	0	0	0	13	0.28
21   52	|	2	1	0	0	29	0.06
21   53	|	5	2	0	1	45	0.10

22   1	|	9	5	0	0	11	0.45
22   2	|	0	0	0	0	1	0.00
22   3	|	12	8	0	1	20	0.36
22   4	|	1	0	0	1	0	0.50
22   5	|	3	0	0	0	1	0.75
22   6	|	0	0	0	0	1	0.00
22   7	|	6	3	0	1	22	0.21
22   8	|	0	0	0	0	4	0.00
22   9	|	5	1	0	2	22	0.17
22   10	|	0	0	0	0	4	0.00
22   11	|	0	0	0	0	2	0.00
22   12	|	11	6	0	3	57	0.15
22   13	|	7	2	0	1	32	0.18
22   14	|	2	2	0	0	8	0.20
22   15	|	8	3	0	0	26	0.24
22   17	|	0	0	0	0	2	0.00
22   18	|	0	0	0	0	9	0.00
22   22	|	6	1	0	2	100	0.06
22   23	|	19	13	0	9	153	0.10
22   24	|	12	4	0	9	36	0.21
22   28	|	0	0	0	0	8	0.00
22   29	|	0	0	0	0	1	0.00
22   30	|	1	0	0	0	5	0.17
22   31	|	3	3	0	2	11	0.19
22   32	|	6	1	0	2	16	0.25
22   33	|	2	0	0	0	2	0.50
22   34	|	1	0	0	4	33	0.03
22   35	|	3	0	0	1	25	0.10
22   36	|	5	0	0	4	34	0.12
22   37	|	11	2	0	5	37	0.21
22   38	|	0	0	0	0	2	0.00
22   39	|	1	0	0	0	9	0.10
22   40	|	9	1	0	3	47	0.15
22   41	|	29	6	0	3	118	0.19
22   42	|	21	7	0	4	154	0.12
22   43	|	3	2	0	0	18	0.14
22   44	|	0	2	0	0	1	0.00
22   48	|	20	10	0	5	263	0.07
22   49	|	15	6	0	2	164	0.08
22   50	|	5	2	0	6	49	0.08
22   52	|	9	5	0	1	75	0.11
22   53	|	11	11	0	3	203	0.05

23   1	|	10	3	0	0	9	0.53
23   2	|	1	0	0	0	1	0.50
23   3	|	13	7	0	2	34	0.27
23   4	|	0	0	0	0	2	0.00
23   5	|	1	0	0	0	4	0.20
23   6	|	0	0	0	0	1	0.00
23   7	|	11	3	0	2	45	0.19
23   8	|	0	0	0	1	2	0.00
23   9	|	10	4	0	3	23	0.28
23   10	|	0	0	0	1	3	0.00
23   11	|	1	0	0	0	0	1.00
23   12	|	18	5	0	2	53	0.25
23   13	|	6	2	0	4	47	0.11
23   14	|	3	2	0	1	7	0.27
23   15	|	2	1	0	0	24	0.08
23   16	|	1	0	0	0	0	1.00
23   17	|	0	0	0	0	2	0.00
23   18	|	0	0	0	0	4	0.00
23   22	|	7	5	0	4	92	0.07
23   23	|	8	3	0	2	71	0.10
23   24	|	2	1	0	2	20	0.08
23   28	|	2	0	0	0	7	0.22
23   29	|	0	1	0	0	3	0.00
23   30	|	1	0	0	1	14	0.06
23   31	|	1	1	0	0	11	0.08
23   32	|	9	3	0	2	7	0.50
23   33	|	1	1	0	0	2	0.33
23   34	|	9	2	0	5	46	0.15
23   35	|	1	1	0	1	11	0.08
23   36	|	12	4	0	5	37	0.22
23   37	|	7	0	0	2	22	0.23
23   38	|	1	2	0	0	3	0.25
23   39	|	1	1	0	0	9	0.10
23   40	|	11	4	0	6	72	0.12
23   41	|	33	18	0	10	171	0.15
23   42	|	3	4	0	0	24	0.11
23   43	|	1	0	0	0	4	0.20
23   44	|	0	0	0	0	6	0.00
23   48	|	2	0	0	2	21	0.08
23   52	|	0	0	0	2	28	0.00
23   53	|	6	1	0	4	35	0.13

24   1	|	6	0	0	0	5	0.55
24   2	|	0	0	0	0	1	0.00
24   3	|	8	2	0	0	14	0.36
24   5	|	1	0	0	0	1	0.50
24   6	|	1	0	0	0	0	1.00
24   7	|	10	0	0	1	18	0.34
24   8	|	1	1	0	0	1	0.50
24   9	|	3	1	0	0	21	0.13
24   10	|	0	0	0	0	4	0.00
24   12	|	6	2	0	0	26	0.19
24   13	|	1	4	0	1	27	0.03
24   14	|	0	0	0	0	6	0.00
24   15	|	0	0	0	0	8	0.00
24   16	|	0	0	0	0	1	0.00
24   17	|	0	0	0	0	1	0.00
24   18	|	1	0	0	0	4	0.20
24   22	|	1	0	0	0	38	0.03
24   23	|	4	2	0	1	40	0.09
24   24	|	2	1	0	0	9	0.18
24   28	|	2	0	0	0	2	0.50
24   30	|	0	1	0	0	4	0.00
24   31	|	0	0	0	0	3	0.00
24   32	|	1	0	0	0	6	0.14
24   33	|	0	0	0	0	2	0.00
24   34	|	6	0	0	1	24	0.19
24   35	|	1	0	0	1	11	0.08
24   36	|	6	1	0	1	35	0.14
24   37	|	1	0	0	0	15	0.06
24   38	|	1	0	0	0	1	0.50
24   39	|	0	0	0	0	2	0.00
24   40	|	3	2	0	1	33	0.08
24   41	|	7	6	0	3	100	0.06
24   42	|	0	0	0	0	10	0.00
24   43	|	1	0	0	0	4	0.20
24   44	|	0	0	0	0	1	0.00
24   48	|	1	0	0	0	5	0.17
24   52	|	0	1	0	0	7	0.00
24   53	|	2	1	0	1	16	0.11

25   1	|	3	1	0	0	0	1.00
25   3	|	3	0	0	0	2	0.60
25   5	|	0	0	0	0	1	0.00
25   7	|	4	2	0	1	1	0.67
25   9	|	5	0	0	0	0	1.00
25   10	|	0	0	0	0	1	0.00
25   12	|	2	1	0	0	2	0.50
25   13	|	0	0	0	1	2	0.00
25   15	|	1	0	0	0	0	1.00
25   22	|	0	2	0	0	3	0.00
25   23	|	1	1	0	0	4	0.20
25   24	|	0	0	0	0	1	0.00
25   30	|	0	0	0	0	1	0.00
25   32	|	0	0	0	0	1	0.00
25   34	|	0	0	0	1	1	0.00
25   35	|	0	0	0	0	1	0.00
25   36	|	1	0	0	0	0	1.00
25   37	|	0	0	0	0	1	0.00
25   39	|	0	0	0	0	1	0.00
25   40	|	1	1	0	0	4	0.20
25   41	|	3	2	0	0	5	0.38
25   42	|	2	1	0	0	9	0.18
25   43	|	0	1	0	0	2	0.00
25   48	|	0	0	0	1	7	0.00
25   49	|	1	0	0	0	7	0.13
25   50	|	0	0	0	0	1	0.00
25   52	|	0	0	0	0	2	0.00
25   53	|	1	0	0	0	3	0.25

26   1	|	4	1	0	0	0	1.00
26   3	|	6	0	0	0	0	1.00
26   5	|	1	0	0	0	0	1.00
26   7	|	2	0	0	0	3	0.40
26   8	|	0	0	0	1	0	0.00
26   9	|	0	0	0	0	4	0.00
26   10	|	0	1	0	0	0	 - 
26   12	|	1	0	0	0	4	0.20
26   13	|	1	0	0	0	2	0.33
26   15	|	0	0	0	0	1	0.00
26   18	|	0	0	0	0	4	0.00
26   22	|	4	0	0	0	6	0.40
26   23	|	3	5	0	1	20	0.13
26   24	|	0	0	0	1	5	0.00
26   28	|	0	0	0	0	2	0.00
26   29	|	0	0	0	0	1	0.00
26   30	|	0	0	0	0	1	0.00
26   32	|	0	0	0	0	1	0.00
26   34	|	0	1	0	1	5	0.00
26   35	|	0	0	0	1	0	0.00
26   36	|	3	0	0	0	4	0.43
26   37	|	2	0	0	0	2	0.50
26   39	|	0	1	0	0	1	0.00
26   40	|	1	0	0	0	2	0.33
26   41	|	4	1	0	1	12	0.24
26   42	|	3	0	0	0	13	0.19
26   43	|	0	0	0	0	1	0.00
26   44	|	0	0	0	0	1	0.00
26   48	|	3	1	0	0	15	0.17
26   49	|	0	0	0	0	1	0.00
26   52	|	0	0	0	0	11	0.00
26   53	|	0	1	0	2	20	0.00

30   1	|	7	2	0	0	4	0.64
30   2	|	0	1	0	0	0	 - 
30   3	|	6	4	0	1	3	0.60
30   7	|	4	1	0	0	6	0.40
30   9	|	11	1	0	0	3	0.79
30   11	|	0	1	0	0	0	 - 
30   12	|	7	4	0	0	2	0.78
30   13	|	1	1	0	0	1	0.50
30   14	|	1	0	0	0	0	1.00
30   18	|	0	0	0	0	1	0.00
30   19	|	2	1	0	1	5	0.25
30   20	|	0	0	0	0	1	0.00
30   22	|	2	0	0	0	1	0.67
30   25	|	0	1	0	1	2	0.00
30   26	|	0	0	0	0	1	0.00
30   27	|	0	1	0	0	0	 - 
30   30	|	0	0	0	0	1	0.00
30   32	|	2	1	0	0	0	1.00
30   34	|	0	0	0	1	2	0.00
30   36	|	3	0	0	0	4	0.43
30   38	|	0	1	0	0	0	 - 
30   39	|	1	0	0	0	0	1.00
30   40	|	0	2	0	0	1	0.00
30   41	|	4	1	0	1	7	0.33
30   42	|	0	0	0	0	2	0.00
30   45	|	3	1	0	0	7	0.30
30   46	|	0	0	0	0	2	0.00
30   47	|	2	0	0	0	0	1.00
30   51	|	1	0	0	0	4	0.20
30   52	|	0	0	0	0	1	0.00
30   53	|	1	0	0	0	1	0.50

31   1	|	8	6	0	0	15	0.35
31   3	|	15	7	0	0	7	0.68
31   4	|	0	0	0	0	1	0.00
31   6	|	1	2	0	0	0	1.00
31   7	|	5	1	0	0	6	0.45
31   9	|	18	3	0	0	10	0.64
31   11	|	2	0	0	0	0	1.00
31   12	|	1	2	0	0	5	0.17
31   13	|	1	0	0	0	2	0.33
31   14	|	1	0	0	0	1	0.50
31   19	|	6	2	0	0	21	0.22
31   20	|	1	1	0	0	4	0.20
31   21	|	0	1	0	0	1	0.00
31   22	|	2	1	0	0	2	0.50
31   23	|	2	1	0	0	4	0.33
31   24	|	0	0	0	0	1	0.00
31   25	|	2	3	0	0	11	0.15
31   27	|	1	0	0	0	1	0.50
31   28	|	0	0	0	0	1	0.00
31   30	|	1	0	0	0	0	1.00
31   32	|	2	0	0	0	2	0.50
31   34	|	1	1	0	2	2	0.20
31   36	|	3	1	0	0	2	0.60
31   37	|	3	1	0	0	0	1.00
31   38	|	1	0	0	0	0	1.00
31   39	|	1	0	0	0	1	0.50
31   40	|	4	0	0	0	4	0.50
31   41	|	6	7	0	0	14	0.30
31   42	|	1	0	0	0	2	0.33
31   43	|	3	1	0	0	1	0.75
31   45	|	2	3	0	0	26	0.07
31   46	|	0	0	0	0	2	0.00
31   48	|	0	0	0	0	5	0.00
31   51	|	5	1	0	0	19	0.21
31   53	|	1	0	0	0	6	0.14

32   1	|	1	3	0	0	4	0.20
32   3	|	11	4	0	0	5	0.69
32   5	|	1	0	0	0	0	1.00
32   7	|	6	1	0	0	3	0.67
32   9	|	6	3	0	0	7	0.46
32   11	|	1	0	0	0	1	0.50
32   12	|	3	5	0	0	4	0.43
32   13	|	1	1	0	1	0	0.50
32   14	|	0	0	0	0	1	0.00
32   15	|	0	1	0	0	1	0.00
32   19	|	14	2	0	0	19	0.42
32   21	|	0	0	0	0	2	0.00
32   22	|	1	0	0	0	2	0.33
32   23	|	0	0	0	0	1	0.00
32   24	|	0	2	0	0	0	 - 
32   25	|	0	0	0	0	2	0.00
32   26	|	0	0	0	0	1	0.00
32   27	|	0	0	0	0	1	0.00
32   30	|	0	0	0	0	1	0.00
32   32	|	1	0	0	0	2	0.33
32   34	|	1	2	0	0	2	0.33
32   35	|	0	0	0	0	1	0.00
32   36	|	5	1	0	0	4	0.56
32   37	|	1	0	0	0	0	1.00
32   39	|	1	0	0	0	0	1.00
32   40	|	6	0	0	0	2	0.75
32   41	|	1	3	0	0	8	0.11
32   42	|	1	1	0	0	3	0.25
32   43	|	0	0	0	0	1	0.00
32   44	|	1	0	0	0	0	1.00
32   45	|	2	2	0	1	13	0.13
32   46	|	0	1	0	0	2	0.00
32   47	|	0	0	0	0	1	0.00
32   48	|	0	0	0	0	4	0.00
32   49	|	0	0	0	0	1	0.00
32   51	|	2	0	0	1	10	0.15
32   52	|	0	0	0	0	1	0.00
32   53	|	0	0	0	0	7	0.00

33   1	|	1	0	0	0	0	1.00
33   3	|	3	0	0	0	2	0.60
33   5	|	0	1	0	0	0	 - 
33   7	|	2	0	0	0	3	0.40
33   9	|	2	1	0	0	1	0.67
33   12	|	0	1	0	0	1	0.00
33   13	|	0	0	0	1	0	0.00
33   14	|	0	0	0	1	0	0.00
33   19	|	2	1	0	0	5	0.29
33   20	|	0	0	0	0	1	0.00
33   22	|	0	1	0	0	2	0.00
33   23	|	0	0	0	0	2	0.00
33   25	|	0	0	0	0	2	0.00
33   26	|	0	0	0	0	2	0.00
33   34	|	0	1	0	0	0	 - 
33   36	|	1	0	0	0	0	1.00
33   37	|	0	0	0	0	1	0.00
33   40	|	0	0	0	0	1	0.00
33   41	|	1	0	0	0	5	0.17
33   42	|	0	1	0	0	4	0.00
33   45	|	1	1	0	0	7	0.13
33   46	|	0	0	0	0	5	0.00
33   48	|	0	0	0	0	2	0.00
33   51	|	0	0	0	0	2	0.00
33   53	|	1	0	0	0	2	0.33

34   7	|	2	0	0	0	1	0.67
34   18	|	0	0	0	0	1	0.00
34   19	|	0	0	0	0	1	0.00
34   23	|	0	0	0	0	1	0.00
34   25	|	0	0	0	0	2	0.00
34   34	|	0	0	0	1	0	0.00
34   41	|	1	0	0	0	1	0.50
34   42	|	0	0	0	0	3	0.00
34   45	|	0	0	0	0	4	0.00
34   46	|	0	0	0	0	1	0.00
34   48	|	1	0	0	0	0	1.00
34   51	|	0	0	0	0	3	0.00
34   52	|	0	0	0	0	2	0.00

35   1	|	0	1	0	0	1	0.00
35   3	|	2	3	0	0	0	1.00
35   7	|	3	0	0	0	4	0.43
35   11	|	0	0	0	0	1	0.00
35   12	|	2	1	0	0	3	0.40
35   13	|	0	0	0	0	1	0.00
35   14	|	0	1	0	0	1	0.00
35   18	|	1	0	0	0	0	1.00
35   19	|	1	1	0	1	22	0.04
35   20	|	1	1	0	0	1	0.50
35   21	|	0	0	0	0	1	0.00
35   22	|	2	0	0	0	4	0.33
35   23	|	1	0	0	0	6	0.14
35   24	|	0	2	0	0	0	 - 
35   25	|	0	0	0	0	7	0.00
35   27	|	2	0	0	1	0	0.67
35   32	|	0	1	0	0	2	0.00
35   34	|	1	1	0	0	1	0.50
35   36	|	1	1	0	0	1	0.50
35   39	|	0	0	0	0	2	0.00
35   40	|	0	1	0	0	3	0.00
35   41	|	0	1	0	0	3	0.00
35   42	|	0	0	0	0	5	0.00
35   45	|	7	1	0	1	30	0.18
35   46	|	1	2	0	0	8	0.11
35   47	|	0	0	0	0	1	0.00
35   48	|	1	1	0	0	5	0.17
35   49	|	0	0	0	1	1	0.00
35   51	|	1	1	0	0	16	0.06
35   52	|	0	0	0	0	2	0.00
35   53	|	1	0	0	0	3	0.25

36   1	|	0	0	0	0	1	0.00
36   3	|	1	0	0	0	0	1.00
36   7	|	2	1	0	1	4	0.29
36   9	|	0	0	0	1	3	0.00
36   10	|	0	0	0	0	1	0.00
36   12	|	0	0	0	1	8	0.00
36   13	|	1	0	0	0	5	0.17
36   14	|	0	0	0	0	1	0.00
36   15	|	0	0	0	0	2	0.00
36   16	|	0	1	0	0	0	 - 
36   18	|	0	0	0	0	1	0.00
36   19	|	3	1	0	1	35	0.08
36   20	|	0	0	0	0	4	0.00
36   22	|	1	0	0	0	4	0.20
36   23	|	0	0	0	1	4	0.00
36   24	|	1	0	0	1	1	0.33
36   25	|	1	1	0	0	17	0.06
36   26	|	0	0	0	0	5	0.00
36   27	|	0	0	0	0	1	0.00
36   30	|	0	0	0	0	4	0.00
36   32	|	2	0	0	1	0	0.67
36   34	|	2	0	0	0	5	0.29
36   36	|	3	0	0	0	3	0.50
36   40	|	1	0	0	0	2	0.33
36   41	|	0	1	0	2	13	0.00
36   43	|	1	0	0	0	0	1.00
36   45	|	0	0	0	0	4	0.00
36   46	|	0	0	0	0	1	0.00
36   51	|	0	0	0	0	1	0.00
36   53	|	0	0	0	0	3	0.00

37   9	|	1	0	0	0	1	0.50
37   12	|	0	0	0	0	5	0.00
37   13	|	1	0	0	0	6	0.14
37   15	|	0	0	0	0	1	0.00
37   19	|	2	1	0	0	39	0.05
37   20	|	0	0	0	0	5	0.00
37   21	|	2	0	0	0	0	1.00
37   22	|	1	0	0	0	2	0.33
37   23	|	2	0	0	1	15	0.11
37   24	|	1	0	0	2	10	0.08
37   25	|	0	1	0	2	13	0.00
37   26	|	1	0	0	0	9	0.10
37   27	|	1	0	0	2	1	0.25
37   34	|	0	0	0	0	5	0.00
37   36	|	0	0	0	0	1	0.00
37   37	|	0	0	0	0	3	0.00
37   40	|	1	0	0	1	2	0.25
37   41	|	1	1	0	0	17	0.06
37   42	|	1	1	0	1	14	0.06
37   43	|	0	0	0	0	1	0.00
37   45	|	8	0	0	2	101	0.07
37   46	|	1	0	0	1	32	0.03
37   47	|	1	0	0	0	2	0.33
37   48	|	0	0	0	0	19	0.00
37   49	|	0	0	0	0	14	0.00
37   50	|	1	0	0	1	3	0.20
37   51	|	5	0	0	3	80	0.06
37   52	|	0	0	0	0	5	0.00
37   53	|	1	0	0	0	23	0.04

38   1	|	1	0	0	0	0	1.00
38   7	|	2	0	0	1	4	0.29
38   9	|	0	0	0	0	1	0.00
38   12	|	0	2	0	0	5	0.00
38   13	|	1	1	0	0	4	0.20
38   15	|	0	0	0	0	2	0.00
38   19	|	4	0	0	0	29	0.12
38   20	|	1	0	0	0	7	0.13
38   21	|	0	0	0	1	0	0.00
38   22	|	0	0	0	0	1	0.00
38   23	|	0	0	0	0	3	0.00
38   24	|	0	0	0	0	1	0.00
38   25	|	0	0	0	0	9	0.00
38   26	|	0	0	0	0	2	0.00
38   30	|	0	0	0	0	1	0.00
38   34	|	0	0	0	0	3	0.00
38   36	|	0	0	0	0	1	0.00
38   37	|	0	0	0	0	1	0.00
38   40	|	0	0	0	0	3	0.00
38   41	|	1	0	0	0	15	0.06
38   45	|	0	0	0	0	2	0.00
38   51	|	0	0	0	0	1	0.00
38   52	|	0	0	0	0	1	0.00

39   7	|	2	0	0	0	1	0.67
39   19	|	1	0	0	0	3	0.25
39   23	|	0	0	0	0	2	0.00
39   24	|	0	0	0	0	1	0.00
39   25	|	0	0	0	0	1	0.00
39   36	|	0	0	0	0	1	0.00
39   45	|	0	0	0	0	9	0.00
39   46	|	0	1	0	0	3	0.00
39   51	|	0	0	0	0	3	0.00
39   52	|	0	0	0	0	1	0.00
39   53	|	0	0	0	0	2	0.00

40   1	|	3	2	0	0	1	0.75
40   3	|	1	1	0	0	1	0.50
40   7	|	5	1	0	0	2	0.71
40   9	|	2	1	0	0	1	0.67
40   12	|	2	1	0	0	3	0.40
40   14	|	2	0	0	0	0	1.00
40   18	|	1	0	0	0	0	1.00
40   22	|	1	0	0	1	3	0.20
40   32	|	1	0	0	0	0	1.00
40   34	|	2	0	0	0	0	1.00
40   36	|	0	1	0	0	3	0.00
40   40	|	1	0	0	0	2	0.33
40   41	|	4	1	0	1	7	0.33

41   1	|	6	1	0	0	1	0.86
41   2	|	1	0	0	0	0	1.00
41   3	|	4	2	0	0	2	0.67
41   7	|	5	2	0	0	5	0.50
41   9	|	3	1	0	0	0	1.00
41   33	|	1	0	0	0	0	1.00
41   36	|	1	0	0	0	2	0.33
41   40	|	2	2	0	0	10	0.17
41   44	|	2	0	0	0	0	1.00

42   1	|	2	2	0	0	2	0.50
42   3	|	4	2	0	0	1	0.80
42   7	|	6	5	0	0	2	0.75
42   9	|	0	1	0	0	1	0.00
42   11	|	0	1	0	0	0	 - 
42   32	|	1	0	0	0	0	1.00
42   36	|	2	2	0	0	3	0.40
42   40	|	4	0	0	0	7	0.36

43   1	|	0	0	0	1	0	0.00
43   3	|	0	1	0	0	0	 - 
43   9	|	1	2	0	0	3	0.25

44   1	|	0	1	0	0	0	 - 
44   3	|	1	0	0	0	1	0.50
44   4	|	0	1	0	0	0	 - 
44   9	|	0	1	0	0	0	 - 
44   14	|	0	0	0	0	2	0.00
44   35	|	0	0	0	0	1	0.00
44   37	|	0	0	0	0	2	0.00
44   48	|	0	0	0	0	3	0.00

45   3	|	1	1	0	0	0	1.00
45   22	|	0	0	0	0	1	0.00
45   34	|	0	0	0	0	1	0.00
45   40	|	1	0	0	0	0	1.00
45   41	|	0	0	0	0	1	0.00

46   16	|	0	0	0	0	1	0.00
46   37	|	1	1	0	0	2	0.33

47   7	|	0	0	0	0	1	0.00
47   22	|	0	0	0	0	1	0.00

48   1	|	1	0	0	0	0	1.00
48   3	|	0	1	0	0	0	 - 
48   7	|	1	0	0	0	1	0.50
48   41	|	1	1	0	0	1	0.50

50   1	|	6	1	0	0	7	0.46
50   3	|	5	4	0	0	7	0.42
50   7	|	4	0	0	0	4	0.50
50   9	|	5	3	0	0	1	0.83
50   12	|	4	3	0	1	5	0.40
50   28	|	0	0	0	0	1	0.00
50   30	|	1	0	0	0	0	1.00
50   32	|	2	0	0	0	1	0.67
50   34	|	2	2	0	0	2	0.50
50   36	|	2	2	0	0	3	0.40
50   40	|	3	0	0	0	4	0.43
50   43	|	1	0	0	0	0	1.00
50   44	|	1	1	0	0	1	0.50

51   1	|	14	8	0	0	7	0.67
51   3	|	11	7	0	0	24	0.31
51   9	|	16	5	0	0	14	0.53
51   10	|	0	0	0	0	2	0.00
51   14	|	0	0	0	0	6	0.00
51   29	|	0	0	0	0	1	0.00

52   1	|	6	2	0	0	4	0.60
52   3	|	10	5	0	0	7	0.59
52   9	|	3	6	0	0	1	0.75
52   16	|	0	0	0	0	1	0.00
52   18	|	0	0	0	0	3	0.00
52   38	|	0	1	0	0	0	 - 

53   1	|	4	2	0	0	1	0.80
53   11	|	1	0	0	0	0	1.00
53   36	|	1	1	0	1	8	0.10
53   44	|	0	0	0	0	4	0.00

54   1	|	1	1	0	0	2	0.33
54   43	|	0	0	0	0	2	0.00

55   1	|	0	0	0	0	1	0.00
55   3	|	2	0	0	0	1	0.67
55   9	|	0	1	0	0	0	 - 
55   34	|	1	0	0	0	0	1.00



58   1	|	1	0	0	0	0	1.00
58   3	|	1	1	0	0	0	1.00

60   5	|	0	0	0	0	1	0.00
60   12	|	0	0	0	0	2	0.00
60   13	|	0	0	0	0	3	0.00
60   15	|	0	0	0	0	1	0.00
60   22	|	0	0	0	1	2	0.00
60   23	|	2	0	0	1	1	0.50
60   24	|	0	0	0	0	1	0.00
60   30	|	0	0	0	0	1	0.00
60   35	|	0	0	0	0	1	0.00
60   36	|	1	0	0	0	0	1.00
60   41	|	2	1	0	0	6	0.25
60   42	|	0	1	0	0	3	0.00
60   43	|	0	0	0	0	2	0.00
60   50	|	0	0	0	0	1	0.00
60   53	|	1	0	0	1	7	0.11

61   14	|	0	0	0	0	1	0.00
61   23	|	0	0	0	0	1	0.00
61   24	|	0	1	0	0	0	 - 
61   30	|	0	0	0	0	2	0.00
61   36	|	0	1	0	0	0	 - 
61   41	|	1	0	0	0	3	0.25
61   42	|	0	0	0	0	2	0.00
61   44	|	0	0	0	0	1	0.00
61   48	|	1	1	0	0	2	0.33
61   50	|	0	0	0	0	1	0.00
61   52	|	0	0	0	0	3	0.00
61   53	|	0	0	0	0	3	0.00

71   3	|	0	0	0	0	1	0.00
71   14	|	1	1	0	0	1	0.50
71   15	|	0	0	0	0	1	0.00
71   18	|	0	0	0	0	1	0.00
71   23	|	0	0	0	0	2	0.00
71   24	|	1	0	0	0	1	0.50
71   36	|	1	0	0	0	0	1.00
71   39	|	0	0	0	0	1	0.00
71   41	|	0	0	0	0	5	0.00
71   49	|	0	1	0	0	0	 - 
71   53	|	0	0	0	0	3	0.00

72   12	|	0	0	0	0	1	0.00
72   22	|	1	0	0	0	2	0.33
72   34	|	0	0	0	0	1	0.00
72   37	|	0	0	0	0	1	0.00
72   41	|	0	0	0	0	2	0.00
72   49	|	0	0	0	0	1	0.00
72   50	|	1	0	0	0	0	1.00

80   1	|	2	1	0	0	0	1.00
80   3	|	1	0	0	0	0	1.00
80   7	|	0	0	0	0	2	0.00
80   9	|	0	2	0	0	0	 - 
80   12	|	0	0	0	0	1	0.00
80   13	|	0	0	0	0	3	0.00
80   15	|	0	0	0	0	1	0.00
80   19	|	0	0	0	0	8	0.00
80   22	|	0	0	0	0	1	0.00
80   23	|	0	0	0	0	5	0.00
80   24	|	0	0	0	0	2	0.00
80   25	|	0	0	0	0	2	0.00
80   26	|	0	0	0	0	1	0.00
80   32	|	0	0	0	0	1	0.00
80   34	|	0	1	0	0	0	 - 
80   36	|	2	0	0	0	0	1.00
80   37	|	0	0	0	0	1	0.00
80   41	|	1	1	0	0	1	0.50
80   42	|	0	0	0	0	1	0.00
80   43	|	0	0	0	0	1	0.00
80   45	|	0	0	0	0	16	0.00
80   46	|	1	0	0	0	4	0.20
80   48	|	0	0	0	0	3	0.00
80   50	|	0	0	0	0	2	0.00
80   51	|	0	1	0	0	7	0.00
80   53	|	0	0	0	0	3	0.00

81   1	|	0	0	0	0	1	0.00
81   3	|	1	0	0	0	0	1.00
81   6	|	1	0	0	0	0	1.00
81   12	|	0	0	0	0	1	0.00
81   19	|	1	0	0	0	0	1.00
81   20	|	1	0	0	0	0	1.00
81   22	|	1	0	0	0	0	1.00
81   35	|	1	0	0	0	0	1.00
81   41	|	0	2	0	0	0	 - 
81   42	|	0	0	0	0	1	0.00
81   45	|	1	0	0	0	1	0.50
81   46	|	0	0	0	0	1	0.00
81   51	|	0	0	0	0	1	0.00

82   1	|	3	1	0	0	0	1.00
82   3	|	2	1	0	0	2	0.50
82   7	|	0	0	0	0	2	0.00
82   12	|	0	0	0	0	1	0.00
82   13	|	0	0	0	0	1	0.00
82   15	|	0	0	0	0	2	0.00
82   19	|	3	0	0	0	8	0.27
82   20	|	0	0	0	0	1	0.00
82   22	|	0	0	0	0	1	0.00
82   23	|	0	0	0	0	2	0.00
82   24	|	0	0	0	0	1	0.00
82   25	|	0	0	0	0	2	0.00
82   26	|	0	0	0	0	1	0.00
82   33	|	1	0	0	0	0	1.00
82   34	|	0	0	0	0	1	0.00
82   35	|	0	1	0	0	0	 - 
82   36	|	2	0	0	0	1	0.67
82   40	|	0	1	0	0	1	0.00
82   41	|	2	1	0	0	3	0.40
82   42	|	0	0	0	0	1	0.00
82   45	|	1	0	0	0	24	0.04
82   46	|	2	0	0	0	6	0.25
82   47	|	0	1	0	0	0	 - 
82   48	|	0	0	0	0	3	0.00
82   50	|	0	0	0	0	1	0.00
82   51	|	0	0	0	0	11	0.00
82   53	|	1	0	0	0	3	0.25

83   1	|	1	0	0	0	0	1.00
83   3	|	0	1	0	0	0	 - 
83   38	|	1	0	0	0	0	1.00
83   45	|	0	0	0	0	1	0.00
83   47	|	0	0	0	0	1	0.00

84   1	|	1	0	0	0	1	0.50
84   3	|	1	0	0	0	0	1.00
84   7	|	1	0	0	0	1	0.50
84   12	|	1	0	0	0	0	1.00
84   22	|	0	0	0	0	1	0.00
84   23	|	0	0	0	1	0	0.00
84   25	|	1	0	0	0	1	0.50
84   26	|	0	0	0	0	1	0.00
84   34	|	0	1	0	0	0	 - 

86   3	|	0	1	0	0	0	 - 
86   7	|	0	0	0	0	1	0.00
86   8	|	0	0	0	0	1	0.00
86   9	|	1	0	0	0	1	0.50
86   14	|	0	0	0	0	1	0.00
86   19	|	1	0	0	0	8	0.11
86   20	|	1	0	0	0	3	0.25
86   22	|	0	0	0	0	1	0.00
86   23	|	0	0	0	0	4	0.00
86   24	|	0	1	0	0	1	0.00
86   25	|	1	0	0	0	6	0.14
86   26	|	0	0	0	0	1	0.00
86   27	|	0	0	0	1	0	0.00
86   32	|	0	0	0	0	1	0.00
86   34	|	0	0	0	0	1	0.00
86   40	|	0	0	0	0	1	0.00
86   41	|	1	1	0	1	3	0.20
86   42	|	0	0	0	0	2	0.00
86   45	|	1	0	0	1	9	0.09
86   46	|	0	0	0	0	4	0.00
86   47	|	0	0	0	0	1	0.00
86   48	|	0	0	0	1	1	0.00
86   51	|	1	0	0	0	8	0.11
86   52	|	0	0	0	0	1	0.00
86   53	|	0	0	0	0	3	0.00

