0   1	|	0	4	0	0	1	0.00
0   2	|	5	3	1	0	1	0.71
0   3	|	0	0	0	1	0	0.00
0   4	|	1	2	0	0	0	1.00
0   5	|	0	0	3	0	1	0.00
0   7	|	1	0	2	0	1	0.25
0   8	|	1	0	0	0	1	0.50
0   9	|	1	0	0	1	0	0.50
0   10	|	2	1	1	0	3	0.33
0   13	|	1	2	1	0	3	0.20
0   15	|	0	0	1	0	2	0.00
0   32	|	0	1	0	0	0	 - 
0   33	|	0	2	0	0	1	0.00
0   34	|	0	1	2	0	2	0.00
0   35	|	2	0	0	0	1	0.67
0   37	|	0	2	0	1	0	0.00
0   40	|	0	0	1	0	0	0.00
0   41	|	0	0	0	0	2	0.00
0   52	|	1	0	0	0	0	1.00

1   1	|	3	3	1	0	1	0.60
1   2	|	9	7	2	0	2	0.69
1   3	|	1	0	1	0	1	0.33
1   4	|	2	2	1	1	1	0.40
1   5	|	2	1	0	0	1	0.67
1   7	|	1	1	2	2	0	0.20
1   8	|	0	3	0	0	2	0.00
1   9	|	0	0	0	0	1	0.00
1   10	|	2	3	1	0	0	0.67
1   12	|	0	0	1	1	1	0.00
1   13	|	3	1	1	0	1	0.60
1   15	|	1	0	1	0	0	0.50
1   32	|	0	0	1	0	0	0.00
1   34	|	0	0	0	1	2	0.00
1   35	|	2	1	1	0	1	0.50
1   36	|	0	0	0	0	2	0.00
1   37	|	2	2	1	0	2	0.40
1   40	|	1	0	1	0	3	0.20
1   41	|	2	0	1	1	3	0.29

10   1	|	17	14	16	0	6	0.44
10   2	|	4	2	1	0	3	0.50
10   3	|	32	43	29	2	27	0.36
10   4	|	1	1	0	0	1	0.50
10   5	|	1	0	1	0	0	0.50
10   6	|	1	0	1	0	0	0.50
10   7	|	21	22	14	1	12	0.44
10   8	|	1	3	0	0	0	1.00
10   9	|	10	9	10	1	7	0.36
10   10	|	0	1	0	1	0	0.00
10   11	|	1	2	0	0	0	1.00
10   12	|	13	10	11	1	2	0.48
10   13	|	2	6	1	0	3	0.33
10   14	|	1	4	1	0	2	0.25
10   15	|	1	3	2	0	0	0.33
10   16	|	0	1	0	0	0	 - 
10   22	|	2	0	1	2	4	0.22
10   23	|	0	0	1	3	1	0.00
10   24	|	0	1	0	0	0	 - 
10   30	|	0	0	0	0	2	0.00
10   32	|	5	2	4	1	4	0.36
10   33	|	0	0	1	0	0	0.00
10   34	|	15	14	12	3	12	0.36
10   35	|	4	1	0	0	1	0.80
10   36	|	9	6	5	0	2	0.56
10   37	|	2	1	2	2	2	0.25
10   38	|	0	2	1	0	0	0.00
10   39	|	1	0	0	0	0	1.00
10   40	|	2	10	4	0	6	0.17
10   41	|	20	24	7	6	25	0.34
10   42	|	0	2	2	3	2	0.00
10   43	|	1	1	1	0	0	0.50
10   44	|	0	1	0	0	0	 - 
10   48	|	0	1	0	0	0	 - 
10   52	|	0	0	1	1	0	0.00
10   53	|	1	2	0	0	1	0.50

11   1	|	54	41	34	0	24	0.48
11   2	|	4	4	0	1	1	0.67
11   3	|	74	99	60	2	46	0.41
11   4	|	1	0	1	0	2	0.25
11   5	|	2	0	1	0	0	0.67
11   6	|	2	0	0	0	0	1.00
11   7	|	35	42	22	2	26	0.41
11   8	|	0	2	1	0	1	0.00
11   9	|	26	18	12	0	14	0.50
11   10	|	0	0	1	0	1	0.00
11   11	|	0	3	1	0	1	0.00
11   12	|	11	20	7	2	17	0.30
11   13	|	2	8	4	1	8	0.13
11   14	|	5	2	0	0	2	0.71
11   15	|	2	4	1	1	1	0.40
11   16	|	1	0	0	0	0	1.00
11   17	|	0	1	0	0	0	 - 
11   22	|	0	0	1	2	4	0.00
11   23	|	2	1	3	1	8	0.14
11   24	|	1	5	0	1	0	0.50
11   30	|	0	0	0	0	1	0.00
11   32	|	8	9	6	2	8	0.33
11   33	|	1	0	1	0	1	0.33
11   34	|	24	36	12	0	31	0.36
11   35	|	4	4	1	1	6	0.33
11   36	|	10	19	12	1	14	0.27
11   37	|	2	1	4	0	6	0.17
11   38	|	3	1	0	0	2	0.60
11   39	|	1	1	1	0	2	0.25
11   40	|	11	21	7	3	8	0.38
11   41	|	29	38	39	8	31	0.27
11   42	|	3	3	2	1	15	0.14
11   43	|	0	1	3	1	2	0.00
11   44	|	1	3	1	0	1	0.33
11   48	|	0	0	2	1	4	0.00
11   53	|	0	2	3	0	5	0.00

12   1	|	23	27	12	0	9	0.52
12   2	|	4	1	0	0	0	1.00
12   3	|	54	50	28	1	21	0.52
12   5	|	0	1	1	0	1	0.00
12   7	|	19	23	17	1	10	0.40
12   8	|	1	0	0	0	0	1.00
12   9	|	13	9	6	2	1	0.59
12   11	|	0	2	0	0	0	 - 
12   12	|	6	7	7	0	4	0.35
12   13	|	2	2	2	2	4	0.20
12   14	|	2	0	2	0	1	0.40
12   15	|	0	1	0	0	2	0.00
12   16	|	0	0	0	0	1	0.00
12   17	|	0	0	0	1	0	0.00
12   18	|	1	1	1	0	0	0.50
12   23	|	0	0	0	1	1	0.00
12   24	|	0	0	0	0	1	0.00
12   32	|	2	1	1	2	2	0.29
12   33	|	0	1	2	0	0	0.00
12   34	|	6	11	7	1	15	0.21
12   35	|	1	1	0	0	6	0.14
12   36	|	8	3	5	0	2	0.53
12   37	|	0	1	0	0	2	0.00
12   38	|	1	1	0	0	0	1.00
12   39	|	1	0	0	0	0	1.00
12   40	|	7	5	2	0	1	0.70
12   41	|	14	12	5	2	8	0.48
12   42	|	0	0	1	2	2	0.00
12   43	|	1	0	0	0	1	0.50
12   44	|	0	0	2	0	0	0.00
12   48	|	0	2	0	0	0	 - 
12   50	|	0	0	0	0	1	0.00
12   52	|	0	0	0	0	1	0.00
12   53	|	0	0	0	0	4	0.00

13   1	|	6	7	10	2	5	0.26
13   2	|	1	2	1	0	0	0.50
13   3	|	13	12	6	1	10	0.43
13   4	|	0	0	1	0	1	0.00
13   7	|	6	8	13	1	5	0.24
13   9	|	3	0	1	0	2	0.50
13   12	|	3	3	1	1	6	0.27
13   13	|	1	0	0	0	3	0.25
13   14	|	1	0	0	0	0	1.00
13   15	|	0	0	0	1	1	0.00
13   22	|	0	1	0	0	1	0.00
13   32	|	4	0	0	0	3	0.57
13   34	|	3	8	5	5	7	0.15
13   35	|	0	0	3	0	1	0.00
13   36	|	4	1	1	0	3	0.50
13   37	|	1	0	1	0	4	0.17
13   39	|	0	0	1	0	0	0.00
13   40	|	1	2	1	0	6	0.13
13   41	|	2	3	5	1	8	0.13
13   42	|	1	1	5	0	3	0.11
13   43	|	1	0	0	0	0	1.00
13   44	|	0	0	0	0	1	0.00
13   48	|	0	1	0	0	1	0.00

14   1	|	5	6	2	0	3	0.50
14   2	|	0	0	0	0	1	0.00
14   3	|	10	9	3	2	9	0.42
14   7	|	6	2	3	0	3	0.50
14   9	|	0	2	2	0	1	0.00
14   11	|	0	0	1	0	0	0.00
14   12	|	2	1	2	1	4	0.22
14   13	|	0	1	1	0	1	0.00
14   14	|	0	2	0	0	0	 - 
14   15	|	0	0	1	0	0	0.00
14   23	|	0	0	1	0	0	0.00
14   24	|	0	0	0	0	1	0.00
14   32	|	3	2	2	0	2	0.43
14   34	|	0	4	1	1	3	0.00
14   35	|	0	1	2	0	0	0.00
14   36	|	2	1	0	0	0	1.00
14   37	|	0	0	2	0	0	0.00
14   40	|	0	1	0	1	5	0.00
14   41	|	4	5	3	2	7	0.25
14   42	|	0	1	0	0	3	0.00
14   43	|	0	0	0	0	2	0.00
14   44	|	2	0	0	0	0	1.00
14   48	|	0	0	0	0	1	0.00

15   1	|	6	1	4	0	1	0.55
15   3	|	5	2	2	0	2	0.56
15   7	|	0	1	0	0	1	0.00
15   9	|	1	1	1	0	0	0.50
15   12	|	0	1	0	0	2	0.00
15   34	|	1	0	0	0	2	0.33
15   36	|	0	1	2	0	0	0.00
15   40	|	1	0	0	1	0	0.50
15   41	|	0	1	1	0	0	0.00
15   42	|	0	1	0	0	0	 - 
15   44	|	1	0	0	0	0	1.00
15   49	|	1	0	0	0	0	1.00
15   53	|	0	0	0	0	1	0.00

16   1	|	7	4	6	0	0	0.54
16   2	|	0	1	1	0	1	0.00
16   3	|	10	15	10	0	6	0.38
16   4	|	1	2	1	0	2	0.25
16   5	|	0	0	1	1	1	0.00
16   6	|	0	1	0	0	0	 - 
16   7	|	2	9	7	1	11	0.10
16   8	|	0	2	1	1	0	0.00
16   9	|	4	6	5	0	7	0.25
16   10	|	1	1	1	0	2	0.25
16   11	|	1	0	0	0	1	0.50
16   12	|	2	3	8	1	6	0.12
16   13	|	3	10	12	4	10	0.10
16   14	|	0	0	1	1	1	0.00
16   15	|	1	2	0	0	8	0.11
16   16	|	0	0	0	0	1	0.00
16   17	|	0	1	0	0	0	 - 
16   22	|	2	1	1	2	5	0.20
16   23	|	1	3	3	3	5	0.08
16   24	|	0	1	0	1	1	0.00
16   28	|	1	0	0	0	1	0.50
16   30	|	0	1	0	1	1	0.00
16   32	|	2	3	0	1	5	0.25
16   33	|	2	1	0	0	1	0.67
16   34	|	8	6	5	2	17	0.25
16   35	|	4	4	6	0	7	0.24
16   36	|	5	3	1	4	7	0.29
16   37	|	2	8	1	2	7	0.17
16   38	|	0	2	1	0	0	0.00
16   39	|	0	1	1	1	1	0.00
16   40	|	3	5	3	1	8	0.20
16   41	|	8	21	19	12	31	0.11
16   42	|	10	13	13	1	26	0.20
16   43	|	0	2	2	2	6	0.00
16   48	|	0	0	3	0	2	0.00
16   49	|	0	0	1	0	0	0.00
16   52	|	0	2	1	0	4	0.00
16   53	|	0	2	6	2	4	0.00

17   1	|	1	0	0	0	2	0.33
17   3	|	0	1	1	0	1	0.00
17   7	|	0	0	1	0	2	0.00
17   9	|	0	1	0	0	0	 - 
17   12	|	0	1	1	0	1	0.00
17   13	|	0	2	0	0	2	0.00
17   15	|	1	0	0	0	0	1.00
17   23	|	0	0	0	0	1	0.00
17   34	|	0	1	2	0	0	0.00
17   35	|	0	0	1	0	2	0.00
17   37	|	2	1	0	0	1	0.67
17   39	|	0	1	0	0	1	0.00
17   40	|	1	1	0	0	0	1.00
17   41	|	0	0	3	1	1	0.00
17   42	|	0	1	0	0	1	0.00
17   48	|	0	0	0	0	1	0.00
17   53	|	0	0	1	1	1	0.00

18   1	|	1	4	1	0	3	0.20
18   3	|	4	6	2	2	2	0.40
18   7	|	3	1	2	0	0	0.60
18   9	|	1	0	0	0	0	1.00
18   12	|	0	1	0	0	0	 - 
18   15	|	0	0	0	1	0	0.00
18   22	|	0	1	0	1	0	0.00
18   30	|	0	0	0	1	0	0.00
18   32	|	0	1	0	0	0	 - 
18   34	|	0	0	2	0	1	0.00
18   36	|	1	0	0	0	0	1.00
18   40	|	0	1	1	0	0	0.00
18   41	|	1	4	1	0	1	0.33
18   43	|	0	0	1	0	0	0.00
18   48	|	0	0	1	0	0	0.00

20   1	|	2	1	0	0	0	1.00
20   2	|	1	0	0	0	0	1.00
20   3	|	4	0	2	0	2	0.50
20   7	|	1	0	0	0	3	0.25
20   9	|	0	0	0	0	1	0.00
20   12	|	1	1	0	0	0	1.00
20   13	|	0	0	0	0	1	0.00
20   15	|	1	0	0	0	0	1.00
20   23	|	1	0	0	0	2	0.33
20   31	|	1	0	0	0	0	1.00
20   32	|	0	0	1	0	0	0.00
20   33	|	0	1	0	0	0	 - 
20   34	|	1	2	1	0	0	0.50
20   36	|	1	0	0	0	1	0.50
20   40	|	0	0	0	0	1	0.00
20   41	|	4	3	0	0	3	0.57
20   42	|	0	1	2	0	0	0.00
20   48	|	0	0	0	0	1	0.00
20   49	|	0	0	1	0	0	0.00
20   50	|	0	0	0	0	1	0.00
20   53	|	0	0	0	0	1	0.00

21   1	|	10	10	7	0	6	0.43
21   2	|	1	2	0	0	0	1.00
21   3	|	17	6	7	0	13	0.46
21   4	|	0	1	0	0	0	 - 
21   5	|	0	0	0	0	1	0.00
21   6	|	0	0	1	0	0	0.00
21   7	|	6	0	3	3	8	0.30
21   9	|	10	4	6	0	4	0.50
21   10	|	0	0	1	0	0	0.00
21   12	|	8	4	6	0	5	0.42
21   13	|	1	1	0	0	3	0.25
21   14	|	2	0	1	0	0	0.67
21   15	|	0	0	0	1	1	0.00
21   18	|	1	0	0	0	0	1.00
21   22	|	3	2	0	0	1	0.75
21   23	|	0	0	1	0	0	0.00
21   30	|	1	0	0	0	1	0.50
21   31	|	4	1	1	0	4	0.44
21   32	|	2	1	0	0	0	1.00
21   33	|	1	0	1	0	0	0.50
21   34	|	3	1	2	0	4	0.33
21   35	|	1	0	2	0	1	0.25
21   36	|	8	1	4	0	2	0.57
21   37	|	0	1	0	1	1	0.00
21   38	|	1	0	2	0	2	0.20
21   39	|	1	0	0	0	0	1.00
21   40	|	3	5	6	0	4	0.23
21   41	|	5	4	6	0	12	0.22
21   42	|	0	0	2	0	4	0.00
21   43	|	3	2	0	0	2	0.60
21   44	|	0	0	1	0	0	0.00
21   48	|	0	1	0	0	1	0.00
21   53	|	0	1	0	0	0	 - 

22   1	|	4	0	1	0	2	0.57
22   3	|	2	1	2	0	3	0.29
22   5	|	0	0	1	0	1	0.00
22   7	|	1	0	1	0	2	0.25
22   8	|	0	0	0	0	1	0.00
22   9	|	4	2	2	0	1	0.57
22   12	|	6	0	5	1	2	0.43
22   13	|	1	1	1	0	2	0.25
22   14	|	1	1	0	0	0	1.00
22   15	|	0	0	1	0	1	0.00
22   23	|	0	0	0	2	3	0.00
22   31	|	0	0	2	1	1	0.00
22   32	|	3	1	1	1	1	0.50
22   34	|	1	2	0	0	3	0.25
22   35	|	1	1	1	0	3	0.20
22   36	|	0	1	0	0	2	0.00
22   37	|	0	0	2	2	0	0.00
22   38	|	1	0	0	0	0	1.00
22   40	|	1	2	0	0	3	0.25
22   41	|	5	1	2	1	8	0.31
22   42	|	3	1	1	2	8	0.21
22   43	|	1	0	1	0	1	0.33
22   44	|	0	0	1	0	0	0.00
22   48	|	0	0	1	0	5	0.00
22   49	|	0	0	0	0	1	0.00
22   50	|	0	0	0	0	1	0.00
22   52	|	0	0	1	0	2	0.00
22   53	|	0	0	0	1	6	0.00

23   1	|	5	1	3	0	3	0.45
23   3	|	12	2	3	0	4	0.63
23   7	|	0	6	2	1	6	0.00
23   9	|	3	3	0	0	3	0.50
23   12	|	4	2	1	1	5	0.36
23   13	|	0	2	2	1	3	0.00
23   14	|	0	0	0	0	2	0.00
23   15	|	1	0	1	0	0	0.50
23   16	|	0	0	1	0	0	0.00
23   22	|	0	0	0	0	1	0.00
23   23	|	0	2	1	0	1	0.00
23   24	|	1	0	0	0	0	1.00
23   31	|	2	1	2	0	3	0.29
23   32	|	1	0	0	0	1	0.50
23   34	|	1	1	2	0	5	0.13
23   35	|	0	0	1	0	0	0.00
23   36	|	1	1	0	0	1	0.50
23   37	|	0	0	0	1	0	0.00
23   40	|	3	1	2	0	2	0.43
23   41	|	2	9	7	0	13	0.09
23   42	|	0	0	0	1	2	0.00
23   43	|	0	0	0	0	1	0.00
23   44	|	1	0	0	0	0	1.00
23   48	|	0	1	0	0	0	 - 
23   53	|	1	0	0	0	2	0.33

24   1	|	2	0	0	0	1	0.67
24   3	|	5	3	3	1	4	0.38
24   4	|	1	0	0	0	0	1.00
24   7	|	0	3	3	2	3	0.00
24   8	|	1	0	0	0	0	1.00
24   9	|	0	1	0	0	1	0.00
24   11	|	1	0	0	0	0	1.00
24   12	|	1	0	0	0	0	1.00
24   13	|	0	1	0	0	0	 - 
24   15	|	1	0	0	0	1	0.50
24   22	|	1	0	0	0	1	0.50
24   23	|	0	0	0	0	1	0.00
24   32	|	1	0	0	0	0	1.00
24   34	|	1	1	1	3	4	0.11
24   35	|	0	0	1	0	0	0.00
24   36	|	0	1	0	0	2	0.00
24   37	|	0	0	0	0	1	0.00
24   39	|	1	0	0	0	0	1.00
24   40	|	0	0	2	0	2	0.00
24   41	|	0	1	1	0	0	0.00
24   48	|	0	0	0	1	0	0.00

25   1	|	0	0	0	0	1	0.00
25   3	|	1	0	1	0	0	0.50
25   7	|	1	0	0	0	0	1.00
25   9	|	4	0	2	0	0	0.67
25   12	|	0	0	0	0	1	0.00
25   13	|	0	1	0	0	0	 - 
25   14	|	0	0	0	0	1	0.00
25   23	|	0	1	0	0	0	 - 
25   40	|	2	1	1	0	0	0.67
25   41	|	2	0	0	0	2	0.50
25   42	|	1	0	0	0	0	1.00
25   52	|	0	0	0	0	1	0.00

26   1	|	2	1	1	0	0	0.67
26   3	|	1	1	0	0	0	1.00
26   7	|	1	0	1	0	1	0.33
26   9	|	2	0	0	0	0	1.00
26   23	|	0	0	1	0	1	0.00
26   24	|	0	0	1	0	0	0.00
26   32	|	0	0	0	1	0	0.00
26   34	|	1	0	0	0	1	0.50
26   37	|	1	0	0	0	0	1.00
26   38	|	0	0	0	0	1	0.00
26   40	|	1	0	0	0	0	1.00
26   41	|	1	0	1	1	2	0.20
26   42	|	0	1	0	0	1	0.00
26   48	|	0	0	0	0	1	0.00

30   1	|	4	1	3	0	2	0.44
30   2	|	0	0	0	0	1	0.00
30   3	|	4	3	4	0	4	0.33
30   7	|	5	2	2	0	1	0.63
30   9	|	1	1	1	0	2	0.25
30   12	|	0	1	1	0	0	0.00
30   13	|	0	0	1	0	0	0.00
30   14	|	2	0	0	0	0	1.00
30   16	|	1	0	0	0	0	1.00
30   19	|	3	5	2	0	4	0.33
30   24	|	0	1	0	0	0	 - 
30   32	|	2	0	0	0	0	1.00
30   34	|	0	0	2	0	0	0.00
30   36	|	2	1	0	0	0	1.00
30   38	|	0	1	0	0	0	 - 
30   40	|	1	0	0	0	0	1.00
30   41	|	3	2	1	0	3	0.43
30   43	|	0	0	1	0	0	0.00
30   45	|	0	0	1	0	2	0.00

31   1	|	6	2	0	0	1	0.86
31   3	|	8	3	6	0	4	0.44
31   5	|	0	1	0	0	0	 - 
31   6	|	0	1	0	0	1	0.00
31   7	|	2	0	2	0	1	0.40
31   9	|	5	3	1	0	5	0.45
31   10	|	1	0	0	0	0	1.00
31   11	|	1	0	0	0	1	0.50
31   12	|	5	0	1	0	0	0.83
31   13	|	1	0	0	0	1	0.50
31   14	|	0	1	0	0	0	 - 
31   19	|	4	2	2	0	5	0.36
31   20	|	1	0	1	0	0	0.50
31   21	|	1	0	0	0	0	1.00
31   22	|	0	0	0	0	1	0.00
31   25	|	0	1	0	0	0	 - 
31   26	|	0	1	0	0	0	 - 
31   32	|	1	0	0	0	1	0.50
31   34	|	1	1	3	0	0	0.25
31   35	|	0	0	0	0	1	0.00
31   36	|	1	2	1	0	0	0.50
31   38	|	0	1	0	0	0	 - 
31   40	|	1	0	2	0	2	0.20
31   41	|	5	1	3	0	0	0.63
31   42	|	0	0	0	0	1	0.00
31   43	|	1	0	0	0	0	1.00
31   45	|	0	1	1	0	2	0.00
31   46	|	0	0	0	0	1	0.00
31   48	|	1	0	0	0	0	1.00
31   51	|	0	1	0	0	0	 - 
31   53	|	0	1	0	0	0	 - 

32   1	|	1	0	1	0	2	0.25
32   3	|	5	4	6	0	3	0.36
32   7	|	0	0	2	0	3	0.00
32   9	|	1	1	2	0	3	0.17
32   11	|	0	1	0	0	0	 - 
32   12	|	1	1	2	0	1	0.25
32   14	|	0	1	0	0	0	 - 
32   15	|	0	0	0	1	0	0.00
32   19	|	2	0	2	0	1	0.40
32   21	|	0	1	0	0	0	 - 
32   22	|	0	1	0	0	0	 - 
32   23	|	0	0	0	0	1	0.00
32   25	|	1	0	0	0	0	1.00
32   32	|	1	0	0	0	0	1.00
32   34	|	1	0	1	0	1	0.33
32   36	|	3	0	0	0	0	1.00
32   40	|	0	1	1	0	0	0.00
32   41	|	2	0	0	0	0	1.00
32   45	|	0	2	0	0	1	0.00
32   46	|	0	1	0	0	0	 - 
32   47	|	0	0	1	0	0	0.00
32   48	|	0	0	0	0	1	0.00
32   51	|	1	0	0	0	1	0.50

33   1	|	1	1	0	0	1	0.50
33   3	|	2	1	0	0	1	0.67
33   7	|	0	0	1	0	1	0.00
33   9	|	0	0	1	0	0	0.00
33   12	|	0	1	0	0	0	 - 
33   21	|	0	1	0	0	0	 - 
33   32	|	1	0	0	0	0	1.00
33   34	|	0	1	1	0	1	0.00
33   40	|	0	1	1	0	0	0.00
33   48	|	1	0	0	0	0	1.00

34   1	|	1	0	0	0	0	1.00
34   7	|	0	1	2	0	0	0.00
34   19	|	0	0	0	0	1	0.00
34   24	|	0	1	0	0	0	 - 
34   45	|	0	0	0	1	4	0.00

35   1	|	1	0	0	0	0	1.00
35   3	|	1	0	0	0	1	0.50
35   7	|	0	0	0	0	1	0.00
35   9	|	1	1	0	0	0	1.00
35   12	|	2	0	0	0	0	1.00
35   15	|	0	0	1	0	0	0.00
35   19	|	1	0	2	0	0	0.33
35   20	|	0	0	0	0	1	0.00
35   21	|	0	0	0	0	1	0.00
35   22	|	1	0	0	0	0	1.00
35   25	|	0	0	0	0	1	0.00
35   34	|	1	0	0	0	0	1.00
35   36	|	1	1	0	0	0	1.00
35   40	|	0	0	1	0	0	0.00
35   41	|	3	0	0	0	1	0.75
35   43	|	0	0	1	0	0	0.00
35   45	|	1	1	1	0	5	0.14
35   46	|	0	0	0	0	1	0.00
35   47	|	0	0	1	0	0	0.00
35   48	|	0	1	0	0	0	 - 
35   51	|	0	0	0	0	1	0.00

36   7	|	1	0	1	0	0	0.50
36   12	|	0	0	1	0	0	0.00
36   19	|	0	0	1	0	3	0.00
36   20	|	0	0	0	0	1	0.00
36   25	|	0	0	0	0	2	0.00
36   34	|	1	0	0	0	0	1.00
36   35	|	0	0	0	0	1	0.00
36   40	|	1	0	1	0	1	0.33
36   41	|	0	1	1	0	0	0.00

37   1	|	0	1	0	0	0	 - 
37   3	|	0	1	0	0	0	 - 
37   7	|	1	1	0	0	0	1.00
37   9	|	0	0	1	0	0	0.00
37   12	|	0	0	1	0	1	0.00
37   19	|	0	0	1	0	0	0.00
37   40	|	0	1	0	0	0	 - 
37   41	|	0	0	0	0	1	0.00
37   42	|	0	0	0	0	1	0.00
37   45	|	2	0	3	4	9	0.11
37   46	|	1	0	0	0	1	0.50
37   47	|	0	1	0	0	0	 - 
37   51	|	0	0	1	0	3	0.00
37   53	|	0	0	0	0	1	0.00

38   7	|	2	0	0	0	1	0.67
38   9	|	0	0	0	0	1	0.00
38   19	|	1	0	0	0	1	0.50
38   23	|	0	0	0	0	1	0.00
38   25	|	0	0	1	0	0	0.00

39   7	|	0	0	1	0	0	0.00
39   41	|	1	0	0	0	0	1.00

40   1	|	3	4	2	0	1	0.50
40   3	|	0	3	2	0	1	0.00
40   4	|	0	2	0	0	0	 - 
40   7	|	3	10	2	0	2	0.43
40   9	|	1	1	0	0	1	0.50
40   11	|	0	0	0	0	1	0.00
40   12	|	4	2	1	0	1	0.67
40   14	|	1	1	0	0	0	1.00
40   17	|	0	1	0	0	0	 - 
40   22	|	1	1	0	0	0	1.00
40   32	|	0	0	0	0	1	0.00
40   34	|	2	1	1	0	1	0.50
40   36	|	0	0	1	0	2	0.00
40   40	|	3	1	3	0	0	0.50
40   41	|	0	0	2	0	4	0.00

41   1	|	2	1	0	0	2	0.50
41   2	|	0	0	2	0	1	0.00
41   3	|	6	5	1	0	3	0.60
41   7	|	6	8	5	0	8	0.32
41   9	|	2	2	2	0	1	0.40
41   11	|	0	1	1	0	0	0.00
41   36	|	1	2	4	0	2	0.14
41   38	|	1	0	1	0	0	0.50
41   40	|	3	2	2	0	5	0.30

42   1	|	1	1	1	0	3	0.20
42   2	|	1	0	0	0	0	1.00
42   3	|	0	4	1	0	1	0.00
42   7	|	6	4	3	0	3	0.50
42   8	|	0	1	0	0	0	 - 
42   9	|	0	2	3	0	1	0.00
42   11	|	1	0	0	0	0	1.00
42   32	|	0	1	0	0	0	 - 
42   36	|	0	2	2	0	1	0.00
42   40	|	0	2	1	0	0	0.00

43   1	|	2	1	0	0	0	1.00
43   2	|	0	1	0	0	0	 - 
43   3	|	0	1	0	0	1	0.00
43   9	|	0	1	1	0	0	0.00

44   1	|	0	0	1	0	1	0.00
44   3	|	1	0	0	0	1	0.50
44   14	|	0	0	1	0	0	0.00
44   35	|	0	0	1	0	0	0.00


46   1	|	0	2	0	0	0	 - 

47   1	|	0	0	1	0	0	0.00
47   48	|	0	0	0	0	1	0.00

48   3	|	0	1	0	0	0	 - 
48   7	|	0	1	0	0	0	 - 
48   41	|	0	0	0	0	1	0.00

50   1	|	3	10	5	0	2	0.30
50   3	|	6	9	2	1	8	0.35
50   5	|	1	1	1	0	0	0.50
50   7	|	2	2	2	0	2	0.33
50   8	|	0	1	0	0	0	 - 
50   9	|	3	3	2	1	3	0.33
50   12	|	0	3	3	0	0	0.00
50   14	|	0	0	1	1	1	0.00
50   34	|	0	4	2	1	1	0.00
50   36	|	3	0	2	0	2	0.43
50   38	|	0	2	0	0	0	 - 
50   40	|	1	2	5	0	0	0.17
50   43	|	2	0	0	0	0	1.00
50   44	|	1	0	1	0	0	0.50

51   1	|	11	10	7	0	8	0.42
51   2	|	0	0	0	0	1	0.00
51   3	|	22	16	16	0	12	0.44
51   9	|	6	13	7	3	0	0.38
51   11	|	0	2	1	0	0	0.00
51   14	|	0	3	1	0	1	0.00
51   29	|	0	0	0	0	1	0.00
51   33	|	0	1	0	0	0	 - 

52   1	|	9	11	10	0	2	0.43
52   2	|	1	1	0	0	0	1.00
52   3	|	12	14	4	0	7	0.52
52   9	|	5	5	2	0	4	0.45
52   10	|	0	1	0	0	0	 - 
52   44	|	1	0	0	0	1	0.50

53   1	|	1	0	0	0	0	1.00
53   36	|	0	2	0	0	1	0.00

54   1	|	0	0	2	0	1	0.00
54   43	|	0	0	0	0	1	0.00

55   3	|	1	1	0	0	0	1.00
55   4	|	0	0	1	0	0	0.00
55   9	|	0	0	1	0	0	0.00
55   34	|	0	0	0	0	1	0.00



58   1	|	0	0	1	0	0	0.00
58   3	|	1	3	0	0	0	1.00
58   14	|	0	1	0	0	0	 - 

60   3	|	0	0	1	0	0	0.00
60   15	|	0	1	0	0	0	 - 



72   12	|	0	0	1	0	0	0.00
72   15	|	0	0	1	0	0	0.00
72   23	|	0	1	0	0	0	 - 

80   1	|	0	1	0	0	1	0.00
80   2	|	1	0	0	0	0	1.00
80   3	|	1	1	2	0	1	0.25
80   7	|	1	0	0	0	1	0.50
80   9	|	1	1	0	0	1	0.50
80   21	|	1	1	0	0	0	1.00
80   40	|	0	1	0	0	0	 - 
80   41	|	0	0	1	0	0	0.00
80   42	|	0	0	0	0	1	0.00
80   51	|	1	0	0	0	1	0.50
80   53	|	0	0	0	0	1	0.00

81   3	|	1	0	0	0	0	1.00
81   12	|	0	0	0	0	1	0.00
81   19	|	0	1	0	0	1	0.00
81   25	|	1	0	0	0	0	1.00
81   40	|	1	0	0	0	0	1.00
81   45	|	0	0	1	0	0	0.00

82   1	|	1	0	0	0	0	1.00
82   3	|	1	1	0	1	0	0.50
82   7	|	0	2	0	0	0	 - 
82   9	|	0	0	1	0	1	0.00
82   11	|	1	0	0	0	0	1.00
82   13	|	0	1	0	0	0	 - 
82   14	|	1	0	0	0	0	1.00
82   21	|	0	1	0	0	0	 - 
82   23	|	0	1	0	0	0	 - 
82   25	|	0	0	1	0	0	0.00
82   34	|	0	0	0	0	1	0.00
82   36	|	0	0	0	0	1	0.00
82   37	|	0	1	0	0	0	 - 
82   41	|	1	0	0	0	0	1.00
82   45	|	0	0	1	0	2	0.00

83   1	|	0	0	0	0	1	0.00

84   9	|	1	1	0	0	1	0.50

86   12	|	0	2	0	0	0	 - 

