0   1	|	0	2	1	0	1	0.00
0   2	|	8	7	5	0	2	0.53
0   3	|	1	1	0	0	0	1.00
0   4	|	2	0	2	0	0	0.50
0   5	|	0	2	2	0	1	0.00
0   7	|	0	0	1	0	2	0.00
0   8	|	0	1	1	0	0	0.00
0   9	|	1	1	1	3	0	0.20
0   10	|	2	0	0	0	2	0.50
0   13	|	1	1	0	0	3	0.25
0   14	|	0	0	0	0	1	0.00
0   15	|	1	1	1	0	0	0.50
0   33	|	0	0	1	0	0	0.00
0   34	|	0	1	0	0	1	0.00
0   35	|	0	1	0	0	1	0.00
0   37	|	1	1	0	0	0	1.00
0   40	|	0	0	1	0	0	0.00
0   41	|	0	0	0	1	0	0.00

1   1	|	4	0	2	0	1	0.57
1   2	|	3	8	7	0	3	0.23
1   3	|	0	2	0	0	1	0.00
1   4	|	0	4	1	0	1	0.00
1   5	|	0	1	2	0	1	0.00
1   7	|	2	2	2	1	1	0.33
1   8	|	0	2	0	0	0	 - 
1   9	|	0	0	1	1	0	0.00
1   10	|	5	2	2	0	2	0.56
1   12	|	0	1	1	1	1	0.00
1   13	|	0	1	1	0	4	0.00
1   15	|	0	0	0	0	1	0.00
1   22	|	0	0	0	1	0	0.00
1   23	|	0	2	0	0	0	 - 
1   32	|	1	0	0	0	1	0.50
1   34	|	1	0	0	0	0	1.00
1   35	|	0	2	0	0	1	0.00
1   36	|	0	0	0	1	2	0.00
1   37	|	2	4	1	0	1	0.50
1   40	|	0	0	2	1	2	0.00
1   41	|	0	0	0	0	4	0.00
1   52	|	0	0	1	0	0	0.00

10   1	|	17	27	14	0	10	0.41
10   2	|	4	2	0	0	1	0.80
10   3	|	41	50	36	5	20	0.40
10   4	|	0	1	1	0	1	0.00
10   5	|	1	0	1	0	0	0.50
10   6	|	0	1	1	0	0	0.00
10   7	|	15	26	7	1	7	0.50
10   8	|	0	2	1	0	0	0.00
10   9	|	11	9	7	2	2	0.50
10   11	|	3	2	0	0	1	0.75
10   12	|	11	8	7	2	9	0.38
10   13	|	2	5	3	1	4	0.20
10   14	|	1	5	0	2	3	0.17
10   15	|	1	1	0	0	2	0.33
10   16	|	0	1	0	0	0	 - 
10   17	|	0	2	0	0	0	 - 
10   22	|	1	1	0	0	3	0.25
10   23	|	0	0	1	1	2	0.00
10   24	|	0	1	1	0	1	0.00
10   29	|	1	0	0	0	0	1.00
10   30	|	0	0	0	0	2	0.00
10   32	|	2	6	4	0	3	0.22
10   33	|	0	0	2	0	0	0.00
10   34	|	17	18	5	0	10	0.53
10   35	|	1	2	0	1	1	0.33
10   36	|	8	7	6	1	4	0.42
10   37	|	2	2	1	2	3	0.25
10   38	|	0	0	1	0	0	0.00
10   39	|	2	1	1	0	0	0.67
10   40	|	7	1	3	2	5	0.41
10   41	|	24	19	15	4	23	0.36
10   42	|	1	6	1	1	4	0.14
10   43	|	0	1	3	0	1	0.00
10   44	|	1	0	0	0	0	1.00
10   48	|	1	2	1	0	0	0.50
10   53	|	0	0	0	0	3	0.00

11   1	|	51	46	34	0	20	0.49
11   2	|	2	4	3	1	2	0.25
11   3	|	77	104	53	0	36	0.46
11   4	|	2	2	2	0	1	0.40
11   5	|	0	1	1	0	1	0.00
11   6	|	0	3	0	0	0	 - 
11   7	|	29	35	37	2	19	0.33
11   8	|	1	1	1	0	0	0.50
11   9	|	29	24	10	1	9	0.59
11   10	|	1	0	0	0	0	1.00
11   11	|	1	2	0	0	0	1.00
11   12	|	11	15	13	4	19	0.23
11   13	|	2	5	6	2	9	0.11
11   14	|	0	4	2	0	5	0.00
11   15	|	3	2	0	2	3	0.38
11   16	|	1	0	0	0	0	1.00
11   17	|	2	0	0	0	0	1.00
11   18	|	1	0	0	0	0	1.00
11   22	|	3	3	3	1	1	0.38
11   23	|	1	0	1	1	2	0.20
11   24	|	2	2	0	0	1	0.67
11   32	|	4	8	6	0	10	0.20
11   33	|	1	2	0	0	0	1.00
11   34	|	29	32	22	1	24	0.38
11   35	|	5	3	0	1	5	0.45
11   36	|	16	13	12	1	7	0.44
11   37	|	3	3	1	1	7	0.25
11   38	|	0	0	0	0	1	0.00
11   39	|	2	1	0	0	2	0.50
11   40	|	7	12	6	2	14	0.24
11   41	|	29	36	28	8	35	0.29
11   42	|	4	9	5	2	10	0.19
11   43	|	4	2	3	2	3	0.33
11   44	|	0	3	2	0	2	0.00
11   48	|	3	3	1	0	2	0.50
11   49	|	0	0	1	0	0	0.00
11   52	|	0	0	1	0	1	0.00
11   53	|	0	0	1	1	3	0.00

12   1	|	27	37	15	0	16	0.47
12   2	|	1	0	0	0	0	1.00
12   3	|	52	60	26	1	21	0.52
12   5	|	0	1	0	0	0	 - 
12   6	|	0	1	1	0	0	0.00
12   7	|	23	20	16	3	16	0.40
12   8	|	0	0	0	0	1	0.00
12   9	|	8	13	8	0	2	0.44
12   11	|	1	1	3	0	0	0.25
12   12	|	8	3	2	2	7	0.42
12   13	|	2	3	1	1	0	0.50
12   14	|	0	1	1	0	0	0.00
12   15	|	0	0	0	1	1	0.00
12   22	|	2	1	1	0	1	0.50
12   24	|	0	0	1	0	0	0.00
12   32	|	1	2	5	1	3	0.10
12   33	|	0	1	1	0	1	0.00
12   34	|	21	14	6	1	15	0.49
12   35	|	0	3	2	0	3	0.00
12   36	|	9	6	2	2	3	0.56
12   37	|	0	1	0	0	1	0.00
12   38	|	2	1	0	0	0	1.00
12   39	|	1	1	0	0	0	1.00
12   40	|	5	2	2	0	4	0.45
12   41	|	13	14	5	3	10	0.42
12   42	|	0	2	1	1	4	0.00
12   43	|	1	0	0	0	1	0.50
12   44	|	1	0	3	0	0	0.25
12   49	|	0	0	1	0	1	0.00
12   53	|	0	1	0	0	1	0.00

13   1	|	5	9	3	3	2	0.38
13   2	|	0	1	1	0	0	0.00
13   3	|	16	7	12	0	8	0.44
13   7	|	3	9	6	1	8	0.17
13   9	|	3	3	3	0	3	0.33
13   11	|	2	1	0	0	0	1.00
13   12	|	3	4	2	1	2	0.38
13   13	|	0	2	2	0	2	0.00
13   14	|	1	0	0	1	0	0.50
13   15	|	0	1	0	0	0	 - 
13   22	|	0	0	1	0	0	0.00
13   23	|	0	0	1	0	0	0.00
13   32	|	2	2	2	0	3	0.29
13   33	|	1	0	0	0	0	1.00
13   34	|	1	6	5	1	10	0.06
13   35	|	0	0	1	0	3	0.00
13   36	|	2	1	2	2	3	0.22
13   37	|	1	0	0	1	0	0.50
13   39	|	1	0	0	0	0	1.00
13   40	|	2	1	1	0	2	0.40
13   41	|	3	6	3	0	13	0.16
13   42	|	0	1	0	1	3	0.00
13   43	|	0	1	0	1	3	0.00
13   44	|	0	0	0	0	1	0.00
13   48	|	0	0	0	0	2	0.00
13   49	|	0	0	0	1	0	0.00
13   53	|	0	0	1	0	0	0.00

14   1	|	3	4	6	0	4	0.23
14   2	|	0	0	0	0	1	0.00
14   3	|	9	11	2	0	5	0.56
14   5	|	1	0	0	0	0	1.00
14   7	|	1	2	5	0	2	0.13
14   9	|	1	2	1	0	1	0.33
14   12	|	3	3	1	0	2	0.50
14   13	|	0	0	0	1	1	0.00
14   14	|	2	1	0	0	1	0.67
14   15	|	0	0	0	0	2	0.00
14   24	|	0	0	0	0	2	0.00
14   32	|	3	0	4	0	1	0.38
14   34	|	2	4	7	1	8	0.11
14   35	|	0	0	1	0	1	0.00
14   37	|	0	0	1	0	0	0.00
14   39	|	1	0	0	0	0	1.00
14   40	|	1	2	2	0	3	0.17
14   41	|	5	4	3	4	4	0.31
14   42	|	0	0	1	1	5	0.00
14   43	|	0	0	0	1	1	0.00

15   1	|	7	2	2	0	1	0.70
15   2	|	0	0	0	0	1	0.00
15   3	|	4	3	1	0	1	0.67
15   7	|	0	0	1	0	1	0.00
15   9	|	0	0	1	0	2	0.00
15   14	|	0	1	0	0	0	 - 
15   22	|	0	0	1	0	0	0.00
15   30	|	0	0	0	0	1	0.00
15   34	|	0	0	0	1	1	0.00
15   40	|	0	1	0	0	0	 - 
15   41	|	1	2	0	0	0	1.00
15   42	|	0	1	0	0	1	0.00
15   53	|	0	0	0	0	1	0.00

16   1	|	6	3	3	0	3	0.50
16   2	|	0	2	1	0	1	0.00
16   3	|	8	17	10	2	5	0.32
16   4	|	1	5	2	0	1	0.25
16   5	|	0	0	0	2	0	0.00
16   6	|	0	1	1	0	0	0.00
16   7	|	10	4	6	1	17	0.29
16   8	|	1	4	0	0	1	0.50
16   9	|	1	3	3	1	4	0.11
16   10	|	0	2	0	1	5	0.00
16   11	|	0	0	0	0	1	0.00
16   12	|	4	6	3	3	5	0.27
16   13	|	3	5	12	5	11	0.10
16   14	|	3	3	1	0	0	0.75
16   15	|	1	1	2	0	6	0.11
16   16	|	0	0	0	0	1	0.00
16   22	|	1	0	1	2	1	0.20
16   23	|	0	4	5	2	7	0.00
16   24	|	0	1	0	1	1	0.00
16   30	|	0	1	0	0	1	0.00
16   32	|	3	1	2	0	2	0.43
16   33	|	2	0	0	0	0	1.00
16   34	|	6	14	6	0	14	0.23
16   35	|	3	3	8	1	4	0.19
16   36	|	2	2	2	1	8	0.15
16   37	|	7	10	4	4	10	0.28
16   38	|	0	1	1	0	0	0.00
16   39	|	1	1	1	0	0	0.50
16   40	|	6	1	7	0	10	0.26
16   41	|	7	14	19	10	30	0.11
16   42	|	14	14	13	8	26	0.23
16   43	|	1	4	4	1	3	0.11
16   44	|	0	1	0	0	2	0.00
16   48	|	3	2	4	2	4	0.23
16   49	|	0	0	0	0	1	0.00
16   52	|	1	1	1	0	0	0.50
16   53	|	0	0	5	1	7	0.00

17   1	|	1	1	0	0	1	0.50
17   3	|	1	1	2	0	0	0.33
17   7	|	0	0	1	0	1	0.00
17   12	|	1	0	0	0	0	1.00
17   13	|	1	0	0	1	3	0.20
17   14	|	0	1	0	0	0	 - 
17   15	|	1	0	0	1	1	0.33
17   22	|	1	0	0	1	0	0.50
17   23	|	1	0	0	0	0	1.00
17   32	|	0	2	0	0	1	0.00
17   34	|	2	1	1	0	1	0.50
17   35	|	0	0	1	0	2	0.00
17   37	|	0	1	0	0	2	0.00
17   40	|	1	0	0	0	1	0.50
17   41	|	0	0	2	0	5	0.00
17   42	|	2	1	1	0	1	0.50
17   48	|	0	0	0	0	1	0.00
17   49	|	0	0	0	0	1	0.00

18   1	|	2	2	0	0	0	1.00
18   3	|	2	4	5	0	0	0.29
18   6	|	0	1	0	0	0	 - 
18   7	|	2	0	1	0	1	0.50
18   12	|	1	1	1	0	0	0.50
18   22	|	0	0	0	1	0	0.00
18   24	|	0	0	0	1	0	0.00
18   32	|	0	0	0	1	0	0.00
18   33	|	0	1	0	0	0	 - 
18   34	|	2	0	4	0	0	0.33
18   36	|	1	1	0	0	0	1.00
18   37	|	1	1	0	0	0	1.00
18   39	|	0	0	1	0	0	0.00
18   41	|	2	2	1	0	1	0.50
18   43	|	0	0	1	0	0	0.00

20   1	|	2	0	1	0	0	0.67
20   2	|	1	0	0	0	0	1.00
20   3	|	2	3	2	0	0	0.50
20   7	|	0	0	0	0	3	0.00
20   8	|	0	0	1	0	0	0.00
20   9	|	0	1	0	0	1	0.00
20   10	|	1	0	0	0	0	1.00
20   12	|	1	0	2	0	2	0.20
20   15	|	1	0	0	0	0	1.00
20   22	|	0	1	0	0	0	 - 
20   23	|	0	0	0	0	1	0.00
20   31	|	0	1	0	0	0	 - 
20   32	|	1	0	0	0	0	1.00
20   33	|	0	1	0	0	0	 - 
20   36	|	0	0	0	0	1	0.00
20   37	|	1	0	0	0	1	0.50
20   40	|	0	0	0	0	2	0.00
20   41	|	0	1	1	0	1	0.00
20   42	|	1	0	0	0	0	1.00
20   48	|	1	0	0	0	1	0.50
20   53	|	0	0	2	0	0	0.00

21   1	|	14	4	4	0	6	0.58
21   2	|	1	1	0	0	0	1.00
21   3	|	20	10	10	0	11	0.49
21   7	|	3	2	4	1	6	0.21
21   8	|	0	1	0	0	0	 - 
21   9	|	8	9	6	0	2	0.50
21   12	|	13	4	4	0	5	0.59
21   13	|	1	1	1	0	1	0.33
21   14	|	0	1	1	0	0	0.00
21   15	|	1	1	0	0	2	0.33
21   18	|	0	0	1	0	0	0.00
21   22	|	2	0	1	0	0	0.67
21   30	|	0	1	0	0	0	 - 
21   31	|	3	3	2	0	4	0.33
21   32	|	0	1	1	0	5	0.00
21   33	|	1	0	1	0	0	0.50
21   34	|	4	3	2	0	4	0.40
21   35	|	2	0	2	0	1	0.40
21   36	|	7	1	6	0	4	0.41
21   37	|	2	1	0	1	1	0.50
21   38	|	2	1	0	0	0	1.00
21   40	|	4	3	3	0	5	0.33
21   41	|	8	2	6	0	15	0.28
21   42	|	1	0	2	0	5	0.13
21   43	|	1	1	0	1	1	0.33
21   44	|	0	0	0	0	1	0.00
21   48	|	0	1	0	0	0	 - 
21   52	|	0	0	0	0	1	0.00
21   53	|	0	1	0	0	2	0.00

22   1	|	1	2	1	0	0	0.50
22   3	|	5	2	4	0	4	0.38
22   5	|	0	0	1	0	2	0.00
22   6	|	0	0	1	0	0	0.00
22   7	|	2	0	0	0	4	0.33
22   8	|	0	0	0	0	2	0.00
22   9	|	5	2	4	0	1	0.50
22   10	|	0	0	1	0	0	0.00
22   11	|	1	0	0	0	0	1.00
22   12	|	5	2	6	1	4	0.31
22   13	|	0	2	0	0	4	0.00
22   14	|	0	0	4	0	0	0.00
22   15	|	0	0	0	0	3	0.00
22   18	|	0	1	0	0	1	0.00
22   22	|	0	0	0	0	3	0.00
22   23	|	0	0	1	0	1	0.00
22   31	|	0	1	2	1	1	0.00
22   32	|	1	1	2	0	0	0.33
22   33	|	0	0	0	1	0	0.00
22   34	|	3	1	0	0	2	0.60
22   35	|	3	0	1	3	1	0.38
22   36	|	0	0	1	0	1	0.00
22   39	|	0	1	0	1	1	0.00
22   40	|	2	1	2	0	1	0.40
22   41	|	5	2	3	1	8	0.29
22   42	|	3	3	5	1	12	0.14
22   43	|	1	0	1	0	2	0.25
22   48	|	0	0	2	1	2	0.00
22   49	|	1	1	1	0	2	0.25
22   52	|	0	0	0	1	1	0.00
22   53	|	0	0	1	0	3	0.00

23   1	|	7	1	3	0	2	0.58
23   3	|	8	3	5	0	3	0.50
23   6	|	0	1	0	0	0	 - 
23   7	|	3	4	4	0	5	0.25
23   9	|	1	2	1	0	6	0.13
23   10	|	0	0	0	0	1	0.00
23   11	|	1	0	1	0	0	0.50
23   12	|	7	2	1	0	7	0.47
23   13	|	0	2	0	0	2	0.00
23   14	|	0	0	1	0	1	0.00
23   15	|	1	2	1	0	1	0.33
23   16	|	0	0	1	0	0	0.00
23   18	|	1	0	0	0	0	1.00
23   22	|	0	0	0	0	2	0.00
23   28	|	0	0	0	0	1	0.00
23   31	|	2	0	1	0	1	0.50
23   32	|	1	0	0	1	0	0.50
23   34	|	2	2	4	0	5	0.18
23   35	|	0	0	0	0	1	0.00
23   36	|	0	1	1	0	1	0.00
23   37	|	3	0	0	1	2	0.50
23   40	|	4	2	1	1	3	0.44
23   41	|	3	6	8	3	14	0.11
23   42	|	0	0	0	0	3	0.00
23   48	|	1	0	0	0	0	1.00
23   53	|	1	0	1	0	1	0.33

24   1	|	2	2	2	0	0	0.50
24   2	|	1	0	0	0	0	1.00
24   3	|	1	3	3	1	3	0.13
24   7	|	1	0	1	0	4	0.17
24   8	|	1	0	0	0	0	1.00
24   9	|	0	0	0	0	1	0.00
24   12	|	3	0	2	0	0	0.60
24   13	|	2	0	0	0	0	1.00
24   15	|	0	0	0	0	1	0.00
24   17	|	0	1	0	0	0	 - 
24   22	|	1	1	0	0	2	0.33
24   23	|	0	0	0	0	1	0.00
24   24	|	0	0	0	0	1	0.00
24   32	|	0	0	0	0	1	0.00
24   34	|	2	1	0	0	3	0.40
24   35	|	0	0	0	0	1	0.00
24   36	|	0	1	1	0	2	0.00
24   37	|	1	0	0	0	0	1.00
24   40	|	2	0	1	0	1	0.50
24   41	|	2	1	1	0	4	0.29
24   42	|	1	0	0	0	0	1.00
24   43	|	0	1	0	0	0	 - 

25   1	|	1	1	1	0	1	0.33
25   2	|	0	0	0	0	1	0.00
25   3	|	2	0	0	0	2	0.50
25   7	|	2	0	0	0	0	1.00
25   9	|	0	0	2	0	0	0.00
25   12	|	2	0	0	0	0	1.00
25   14	|	0	0	0	0	1	0.00
25   23	|	1	1	0	0	0	1.00
25   37	|	0	0	0	0	1	0.00
25   40	|	1	0	0	0	0	1.00
25   41	|	0	0	0	1	0	0.00
25   42	|	3	0	0	0	2	0.60
25   48	|	0	0	0	0	1	0.00
25   50	|	0	1	0	0	0	 - 
25   52	|	1	0	0	0	0	1.00
25   53	|	0	0	0	0	1	0.00

26   1	|	1	1	0	0	0	1.00
26   3	|	2	1	1	0	1	0.50
26   7	|	0	1	0	0	0	 - 
26   9	|	1	0	0	0	0	1.00
26   12	|	1	0	0	1	0	0.50
26   13	|	0	0	0	0	1	0.00
26   15	|	0	0	1	0	0	0.00
26   17	|	0	0	0	1	0	0.00
26   23	|	0	0	1	0	0	0.00
26   24	|	0	0	1	0	0	0.00
26   29	|	0	0	0	0	1	0.00
26   34	|	0	0	0	0	1	0.00
26   40	|	0	1	0	0	0	 - 
26   41	|	0	0	1	1	1	0.00
26   42	|	0	1	1	0	1	0.00
26   44	|	0	0	0	0	1	0.00
26   48	|	0	0	0	1	0	0.00
26   53	|	0	0	0	0	1	0.00

30   1	|	3	0	3	0	2	0.38
30   2	|	0	0	0	0	1	0.00
30   3	|	4	2	4	0	6	0.29
30   4	|	0	1	0	0	0	 - 
30   7	|	4	1	1	0	1	0.67
30   8	|	0	0	0	0	1	0.00
30   9	|	6	2	2	0	1	0.67
30   11	|	0	1	0	0	0	 - 
30   12	|	0	1	1	0	4	0.00
30   14	|	0	0	1	0	0	0.00
30   15	|	1	0	0	0	0	1.00
30   19	|	0	2	3	0	2	0.00
30   21	|	1	0	0	0	1	0.50
30   26	|	0	1	0	0	0	 - 
30   27	|	0	0	0	1	0	0.00
30   32	|	1	0	1	0	2	0.25
30   34	|	1	0	0	0	0	1.00
30   35	|	0	0	0	0	1	0.00
30   36	|	2	0	0	0	0	1.00
30   38	|	0	1	1	0	0	0.00
30   40	|	0	1	0	0	0	 - 
30   41	|	1	2	0	0	2	0.33
30   43	|	1	1	1	0	1	0.33
30   45	|	0	1	0	1	2	0.00
30   46	|	0	0	0	0	1	0.00

31   1	|	3	2	2	0	4	0.33
31   2	|	0	0	1	0	0	0.00
31   3	|	11	2	5	0	7	0.48
31   6	|	0	1	0	0	0	 - 
31   7	|	2	1	2	0	1	0.40
31   9	|	3	4	5	0	4	0.25
31   12	|	1	1	0	0	2	0.33
31   13	|	0	0	1	0	1	0.00
31   14	|	1	0	0	0	0	1.00
31   18	|	0	0	0	0	1	0.00
31   19	|	4	2	3	0	1	0.50
31   20	|	0	0	1	0	1	0.00
31   22	|	1	0	0	0	1	0.50
31   23	|	0	1	0	0	0	 - 
31   24	|	1	0	0	0	0	1.00
31   25	|	1	2	0	0	0	1.00
31   26	|	0	1	0	0	0	 - 
31   27	|	0	1	0	0	0	 - 
31   32	|	0	1	0	0	0	 - 
31   34	|	1	1	1	0	1	0.33
31   36	|	3	3	1	0	1	0.60
31   38	|	1	0	0	0	0	1.00
31   39	|	0	0	0	0	1	0.00
31   40	|	0	0	1	0	1	0.00
31   41	|	3	0	0	0	1	0.75
31   45	|	0	5	1	0	2	0.00
31   46	|	0	1	0	0	0	 - 
31   48	|	0	1	0	0	0	 - 
31   50	|	0	1	0	0	0	 - 
31   51	|	1	1	0	0	0	1.00
31   53	|	0	1	0	0	0	 - 

32   1	|	4	0	0	0	3	0.57
32   2	|	1	0	0	0	0	1.00
32   3	|	4	5	3	0	3	0.40
32   7	|	2	1	4	1	0	0.29
32   9	|	2	1	2	0	1	0.40
32   11	|	1	1	1	0	0	0.50
32   12	|	1	0	2	0	0	0.33
32   14	|	0	1	0	0	0	 - 
32   18	|	0	1	0	0	0	 - 
32   19	|	1	2	1	0	1	0.33
32   20	|	0	0	0	0	1	0.00
32   21	|	0	1	0	0	0	 - 
32   22	|	0	0	0	0	1	0.00
32   32	|	3	0	0	0	0	1.00
32   34	|	0	1	2	0	1	0.00
32   36	|	3	2	0	0	1	0.75
32   38	|	1	0	0	0	0	1.00
32   39	|	1	0	0	0	0	1.00
32   40	|	0	2	1	0	1	0.00
32   41	|	1	4	1	0	1	0.33
32   43	|	0	1	0	0	0	 - 
32   45	|	0	2	1	0	1	0.00
32   48	|	1	0	0	0	0	1.00
32   51	|	0	0	0	0	1	0.00
32   53	|	0	1	0	0	1	0.00

33   1	|	1	0	0	0	0	1.00
33   3	|	2	2	0	0	2	0.50
33   7	|	0	0	0	0	2	0.00
33   9	|	2	1	0	0	0	1.00
33   13	|	0	0	0	0	1	0.00
33   19	|	0	0	1	0	0	0.00
33   21	|	0	1	0	0	0	 - 
33   32	|	1	0	0	0	0	1.00
33   34	|	1	0	1	0	0	0.50
33   36	|	0	2	0	0	0	 - 
33   41	|	1	1	0	0	1	0.50
33   45	|	1	0	0	0	0	1.00
33   46	|	0	0	0	0	2	0.00
33   47	|	0	0	0	0	1	0.00
33   51	|	0	0	0	0	1	0.00

34   1	|	1	0	0	0	0	1.00
34   19	|	1	0	1	0	0	0.50
34   41	|	0	1	0	0	0	 - 
34   45	|	0	0	1	0	1	0.00

35   3	|	1	0	1	0	1	0.33
35   7	|	1	0	0	0	1	0.50
35   9	|	1	3	0	0	0	1.00
35   12	|	0	2	1	0	0	0.00
35   14	|	0	0	0	0	1	0.00
35   19	|	2	3	0	0	3	0.40
35   25	|	0	0	3	0	0	0.00
35   32	|	0	0	1	0	0	0.00
35   40	|	0	0	2	0	0	0.00
35   41	|	1	2	0	0	0	1.00
35   42	|	0	0	1	0	0	0.00
35   45	|	1	1	1	0	3	0.20
35   46	|	0	0	0	0	1	0.00
35   51	|	0	0	0	0	1	0.00
35   53	|	0	0	0	0	2	0.00

36   1	|	0	1	0	0	0	 - 
36   3	|	0	0	0	0	1	0.00
36   7	|	1	0	1	0	0	0.50
36   12	|	0	0	1	0	0	0.00
36   13	|	0	0	0	0	1	0.00
36   19	|	0	0	0	0	1	0.00
36   25	|	0	0	0	0	1	0.00
36   35	|	0	0	0	0	1	0.00
36   40	|	0	0	1	0	0	0.00
36   41	|	0	0	1	0	0	0.00
36   45	|	0	0	0	0	1	0.00

37   1	|	0	1	0	0	0	 - 
37   3	|	0	1	0	0	0	 - 
37   7	|	1	0	0	0	0	1.00
37   12	|	1	0	1	0	0	0.50
37   13	|	0	0	0	0	1	0.00
37   19	|	0	0	2	0	1	0.00
37   25	|	0	1	0	0	1	0.00
37   34	|	0	0	0	1	0	0.00
37   37	|	0	0	0	0	1	0.00
37   41	|	0	0	0	0	1	0.00
37   42	|	0	0	0	0	2	0.00
37   45	|	1	1	3	3	10	0.06
37   46	|	0	0	0	0	1	0.00
37   47	|	0	0	0	0	1	0.00
37   48	|	0	0	0	0	1	0.00
37   49	|	0	0	0	0	1	0.00
37   51	|	0	0	2	0	4	0.00
37   53	|	0	0	0	0	1	0.00

38   3	|	0	1	0	0	0	 - 
38   19	|	0	0	0	0	1	0.00
38   36	|	0	0	0	0	1	0.00

39   7	|	0	0	1	0	0	0.00
39   14	|	0	1	0	0	0	 - 
39   26	|	1	0	0	0	0	1.00
39   45	|	1	0	0	0	0	1.00
39   51	|	0	0	0	0	1	0.00

40   1	|	2	3	0	0	3	0.40
40   3	|	0	1	1	0	2	0.00
40   7	|	4	4	3	0	2	0.44
40   9	|	2	1	0	0	1	0.67
40   11	|	0	0	0	0	1	0.00
40   12	|	3	0	0	0	1	0.75
40   14	|	1	0	0	0	0	1.00
40   22	|	0	2	1	0	1	0.00
40   32	|	0	0	1	0	0	0.00
40   34	|	0	3	1	0	0	0.00
40   36	|	0	0	1	0	0	0.00
40   37	|	1	0	1	0	0	0.50
40   40	|	4	0	1	0	2	0.57
40   41	|	1	0	3	2	2	0.13

41   1	|	0	1	2	0	2	0.00
41   3	|	3	0	0	0	3	0.50
41   6	|	0	0	0	0	1	0.00
41   7	|	7	11	6	0	1	0.50
41   9	|	1	6	2	0	2	0.20
41   11	|	0	4	1	0	0	0.00
41   36	|	2	2	1	0	2	0.40
41   38	|	0	0	1	0	0	0.00
41   40	|	1	2	2	1	5	0.11
41   44	|	1	0	0	0	0	1.00

42   1	|	3	2	1	0	1	0.60
42   3	|	4	0	1	0	2	0.57
42   7	|	6	4	4	0	3	0.46
42   8	|	0	1	0	0	0	 - 
42   9	|	0	1	2	0	1	0.00
42   32	|	1	1	2	0	0	0.33
42   36	|	0	2	1	0	0	0.00
42   40	|	0	2	1	0	3	0.00

43   3	|	0	0	0	0	1	0.00
43   9	|	0	1	0	0	0	 - 

44   3	|	0	2	0	0	0	 - 
44   4	|	0	1	0	0	0	 - 
44   9	|	0	0	1	0	0	0.00
44   35	|	0	0	1	0	0	0.00
44   37	|	0	0	1	0	0	0.00
44   48	|	0	0	0	0	1	0.00

45   9	|	0	1	0	0	0	 - 
45   41	|	2	0	0	0	0	1.00

46   1	|	2	1	0	0	0	1.00
46   37	|	0	0	0	0	1	0.00

47   3	|	1	1	0	0	0	1.00
47   7	|	0	0	0	0	1	0.00
47   35	|	0	1	0	0	0	 - 
47   42	|	0	0	0	0	1	0.00

48   3	|	0	1	0	0	0	 - 
48   7	|	0	1	0	0	0	 - 
48   22	|	0	1	0	0	0	 - 
48   41	|	1	0	0	0	0	1.00

50   1	|	7	3	2	0	5	0.50
50   3	|	5	6	5	0	3	0.38
50   5	|	0	1	0	0	0	 - 
50   6	|	1	0	0	0	0	1.00
50   7	|	1	5	4	1	3	0.11
50   9	|	8	0	1	0	1	0.80
50   12	|	1	1	2	0	3	0.17
50   14	|	0	0	1	1	2	0.00
50   29	|	0	1	0	0	0	 - 
50   30	|	0	0	1	0	0	0.00
50   32	|	2	1	0	0	1	0.67
50   34	|	1	1	2	0	1	0.25
50   36	|	4	3	0	0	0	1.00
50   38	|	0	2	0	0	0	 - 
50   40	|	0	0	1	0	1	0.00
50   43	|	1	0	0	0	0	1.00
50   44	|	1	0	1	0	0	0.50

51   1	|	9	13	6	0	5	0.45
51   2	|	0	0	1	0	0	0.00
51   3	|	15	15	13	1	15	0.34
51   9	|	9	8	3	1	5	0.50
51   14	|	0	3	0	0	2	0.00
51   29	|	0	0	0	0	1	0.00
51   33	|	0	1	0	0	1	0.00

52   1	|	8	3	6	0	5	0.42
52   3	|	5	7	7	1	1	0.36
52   5	|	1	0	0	0	0	1.00
52   9	|	2	3	2	0	1	0.40
52   10	|	0	1	0	0	0	 - 
52   11	|	0	1	1	0	0	0.00
52   44	|	0	0	0	0	1	0.00

53   1	|	2	3	0	0	0	1.00
53   36	|	0	2	1	0	1	0.00

54   1	|	1	1	1	0	2	0.25

55   1	|	0	0	1	0	0	0.00
55   3	|	1	0	0	0	0	1.00
55   7	|	0	0	0	0	1	0.00
55   9	|	0	0	1	0	0	0.00
55   34	|	0	1	0	0	0	 - 



58   1	|	1	1	0	0	0	1.00
58   3	|	2	1	1	0	0	0.67

60   3	|	0	0	1	0	0	0.00
60   43	|	0	1	0	0	0	 - 

61   15	|	1	0	0	0	0	1.00
61   34	|	0	1	0	0	0	 - 
61   41	|	1	1	0	0	0	1.00

71   12	|	1	0	0	0	0	1.00
71   36	|	0	1	0	0	0	 - 
71   49	|	0	0	0	0	1	0.00

72   12	|	0	0	1	0	0	0.00
72   36	|	0	0	1	0	0	0.00
72   41	|	0	0	0	0	1	0.00

80   1	|	0	1	0	0	0	 - 
80   3	|	0	1	0	0	3	0.00
80   7	|	2	0	0	0	0	1.00
80   9	|	0	0	2	0	2	0.00
80   12	|	1	0	0	0	0	1.00
80   13	|	0	0	1	0	0	0.00
80   21	|	0	1	0	0	0	 - 
80   22	|	1	0	0	0	0	1.00
80   25	|	0	0	1	0	0	0.00
80   34	|	1	0	0	0	0	1.00
80   40	|	0	0	1	0	0	0.00
80   41	|	1	0	0	0	0	1.00
80   45	|	0	0	1	0	0	0.00
80   51	|	1	0	0	0	0	1.00

81   3	|	0	1	0	0	0	 - 
81   34	|	1	0	0	0	0	1.00

82   1	|	0	0	1	0	0	0.00
82   3	|	1	1	0	1	0	0.50
82   9	|	1	0	0	0	0	1.00
82   12	|	0	1	0	0	0	 - 
82   14	|	2	0	0	0	0	1.00
82   22	|	0	0	0	0	1	0.00
82   32	|	0	0	1	0	0	0.00
82   34	|	0	0	1	1	0	0.00
82   37	|	0	0	0	0	1	0.00
82   50	|	1	0	0	0	0	1.00
82   51	|	0	0	0	0	1	0.00

83   3	|	0	1	0	0	0	 - 
83   7	|	0	1	0	0	0	 - 
83   12	|	0	0	1	0	0	0.00
83   48	|	0	0	1	0	0	0.00

84   3	|	1	0	0	0	0	1.00
84   9	|	1	1	0	0	1	0.50

86   12	|	0	1	1	0	0	0.00
86   37	|	1	0	0	0	0	1.00
86   46	|	0	0	0	0	1	0.00

