0.0 - 0.2	0.00000
0.2 - 0.3	0.82236
0.3 - 0.4	0.96223
0.4 - 0.5	0.99167
0.5 - 0.6	1.00634
0.6 - 0.7	1.00512
0.7 - 0.8	1.00231
0.8 - 0.9	0.99799
0.9 - 1.0	0.99411
1.0 - 1.1	0.99391
1.1 - 1.2	1.00194
1.2 - 1.3	1.00995
1.3 - 1.4	1.01136
1.4 - 1.5	1.01433
1.5 - 1.6	1.01957
1.6 - 1.7	1.01774
1.7 - 1.8	1.01884
1.8 - 1.9	1.02012
1.9 - 2.0	1.01994
2.0 - 2.1	1.01721
2.1 - 2.2	1.01680
2.2 - 2.3	1.01798
2.3 - 2.4	1.01261
2.4 - 2.5	1.00979
2.5 - 2.6	1.01120
2.6 - 2.7	1.00763
2.7 - 2.8	1.00804
2.8 - 2.9	1.00703
2.9 - 3.0	1.00797
3.0 - 3.1	1.01622
3.1 - 3.2	1.01523
3.2 - 3.3	1.01618
3.3 - 3.4	1.01392
3.4 - 3.5	1.01523
3.5 - 3.6	1.01677
3.6 - 3.7	1.01219
3.7 - 3.8	1.00982
3.8 - 3.9	1.00792
3.9 - 4.0	1.00559
4.0 - 4.1	1.00157
4.1 - 4.2	1.00276
4.2 - 4.3	1.00148
4.3 - 4.4	1.00067
4.4 - 4.5	1.00160
4.5 - 4.8	1.00052
4.8 - 5.5	1.00216
5.5 - 10.0	0.98645
