0.01018 0.05701 0.02033 0.02082 0.02323 0.03603 0.01152 0.04379 0.06455 0.13820 
0.03488 0.06001 0.01870 0.00591 0.00535 0.03342 0.01628 0.05714 0.02111 0.01925 
0.01374 0.07509 0.02699 0.02878 0.03015 0.04738 0.01570 0.06037 0.08334 0.16691 
0.04402 0.07979 0.01491 0.02474 0.00770 0.00558 0.04477 0.02483 0.07257 0.00708 
0.02839 0.24990 0.01880 0.49229 0.01824 0.02013 0.01410 0.25815 0.01302 0.24233 
0.01818 0.01654 0.30032 0.24063 0.08106 0.09535 0.00454 0.00613 0.03240 0.45069 
0.27933 0.03152 0.01517 0.07319 0.01194 0.23515 0.06931 0.25009 0.15788 0.01778 
0.02898 0.24761 0.98599 0.42327 0.09310 0.02108 0.45806 0.03453 0.99627 0.03704 
0.05893 0.02934 0.65268 0.03665 0.59205 0.04536 0.03139 0.99362 0.84534 0.25156 
0.36052 0.01243 0.02026 0.12779 0.06739 0.23446 0.03061 0.74147 0.20826 0.75547 
0.55762 0.04206 0.10720 0.90317 3.31186 1.75787 0.39789 0.07665 0.36424 0.02513 
0.75939 0.02363 0.04017 0.01935 0.50858 0.02369 0.46380 0.03293 0.02382 0.84002 
0.76533 0.24977 0.31122 0.00963 0.01870 0.05763 0.16293 0.02131 0.58092 0.18196 
0.62188 0.51295 0.03707 0.11777 0.74875 2.75391 0.49950 0.05864 0.10462 0.00868 
0.28008 0.01733 0.04082 0.01420 0.27180 0.02307 0.30815 0.01361 0.64253 0.20017 
0.01224 0.01880 0.11160 0.02431 0.37234 0.20177 0.47581 0.03629 0.65767 2.20230 
0.06882 0.07365 0.00503 0.22112 0.01149 0.03364 0.01070 0.23554 0.26951 0.03926 
0.01113 0.66883 0.18666 0.00953 0.12071 0.02102 0.36261 0.46557 0.03368 2.20106 
0.06615 0.01707 0.00189 0.03694 0.00153 0.00098 0.01765 0.01426 0.00098 0.01912 
0.01051 0.00516 0.00463 0.02526 0.00522 0.00069 0.01798 0.00310 0.01540 0.01012 
0.01615 0.05975 0.01870 0.00457 0.00163 0.06471 0.01198 0.23270 0.04069 0.06993 
0.01230 0.31611 0.06301 0.42928 0.10015 0.01067 0.91586 1.42261 0.25502 0.50045 
0.13112 0.05166 0.43678 0.35520 0.68557 0.98276 0.03877 0.14029 0.93136 3.27528 
2.66460 0.07430 0.00950 0.00095 0.02356 0.00268 0.00369 0.02102 0.00499 0.02470 
0.00591 0.00082 0.04105 0.06856 0.01214 0.02196 0.17530 0.00718 0.00385 0.02519 
0.01873 0.03214 0.04836 0.00206 0.00627 0.03997 0.15154 0.11085 0.01759 0.03515 
0.04249 0.01805 0.00179 0.03691 0.00104 0.00114 0.02056 0.01857 0.00131 0.02558 
0.01573 0.00666 0.03701 0.00623 0.01876 0.00408 0.01935 0.01136 0.00160 0.00206 
0.02036 0.07786 0.03260 0.00813 0.00179 0.01429 0.02513 0.00144 0.05365 0.00189 
0.00705 0.00352 0.04203 0.05593 0.00503 0.00202 0.10948 0.02604 0.04852 0.00264 
0.02310 0.02033 0.01834 0.00352 0.04758 0.06726 0.08080 0.00643 0.01792 0.09059 
0.33181 0.29705 0.06327 0.00848 0.22872 0.01397 0.43858 0.01191 0.03250 0.02438 
0.27630 0.01194 0.34333 0.02134 0.01775 0.59411 0.32326 0.10635 0.20310 0.00617 
0.01005 0.09617 0.88561 0.02297 0.10064 0.12903 0.11144 0.01227 0.28668 0.10263 
0.34101 0.31376 0.03319 0.08693 0.46188 1.44114 0.29532 0.03890 0.07388 0.00666 
0.28801 0.02226 0.09786 0.02529 0.41903 0.04102 0.60425 0.02026 1.83541 0.02793 
0.52806 0.25274 0.05238 0.67474 0.10031 0.14936 0.01126 0.57407 0.03616 0.09584 
0.02757 0.71556 0.05854 0.88183 0.03485 1.77569 0.03590 0.47209 0.29833 1.03735 
0.07789 0.06021 0.00499 0.25659 0.02079 0.05642 0.01576 0.43561 0.47320 0.01788 
0.97855 0.11000 0.14786 0.04565 0.07160 0.01880 0.00127 0.03919 0.00166 0.00509 
0.00193 0.02470 0.03306 0.00124 0.06690 0.03772 0.00976 0.03032 0.00131 0.10077 
0.01557 0.03077 0.01694 0.04011 0.05515 0.00359 0.01064 0.04993 0.16757 0.19687 
0.04007 0.01902 0.00124 0.06171 0.00424 0.01495 0.07483 0.08481 0.01008 0.00310 
0.22138 0.04999 0.00656 0.12058 0.16845 0.01113 0.05280 0.21446 0.71648 0.04931 
0.00274 0.07652 0.00153 0.00343 0.00379 0.04862 0.00114 0.06941 0.00424 0.04872 
0.01560 0.00989 0.00937 0.18884 0.02020 0.01106 0.04761 0.03051 0.07861 0.00127 
0.01387 0.03260 0.00512 0.03469 0.01034 0.00343 0.00274 0.03456 0.11385 0.02209 
0.00770 0.00287 0.22960 0.01217 0.04702 0.08889 0.00414 0.12322 0.00268 0.00636 
0.00633 0.08435 0.00219 0.12116 0.00303 0.00790 0.10654 0.04141 0.02062 0.02539 
0.01005 0.47454 0.04764 0.02330 0.13621 0.22102 0.04931 0.00421 0.02314 0.06184 
0.01113 0.07277 0.02780 0.00538 0.00946 0.07535 0.26422 0.02108 0.00659 0.70936 
0.14342 0.03240 0.02832 0.07156 0.00333 0.10876 0.00232 0.00476 0.00529 0.07081 
0.09587 0.00594 0.08677 0.03439 0.01733 0.02036 0.00819 0.44595 0.04882 0.01899 
0.08964 0.05936 0.15526 0.05153 0.03162 0.01811 0.05198 0.01149 0.05685 0.02323 
0.00483 0.00770 0.06249 0.22340 0.02663 0.00532 0.03743 0.01991 0.00111 0.03087 
0.00082 0.00127 0.02206 0.03074 0.00153 0.03684 0.02040 0.00891 0.01113 0.23332 
0.00992 0.05734 0.02030 0.00783 0.02053 0.02180 0.01423 0.00434 0.02624 0.10550 
0.00232 0.02350 0.00144 0.00493 0.00209 0.00966 0.00591 0.00294 0.08292 0.00538 
0.00711 0.03727 0.00786 0.01325 0.00036 0.00065 0.03312 0.01544 0.00144 0.06546 
0.03616 0.01544 0.01814 0.00796 0.45095 0.02059 0.12218 0.00881 0.03067 0.00956 
0.02026 0.02451 0.00509 0.04007 0.19501 0.03906 0.00372 0.05459 0.00444 0.00033 
0.01720 0.00359 0.06951 0.00480 0.05998 0.01044 0.01185 0.00189 0.00715 0.03674 
0.03250 0.01423 0.01292 0.00271 0.01485 0.04611 0.03978 0.00091 0.00124 0.00349 
0.00212 0.01077 0.03606 0.01599 0.00098 0.02288 0.00003 0.00088 0.00065 0.04448 
0.01938 0.00157 0.03736 0.01576 0.00069 0.06190 0.00212 0.00826 0.02529 0.01756 
0.00003 0.03253 0.11624 0.02937 0.00153 0.04458 0.00206 0.09724 0.04268 0.00395 
0.05574 0.00307 0.11914 0.00904 0.02464 0.00144 0.03528 0.08318 0.00010 0.03844 
0.00336 0.02007 0.05430 0.00317 0.12286 0.00747 0.00036 0.01384 0.02072 0.00013 
0.00398 0.01103 0.00007 0.02004 0.00075 0.00013 0.00160 0.00160 0.00166 0.00003 
0.00007 0.00042 0.00405 0.00124 0.00131 0.00069 0.00078 0.00016 0.00124 0.00179 
0.00007 0.00166 0.00401 0.00131 0.00042 0.05720 0.00359 0.08445 0.00398 0.00228 
0.06409 0.06817 0.00010 0.07300 0.02584 0.01521 0.05042 0.04875 0.00261 0.06827 
0.01452 0.00023 0.11744 0.00617 0.24079 0.24213 0.01857 0.01429 0.15729 0.08497 
0.00486 0.16212 0.01579 0.19922 0.01181 0.01912 0.03012 0.02722 0.00819 0.23293 
0.02118 0.00470 0.00689 0.00503 0.00551 0.00013 0.00238 0.00003 0.00414 0.00718 
0.00062 0.00026 0.00010 0.00111 0.00088 0.00326 0.00196 0.01119 0.01583 0.00499 
0.01194 0.00127 0.00888 0.00627 0.02268 0.12198 0.02797 0.00189 0.00176 0.00287 
0.00179 0.00372 0.00551 0.01609 0.00813 0.00904 0.00235 0.00069 0.00737 0.01025 
0.01139 0.00245 0.06086 0.05169 0.01240 0.00822 0.00904 0.04843 0.00548 0.01061 
0.01390 0.02372 0.07244 0.00042 0.00075 0.01119 0.00558 0.00689 0.04484 0.02542 
0.01423 0.02160 0.00075 0.01730 0.02167 0.03404 0.02650 0.00835 0.01031 0.04187 
0.01165 0.00565 0.01834 0.01942 0.00150 0.02470 0.11428 0.00173 0.00375 0.00656 
0.00356 0.00522 0.00033 0.00375 0.01335 0.00343 0.00682 0.00078 0.00241 0.00284 
0.00020 0.00215 0.00832 0.01661 0.01106 0.01720 0.00085 0.00176 0.00065 0.01576 
0.02069 0.00117 0.03351 0.00809 0.01243 0.22618 0.00943 0.00493 0.01537 0.01798 
0.01622 0.02310 0.10103 0.01847 0.00255 0.02382 0.00193 0.00317 0.00189 0.00277 
0.00255 0.00920 0.00101 0.00114 0.00153 0.00636 0.01615 0.01237 0.00414 0.00545 
0.00372 0.00519 0.00365 0.00157 0.01397 0.00636 0.00241 0.00274 0.00284 0.00907 
0.01716 0.00039 0.00193 0.00985 0.00747 0.01863 